Maschi_Da 0 a 29 anni,Maschi_Da 30 a 54 anni,Maschi_Più di 54 anni,Femmine_Da 0 a 29 anni,Femmine_Da 30 a 54 anni,Femmine_Più di 54 anni,Totale_Da 0 a 29 anni,Totale_Da 30 a 54 anni,Totale_Più di 54 anni,Comune
292,336,77,255,315,59,547,651,136,Agrigento
1880,1617,236,1927,1905,341,3807,3522,577,Alessandria
2353,2271,276,2393,2652,576,4746,4923,852,Ancona
518,483,76,601,751,160,1119,1234,236,Aosta
2096,2021,196,2047,2396,428,4143,4417,624,Arezzo
355,333,48,444,676,130,799,1009,178,Ascoli Piceno
1677,1483,245,1751,1682,363,3428,3165,608,Asti
108,95,18,136,517,133,244,612,151,Avellino
1157,1296,186,1166,2179,419,2323,3475,605,Bari
333,376,56,407,573,161,740,949,217,Belluno
117,128,19,162,472,139,279,600,158,Benevento
3270,3340,359,3373,4157,641,6643,7497,1000,Bergamo
576,547,109,616,840,203,1192,1387,312,Biella
8688,9804,1129,9030,12240,2584,17718,22044,3713,Bologna
7205,7116,653,6960,7906,1246,14165,15022,1899,Brescia
222,247,103,256,430,134,478,677,237,Brindisi
785,1032,145,818,1399,338,1603,2431,483,Cagliari
360,303,40,362,464,43,722,767,83,Caltanissetta
129,115,9,175,219,38,304,334,47,Campobasso
302,401,70,313,1123,262,615,1524,332,Caserta
1248,1794,233,1247,2099,293,2495,3893,526,Catania
258,240,26,313,643,110,571,883,136,Catanzaro
289,234,63,293,438,123,582,672,186,Chieti
1963,2025,264,2087,2484,462,4050,4509,726,Como
551,541,65,606,1004,199,1157,1545,264,Cosenza
1694,1560,177,1767,1713,291,3461,3273,468,Cremona
193,184,18,235,384,66,428,568,84,Crotone
1080,952,127,1070,1118,195,2150,2070,322,Cuneo
95,86,8,117,187,31,212,273,39,Enna
250,238,36,244,374,69,494,612,105,Fermo
1654,1524,177,1682,2384,589,3336,3908,766,Ferrara
8073,9155,1460,8179,12622,2619,16252,21777,4079,Firenze
372,408,30,456,726,132,828,1134,162,Foggia
608,457,71,599,709,141,1207,1166,212,Frosinone
9354,8861,1400,9750,12383,2528,19104,21244,3928,Genova
604,689,113,616,696,159,1220,1385,272,Gorizia
843,755,106,895,1357,291,1738,2112,397,Grosseto
1064,960,155,1030,1048,256,2094,2008,411,Imperia
94,93,11,100,184,38,194,277,49,Isernia
179,219,18,189,406,60,368,625,78,L'Aquila
1910,1719,222,1998,2250,400,3908,3969,622,La Spezia
892,911,83,904,1303,167,1796,2214,250,Latina
657,805,154,676,992,205,1333,1797,359,Lecce
813,808,90,820,914,188,1633,1722,278,Lecco
1677,1881,307,1721,2620,604,3398,4501,911,Livorno
1074,1040,106,1142,1116,152,2216,2156,258,Lodi
1348,1342,226,1299,1897,396,2647,3239,622,Lucca
752,648,80,752,809,158,1504,1457,238,Macerata
774,855,117,804,1166,247,1578,2021,364,Mantova
279,231,32,308,509,73,587,740,105,Matera
1943,2682,672,1777,2813,615,3720,5495,1287,Messina
34406,41910,5566,33537,51149,8873,67943,93059,14439,Milano
5014,5026,542,4906,6082,1189,9920,11108,1731,Modena
4856,6982,814,5217,11167,2402,10073,18149,3216,Napoli
2546,2548,323,2459,2739,587,5005,5287,910,Novara
77,116,25,88,196,35,165,312,60,Nuoro
77,85,18,90,151,18,167,236,36,Oristano
5581,6137,625,5685,7278,1195,11266,13415,1820,Padova
3944,5353,495,3744,5233,724,7688,10586,1219,Palermo
3754,3593,426,4054,5082,958,7808,8675,1384,Parma
1157,1123,118,1295,1531,295,2452,2654,413,Pavia
3241,2895,366,3326,4437,853,6567,7332,1219,Perugia
702,785,134,728,1433,371,1430,2218,505,Pescara
3457,3347,414,3433,3558,691,6890,6905,1105,Piacenza
1470,1585,237,1548,2010,490,3018,3595,727,Pisa
1476,1156,274,1419,1656,387,2895,2812,661,Pistoia
1721,1730,222,1706,1937,375,3427,3667,597,Pordenone
96,92,8,144,285,48,240,377,56,Potenza
6959,6240,620,6874,6620,903,13833,12860,1523,Prato
426,346,40,458,532,73,884,878,113,Ragusa
1624,1578,291,1646,2158,574,3270,3736,865,Ravenna
275,247,36,301,504,115,576,751,151,Rieti
2277,2458,466,2561,3561,883,4838,6019,1349,Rimini
38787,47154,6145,34110,61352,13285,72897,108506,19430,Roma
708,595,60,679,824,184,1387,1419,244,Rovigo
388,444,68,430,1331,356,818,1775,424,Salerno
402,498,69,383,644,147,785,1142,216,Sassari
1153,937,194,1059,1264,381,2212,2201,575,Savona
530,480,76,547,1036,269,1077,1516,345,Siena
514,604,54,411,727,121,925,1331,175,Siracusa
341,282,38,398,358,95,739,640,133,Sondrio
219,201,41,281,671,131,500,872,172,Taranto
370,353,64,397,553,140,767,906,204,Teramo
2063,1801,213,2121,2908,599,4184,4709,812,Terni
23706,25689,2648,24231,29992,4189,47937,55681,6837,Torino
261,242,37,277,375,42,538,617,79,Trapani
2307,1940,277,2144,2507,572,4451,4447,849,Trento
2060,2076,213,2033,2481,420,4093,4557,633,Treviso
3239,3428,850,3079,3823,1170,6318,7251,2020,Trieste
2871,2890,349,2928,3251,776,5799,6141,1125,Udine
1860,1750,251,1821,2183,476,3681,3933,727,Varese
469,684,164,517,1304,366,986,1988,530,Venezia
992,946,154,1052,1113,219,2044,2059,373,Vercelli
6013,6949,669,6174,7487,1117,12187,14436,1786,Verona
99,117,14,131,242,40,230,359,54,Vibo Valentia
3487,3830,438,3511,4135,649,6998,7965,1087,Vicenza
625,656,67,671,981,169,1296,1637,236,Viterbo
2,1,0,3,12,0,5,13,0,Bisacquino
27,34,11,16,43,7,43,77,18,Elmas
2,1,0,3,8,4,5,9,4,Benetutti
0,0,0,0,0,0,0,0,0,Talana
25,28,4,20,35,5,45,63,9,Campo Calabro
7,6,1,6,11,3,13,17,4,Offagna
53,50,5,56,44,11,109,94,16,Maleo
105,135,9,127,160,11,232,295,20,Orta Nova
8,9,1,15,8,0,23,17,1,Rivodutri
62,50,3,60,41,10,122,91,13,Primaluna
0,2,0,3,4,1,3,6,1,Premana
4,14,1,5,7,3,9,21,4,Castelmola
109,95,22,111,113,35,220,208,57,Vaiano
11,7,0,9,7,0,20,14,0,Sadali
5,6,2,7,13,2,12,19,4,Lotzorai
91,110,10,95,94,20,186,204,30,Calco
38,36,7,46,74,8,84,110,15,Porto Empedocle
25,16,1,24,31,3,49,47,4,Catenanuova
9,10,3,5,21,10,14,31,13,Mirabella Imbaccari
3,3,0,3,8,3,6,11,3,Sant'Angelo di Brolo
28,29,3,35,22,6,63,51,9,Castel Viscardo
2,2,0,3,2,2,5,4,2,Erve
40,33,1,45,68,11,85,101,12,Brusciano
4,6,0,2,10,0,6,16,0,Cropalati
1151,965,108,1088,1060,122,2239,2025,230,Campi Bisenzio
1,0,0,1,3,1,2,3,1,San Martino di Finita
0,0,0,0,1,0,0,1,0,Tinnura
0,0,0,1,3,1,1,3,1,Sini
16,16,2,16,23,5,32,39,7,Controguerra
8,4,1,8,10,2,16,14,3,Bieno
29,29,2,22,30,2,51,59,4,Colonnella
12,11,1,17,18,3,29,29,4,Pelago
18,24,1,29,56,10,47,80,11,Ariano Irpino
7,5,1,3,8,2,10,13,3,Lisciano Niccone
4,3,0,8,9,3,12,12,3,Giano dell'Umbria
42,47,10,39,73,16,81,120,26,Valenzano
11,11,5,15,13,6,26,24,11,Monte Castello di Vibio
2,1,0,1,1,0,3,2,0,Bannio Anzino
17,8,1,12,12,5,29,20,6,Pinzano al Tagliamento
37,39,4,29,38,6,66,77,10,Magherno
59,66,9,63,83,9,122,149,18,Luni
30,23,1,30,30,1,60,53,2,Scandale
75,62,9,72,77,14,147,139,23,Predappio
2,3,0,1,4,0,3,7,0,Montescano
6,7,1,6,8,2,12,15,3,San Leonardo
59,79,4,66,85,8,125,164,12,Poli
5,2,1,3,6,1,8,8,2,Arnara
5,4,0,7,4,1,12,8,1,Vallo di Nera
26,28,3,30,23,2,56,51,5,Candiana
288,346,60,310,456,128,598,802,188,Abano Terme
252,250,29,257,221,37,509,471,66,Piovene Rocchette
8,3,1,3,4,1,11,7,2,San Pietro in Cerro
6,6,0,4,5,0,10,11,0,Nosate
12,12,4,7,15,5,19,27,9,Selci
20,24,3,29,38,6,49,62,9,Canale Monterano
0,1,0,1,2,0,1,3,0,Bolognola
2,3,0,2,4,0,4,7,0,Figline Vegliaturo
8,7,0,7,8,1,15,15,1,Ripe San Ginesio
66,48,3,76,118,26,142,166,29,Orbetello
16,19,2,17,22,11,33,41,13,Pove del Grappa
10,6,0,6,16,1,16,22,1,Mezzane di Sotto
14,11,1,4,8,1,18,19,2,Badia Tedalda
105,102,9,130,120,14,235,222,23,Silea
39,39,1,41,58,10,80,97,11,Pedavena
15,11,2,8,11,1,23,22,3,Ottiglio
121,128,14,138,94,19,259,222,33,Vailate
36,36,0,42,42,8,78,78,8,Piscina
16,21,3,29,29,4,45,50,7,Camisano
12,4,0,7,9,3,19,13,3,Andrate
61,74,7,75,91,11,136,165,18,Pregnana Milanese
19,22,4,28,21,9,47,43,13,Mercallo
43,32,0,42,44,6,85,76,6,Lezzeno
51,53,8,61,97,9,112,150,17,Beinasco
47,77,23,46,73,13,93,150,36,Siniscola
116,124,11,132,187,25,248,311,36,Alpignano
34,40,4,39,70,4,73,110,8,Terrasini
1,1,0,1,5,0,2,6,0,Pettineo
17,13,3,9,15,1,26,28,4,Bolognetta
1,2,0,6,9,2,7,11,2,Fluminimaggiore
20,10,4,14,10,4,34,20,8,Pieve di Bono-Prezzo
4,7,0,7,4,1,11,11,1,San Bernardino Verbano
30,19,2,24,30,2,54,49,4,Lessona
13,16,1,18,25,9,31,41,10,Lessolo
127,139,11,151,162,14,278,301,25,Palombara Sabina
8,4,0,18,9,5,26,13,5,Frosolone
18,17,6,19,44,8,37,61,14,Sirolo
20,11,1,16,19,3,36,30,4,San Marco dei Cavoti
8,5,2,3,4,2,11,9,4,Genga
1,1,0,0,2,0,1,3,0,Bessude
0,0,0,1,0,0,1,0,0,Aritzo
43,44,5,41,63,7,84,107,12,Atessa
19,29,1,22,26,4,41,55,5,Rocca San Casciano
8,10,2,15,14,4,23,24,6,Grosio
216,220,12,224,189,17,440,409,29,Piombino Dese
12,4,2,6,15,2,18,19,4,Settimo Vittone
1008,891,145,1045,1015,232,2053,1906,377,Rovereto
65,62,4,50,66,6,115,128,10,Castel Sant'Elia
25,21,5,22,33,1,47,54,6,Deliceto
6,12,2,10,11,1,16,23,3,Pelugo
8,3,0,6,12,0,14,15,0,Forenza
27,18,1,26,15,0,53,33,1,Rotondella
5,3,0,4,7,1,9,10,1,Motta de' Conti
3,4,1,2,7,3,5,11,4,Giovo
3,3,0,4,5,0,7,8,0,Carentino
2,5,10,7,6,10,9,11,20,Molini di Triora
21,17,2,29,42,13,50,59,15,Moneglia
39,43,12,52,235,68,91,278,80,Portici
3,3,0,2,6,2,5,9,2,Castelcivita
514,428,61,476,489,111,990,917,172,Colle di Val d'Elsa
331,282,34,348,307,46,679,589,80,Pergine Valsugana
337,389,52,316,367,74,653,756,126,Trani
150,97,20,123,132,28,273,229,48,Borgo Val di Taro
6,12,1,10,13,4,16,25,5,Ponte in Valtellina
136,104,19,133,135,37,269,239,56,Castelnovo ne' Monti
63,58,4,66,94,12,129,152,16,Policoro
0,1,0,2,1,0,2,2,0,San Massimo
1,2,2,2,5,1,3,7,3,Nova Siri
89,74,4,77,71,13,166,145,17,Roncade
7,5,0,3,3,1,10,8,1,Selva di Progno
102,125,11,109,122,31,211,247,42,San Giorgio di Piano
46,36,5,42,64,7,88,100,12,Collesalvetti
59,49,2,55,33,4,114,82,6,Montese
1,1,1,0,5,2,1,6,3,Chiusaforte
1,0,0,0,3,1,1,3,1,Careggine
10,11,0,11,10,3,21,21,3,Gildone
2,1,1,9,1,0,11,2,1,Aliano
8,4,2,4,13,3,12,17,5,Diano d'Alba
56,39,7,52,49,8,108,88,15,Pieve Santo Stefano
0,0,0,0,0,0,0,0,0,Elva
0,0,0,0,1,0,0,1,0,Usseglio
284,277,27,291,212,30,575,489,57,Capriolo
63,48,3,44,69,16,107,117,19,Strambino
2,3,0,2,5,0,4,8,0,Rivalba
26,26,2,20,45,8,46,71,10,Loreto Aprutino
7,4,0,5,2,1,12,6,1,Grizzana Morandi
19,17,2,23,18,4,42,35,6,Zavattarello
41,46,6,40,53,4,81,99,10,Roggiano Gravina
42,42,5,40,43,10,82,85,15,San Costanzo
71,46,2,50,41,5,121,87,7,Santa Cristina e Bissone
21,11,2,29,22,4,50,33,6,San Giovanni Gemini
114,103,7,95,106,20,209,209,27,Manciano
49,53,8,64,95,21,113,148,29,Monte Porzio Catone
3,3,1,5,13,2,8,16,3,Moscufo
25,24,5,34,78,16,59,102,21,Soverato
1,1,1,0,3,0,1,4,1,Vallerotonda
14,12,0,7,6,2,21,18,2,Stignano
3,2,2,2,0,1,5,2,3,Sant'Ilario dello Ionio
3,5,0,5,9,0,8,14,0,Paspardo
14,10,3,14,18,7,28,28,10,Fogliano Redipuglia
56,44,8,57,34,5,113,78,13,Pagazzano
501,516,40,501,609,75,1002,1125,115,Bresso
27,17,8,21,16,9,48,33,17,Barzana
9,10,1,4,10,3,13,20,4,Castorano
20,14,2,14,16,5,34,30,7,Scerni
0,0,0,0,0,0,0,0,0,Barbona
12,18,0,20,23,3,32,41,3,Santa Maria la Longa
7,12,4,9,16,5,16,28,9,Malgesso
33,34,1,27,49,5,60,83,6,Mariglianella
6,7,2,4,19,12,10,26,14,Carate Urio
33,21,3,32,32,5,65,53,8,Corbola
43,55,11,72,100,13,115,155,24,Sant'Agata di Militello
30,22,2,24,35,3,54,57,5,San Pietro a Maida
0,0,0,0,2,0,0,2,0,Seui
15,14,3,21,22,5,36,36,8,Pietralunga
10,5,0,7,10,2,17,15,2,Santo Stefano in Aspromonte
6,5,1,10,28,8,16,33,9,Cittaducale
10,9,1,10,11,0,20,20,1,Montelparo
147,159,8,163,168,18,310,327,26,Quarto d'Altino
16,22,1,14,16,0,30,38,1,Arena Po
14,7,1,10,10,1,24,17,2,Mirabello Sannitico
20,21,1,27,20,5,47,41,6,Quattordio
30,34,6,42,39,6,72,73,12,Cura Carpignano
6,6,0,12,13,2,18,19,2,San Lorenzo del Vallo
9,10,1,17,12,6,26,22,7,Falerone
16,15,2,24,24,3,40,39,5,San Raffaele Cimena
20,17,3,12,25,6,32,42,9,Piedimulera
1,2,0,6,4,3,7,6,3,Conza della Campania
17,13,4,21,19,2,38,32,6,Colli del Tronto
21,19,2,42,62,13,63,81,15,Vallo della Lucania
61,51,8,58,81,13,119,132,21,Fagagna
32,35,7,27,35,11,59,70,18,Gressan
2,2,2,4,7,2,6,9,4,Balestrino
22,34,14,23,43,17,45,77,31,Cadegliano-Viconago
162,132,13,174,72,16,336,204,29,Comezzano-Cizzago
2,3,0,2,4,1,4,7,1,Chianche
19,28,13,26,48,9,45,76,22,Ameglia
4,8,3,2,7,3,6,15,6,Brissago-Valtravaglia
34,26,4,35,28,2,69,54,6,Ne
88,98,29,95,137,41,183,235,70,Trevignano Romano
11,22,2,12,22,6,23,44,8,Sicignano degli Alburni
10,10,1,8,17,0,18,27,1,Cogne
0,3,0,1,0,0,1,3,0,Missanello
3,5,1,4,3,1,7,8,2,Nespolo
7,8,1,7,8,2,14,16,3,Ausonia
15,17,0,11,15,3,26,32,3,Cossombrato
461,456,31,409,361,47,870,817,78,Casalmaggiore
120,123,9,115,93,8,235,216,17,Ponte Lambro
0,0,0,0,0,0,0,0,0,Fuipiano Valle Imagna
11,10,2,15,20,8,26,30,10,Casella
250,279,12,245,317,21,495,596,33,San Cesareo
30,32,4,23,25,5,53,57,9,Palazzo Pignano
13,12,6,9,16,8,22,28,14,Fragagnano
81,72,5,84,82,11,165,154,16,Pizzighettone
214,242,12,212,168,24,426,410,36,Turate
3,2,1,7,4,3,10,6,4,Pietrafitta
192,229,29,207,215,38,399,444,67,Sarnico
11,17,0,17,44,9,28,61,9,San Sebastiano al Vesuvio
37,43,4,48,52,5,85,95,9,Capiago Intimiano
51,61,9,51,62,9,102,123,18,San Vito di Leguzzano
140,146,18,131,198,37,271,344,55,Rivarolo Canavese
4,1,0,1,2,1,5,3,1,Castiglione Cosentino
0,5,0,2,6,0,2,11,0,San Fili
3,3,0,3,5,0,6,8,0,Bairo
126,114,9,120,101,16,246,215,25,Crocetta del Montello
8,9,1,9,10,1,17,19,2,Barbaresco
160,140,9,139,105,15,299,245,24,Centallo
17,25,1,20,36,8,37,61,9,Colverde
2,2,0,5,3,3,7,5,3,Altidona
0,1,0,1,3,0,1,4,0,Liscia
100,90,16,97,80,16,197,170,32,Osio Sopra
10,6,3,10,3,3,20,9,6,Provaglio Val Sabbia
0,0,0,1,0,0,1,0,0,Buonvicino
30,19,1,19,15,0,49,34,1,Volongo
202,206,17,200,218,28,402,424,45,Cesate
5,2,0,3,5,0,8,7,0,Nucetto
48,65,5,72,60,14,120,125,19,Dovera
21,26,6,32,29,8,53,55,14,Cassano Spinola
16,19,5,16,27,7,32,46,12,Polpenazze del Garda
16,15,1,17,12,2,33,27,3,Castel Gabbiano
4,7,0,5,11,1,9,18,1,Varisella
19,23,2,28,44,1,47,67,3,Zibido San Giacomo
348,387,74,352,606,101,700,993,175,Segrate
92,79,11,86,100,22,178,179,33,Inveruno
4,8,0,8,10,1,12,18,1,Salerano Canavese
10,20,1,14,11,1,24,31,2,Niardo
11,10,2,12,15,6,23,25,8,Lesegno
5,4,3,4,5,0,9,9,3,San Didero
36,33,7,45,58,13,81,91,20,Carpignano Sesia
75,80,7,83,93,13,158,173,20,Sant'Ambrogio di Torino
234,267,31,279,287,31,513,554,62,Creazzo
53,55,4,68,45,7,121,100,11,Albaredo d'Adige
27,24,1,33,17,4,60,41,5,Bressanvido
51,35,3,38,45,3,89,80,6,Bagnara di Romagna
19,22,3,25,15,5,44,37,8,Olevano di Lomellina
168,179,28,185,241,57,353,420,85,Montegrotto Terme
4,4,0,3,5,2,7,9,2,Castelspina
142,130,11,136,98,8,278,228,19,Gambellara
1,4,1,0,10,1,1,14,2,Premeno
102,96,9,67,125,12,169,221,21,Striano
49,38,14,46,91,13,95,129,27,Lazise
0,1,0,0,1,0,0,2,0,Oliveto Lucano
13,6,2,14,16,4,27,22,6,Collelongo
53,43,11,56,49,15,109,92,26,Montalbano Jonico
5,5,1,7,8,2,12,13,3,Montechiarugolo
171,175,14,141,108,15,312,283,29,Montello
28,38,4,35,36,7,63,74,11,Muzzana del Turgnano
359,370,21,388,315,28,747,685,49,Spresiano
5,8,0,13,10,2,18,18,2,Varsi
9,4,1,6,6,1,15,10,2,Borgo Priolo
36,37,5,30,49,5,66,86,10,Paladina
194,213,17,214,222,18,408,435,35,Castel Mella
5,4,0,7,8,0,12,12,0,Antignano
30,32,3,39,46,4,69,78,7,Solferino
261,231,20,256,236,36,517,467,56,Mestrino
5,4,2,6,4,0,11,8,2,Savignano Irpino
0,1,0,2,1,0,2,2,0,Valbrevenna
24,21,3,21,31,6,45,52,9,Lama dei Peligni
1,2,0,2,1,1,3,3,1,Sant'Urbano
50,73,4,40,55,2,90,128,6,Cesa
6,3,1,7,6,0,13,9,1,Besenzone
2,5,0,3,3,1,5,8,1,Paganico Sabino
1,0,0,1,1,1,2,1,1,Villanova Truschedu
37,44,10,38,51,11,75,95,21,Piana degli Albanesi
67,60,7,59,63,11,126,123,18,Caselle Lurani
14,13,2,19,33,10,33,46,12,Aquino
4,2,1,0,5,1,4,7,2,Circello
6,7,2,6,13,4,12,20,6,Graniti
0,2,0,0,3,0,0,5,0,Vanzone con San Carlo
0,0,0,0,2,0,0,2,0,Villa Verde
3,6,0,4,4,1,7,10,1,Cassina Valsassina
313,315,39,351,337,76,664,652,115,Codogno
5,8,0,6,10,1,11,18,1,Montevago
23,19,4,11,37,6,34,56,10,Piedimonte Etneo
112,139,17,86,73,8,198,212,25,Campobello di Mazara
11,7,1,10,16,4,21,23,5,San Pier Niceto
8,11,0,13,25,5,21,36,5,Pace del Mela
404,369,33,366,334,45,770,703,78,Casalpusterlengo
15,18,3,23,28,7,38,46,10,Sigillo
12,2,0,11,11,0,23,13,0,Faggiano
17,13,3,12,18,1,29,31,4,Morolo
3,6,0,9,6,0,12,12,0,Laino Borgo
96,94,14,109,86,19,205,180,33,Novafeltria
47,52,6,54,72,12,101,124,18,Cerreto Guidi
476,593,57,450,610,140,926,1203,197,Piombino
10,17,2,21,29,2,31,46,4,San Salvatore Telesino
3,1,0,1,5,1,4,6,1,Bonnanaro
0,0,0,1,4,0,1,4,0,San Basilio
3,1,1,1,6,0,4,7,1,Furtei
0,0,1,2,2,2,2,2,3,Girasole
49,50,13,52,50,5,101,100,18,Mileto
7,1,0,2,4,1,9,5,1,Castel di Tora
544,556,103,533,622,160,1077,1178,263,Cascina
36,32,4,33,33,8,69,65,12,Bassano in Teverina
4,10,1,7,20,5,11,30,6,Saracena
334,327,37,329,348,47,663,675,84,Seveso
0,0,0,0,1,0,0,1,0,Polia
172,168,22,163,134,19,335,302,41,Bonate Sotto
11,11,1,14,15,5,25,26,6,Gavorrano
2,2,2,0,5,3,2,7,5,Roccantica
7,7,0,5,9,2,12,16,2,Castel San Pietro Romano
25,39,10,45,30,12,70,69,22,Monvalle
127,108,13,113,95,9,240,203,22,Solesino
2,2,0,3,3,1,5,5,1,Cornovecchio
23,13,2,21,22,0,44,35,2,Torviscosa
4,7,2,10,9,1,14,16,3,Campolongo Tapogliano
248,254,21,248,262,39,496,516,60,Castel d'Azzano
38,33,5,35,30,7,73,63,12,Orgiano
30,41,2,44,88,24,74,129,26,Gragnano
354,417,25,407,490,42,761,907,67,Tivoli
63,69,5,68,64,5,131,133,10,Artogne
21,19,4,21,14,5,42,33,9,Spinadesco
67,56,9,68,65,13,135,121,22,Saint-Pierre
5,4,1,6,4,2,11,8,3,Comano
24,19,1,18,18,4,42,37,5,Busano
0,0,0,0,1,1,0,1,1,Sueglio
107,108,12,113,98,17,220,206,29,Malgrate
11,17,6,28,38,7,39,55,13,Melilli
153,142,29,161,171,15,314,313,44,Partinico
2,3,1,2,8,0,4,11,1,Suni
0,3,0,1,5,1,1,8,1,Cosoleto
106,133,9,82,98,12,188,231,21,Canino
33,28,0,36,42,3,69,70,3,Laterza
30,24,7,24,30,6,54,54,13,Marradi
26,22,3,24,31,8,50,53,11,Vinci
2,4,0,5,2,0,7,6,0,Campoli Appennino
20,36,2,27,24,6,47,60,8,Scandriglia
71,71,4,59,86,5,130,157,9,Sant'Oreste
3,3,0,5,6,0,8,9,0,Matrice
1,1,0,4,5,1,5,6,1,Castelsaraceno
2,1,1,3,7,0,5,8,1,Atzara
3,4,0,2,4,0,5,8,0,San Floro
74,57,6,69,60,11,143,117,17,Savignano sul Panaro
22,22,1,24,28,9,46,50,10,Arcugnano
185,176,10,136,155,18,321,331,28,Busseto
5,5,0,10,7,2,15,12,2,Acquaformosa
0,1,0,1,2,0,1,3,0,Fabrizia
60,68,8,84,79,7,144,147,15,Taurianova
2,3,0,4,5,1,6,8,1,Fornelli
35,33,2,34,40,5,69,73,7,Racale
175,135,21,174,151,25,349,286,46,Fasano
75,69,8,90,81,13,165,150,21,Arcola
40,39,6,40,35,5,80,74,11,Calliano
16,5,0,3,4,0,19,9,0,Montauro
8,8,0,9,10,0,17,18,0,Isola Sant'Antonio
14,16,1,15,15,5,29,31,6,Refrancore
5,3,2,7,5,4,12,8,6,Vinadio
0,0,0,1,2,0,1,2,0,Acquafondata
2,0,1,5,5,2,7,5,3,Monteroduni
5,9,1,11,10,1,16,19,2,Peio
19,18,0,19,22,0,38,40,0,Carisolo
76,48,12,67,80,12,143,128,24,Torre Pellice
11,6,0,13,9,2,24,15,2,Oriolo
53,51,4,57,49,1,110,100,5,Longare
2,0,0,3,9,0,5,9,0,San Mauro Forte
46,62,26,50,95,27,96,157,53,Grado
4,2,1,6,10,0,10,12,1,Tramutola
57,43,9,59,46,10,116,89,19,Gambassi Terme
330,346,38,359,586,78,689,932,116,Ciampino
84,99,8,102,88,17,186,187,25,Marano sul Panaro
0,1,0,0,2,1,0,3,1,Lusevera
263,226,25,263,227,36,526,453,61,Gravina in Puglia
9,13,2,10,10,4,19,23,6,Collazzone
12,12,2,18,19,2,30,31,4,San Marco Argentano
44,34,9,46,55,10,90,89,19,Volvera
16,11,0,11,18,1,27,29,1,Casalborgone
0,0,0,0,0,0,0,0,0,Groscavallo
12,13,1,15,18,4,27,31,5,Bollengo
491,587,71,532,574,128,1023,1161,199,Poggibonsi
168,105,15,143,147,29,311,252,44,Monteroni d'Arbia
0,2,0,2,0,0,2,2,0,Cantalupo Ligure
15,23,0,14,16,1,29,39,1,Campagnatico
73,84,9,88,91,19,161,175,28,Ponteranica
0,1,0,3,2,0,3,3,0,Orsomarso
272,223,20,238,242,51,510,465,71,Asola
551,557,48,540,602,64,1091,1159,112,Carmagnola
9,7,1,6,7,4,15,14,5,Carisio
103,94,7,112,104,12,215,198,19,Crescentino
83,79,9,81,92,14,164,171,23,Cherasco
31,32,5,24,27,11,55,59,16,Ornavasso
4,9,2,9,17,4,13,26,6,Montecalvo Irpino
75,93,15,93,84,15,168,177,30,Castagnole delle Lanze
0,1,2,1,5,1,1,6,3,Cella Monte
56,51,2,64,85,8,120,136,10,Sala Consilina
30,36,10,36,36,5,66,72,15,Fratta Polesine
1,5,2,1,2,4,2,7,6,Diano Arentino
3,6,0,6,3,0,9,9,0,Morsasco
20,21,3,23,35,7,43,56,10,Donnas
4,2,0,2,4,0,6,6,0,Costa Vescovato
177,174,42,174,212,65,351,386,107,Besozzo
3,1,0,2,4,1,5,5,1,Montaquila
7,4,2,6,6,1,13,10,3,Belveglio
5,4,1,3,6,0,8,10,1,Rotello
1558,1527,137,1541,1463,262,3099,2990,399,Gallarate
12,13,0,8,12,3,20,25,3,Torano Nuovo
8,12,1,18,19,10,26,31,11,Brusimpiano
0,0,0,1,2,0,1,2,0,Pietrapertosa
25,36,5,38,46,14,63,82,19,Aldeno
168,184,17,183,166,20,351,350,37,Mozzate
7,2,3,4,5,0,11,7,3,Castelmarte
121,113,20,136,157,42,257,270,62,Finale Ligure
27,27,2,28,31,4,55,58,6,Capralba
19,26,2,24,63,7,43,89,9,Avella
6,8,1,6,11,3,12,19,4,Dizzasco
80,142,10,70,92,11,150,234,21,Casaluce
64,82,7,79,76,11,143,158,18,Locate Varesino
11,13,1,10,18,3,21,31,4,Demonte
37,32,2,44,64,16,81,96,18,Cogoleto
3,3,1,3,4,1,6,7,2,Proserpio
2,2,0,2,9,3,4,11,3,Melissa
31,14,3,16,32,7,47,46,10,Artegna
7,4,1,6,6,1,13,10,2,Celle di Bulgheria
3,1,1,0,2,0,3,3,1,Fiumefreddo Bruzio
21,13,0,12,20,1,33,33,1,Satriano di Lucania
10,12,3,12,69,3,22,81,6,Visciano
8,10,2,16,17,4,24,27,6,Villanova Monferrato
0,0,0,0,0,0,0,0,0,Torre Bormida
5,4,1,4,7,1,9,11,2,San Giorgio Albanese
60,64,7,77,77,17,137,141,24,Cilavegna
10,7,1,13,18,3,23,25,4,Rogliano
54,82,9,63,48,10,117,130,19,Bassano Bresciano
6,6,2,6,13,4,12,19,6,Verduno
6,9,1,6,11,5,12,20,6,Colazza
17,14,4,19,30,9,36,44,13,Due Carrare
9,7,2,12,15,9,21,22,11,Capestrano
3,2,1,6,5,1,9,7,2,Belforte Monferrato
3,5,0,6,5,1,9,10,1,Vigliano d'Asti
246,248,17,263,290,32,509,538,49,Caronno Pertusella
19,18,4,24,36,9,43,54,13,Capurso
441,430,61,481,458,103,922,888,164,Dalmine
5,2,0,4,4,0,9,6,0,San Gregorio nelle Alpi
9,7,1,10,10,2,19,17,3,Castelnuovo Bormida
0,1,0,1,1,0,1,2,0,Cibiana di Cadore
161,144,16,155,156,34,316,300,50,Fagnano Olona
6,4,1,7,8,0,13,12,1,Pontey
110,104,8,81,88,10,191,192,18,Brescello
50,42,4,50,52,3,100,94,7,Madignano
18,17,0,24,20,2,42,37,2,Isola Dovarese
68,79,3,79,89,9,147,168,12,Siziano
4,7,0,11,6,1,15,13,1,Brusson
17,25,1,25,18,5,42,43,6,Monasterolo di Savigliano
0,1,0,0,3,2,0,4,2,Dossena
211,220,23,217,213,29,428,433,52,Vittuone
2,3,2,3,8,5,5,11,7,Camporgiano
1089,1173,112,1141,1138,153,2230,2311,265,Schio
113,115,13,104,128,19,217,243,32,Serravalle Sesia
472,398,62,465,562,97,937,960,159,Bastia Umbra
77,63,9,92,94,15,169,157,24,Uzzano
64,71,4,53,62,10,117,133,14,Illasi
64,59,2,57,45,4,121,104,6,Caprino Bergamasco
21,22,5,19,18,3,40,40,8,Dolcedo
9,4,2,7,19,3,16,23,5,Magliano in Toscana
68,61,4,83,98,11,151,159,15,Belpasso
41,35,3,44,45,10,85,80,13,Belforte del Chienti
0,5,0,0,3,2,0,8,2,Mazzin
3,6,2,7,7,3,10,13,5,Sant'Apollinare
32,30,1,31,45,4,63,75,5,Gioiosa Marea
3,1,0,4,8,6,7,9,6,San Basile
18,19,3,18,30,16,36,49,19,San Pellegrino Terme
0,0,0,0,2,0,0,2,0,Coniolo
1,1,0,3,4,2,4,5,2,Aquilonia
74,61,9,75,63,23,149,124,32,Brisighella
0,0,0,1,0,0,1,0,0,Mara
47,73,8,64,80,13,111,153,21,San Pietro in Cariano
7,4,0,6,8,2,13,12,2,Colere
117,106,16,130,130,27,247,236,43,Clusone
6,4,1,9,10,4,15,14,5,Borghi
1,2,2,0,3,1,1,5,3,Rota Greca
74,69,11,71,55,13,145,124,24,Dubino
6,3,1,3,12,3,9,15,4,Valfurva
145,164,15,170,188,20,315,352,35,Caldogno
3,5,0,3,6,1,6,11,1,Sant'Elia a Pianisi
85,75,18,102,149,42,187,224,60,Recco
51,61,16,57,104,27,108,165,43,Malcesine
4,4,1,5,14,2,9,18,3,Minervino di Lecce
27,22,4,30,25,6,57,47,10,Maenza
127,111,10,127,129,15,254,240,25,Treviolo
74,76,5,83,50,6,157,126,11,Fornovo San Giovanni
5,2,0,8,7,1,13,9,1,Lenna
159,181,34,153,152,43,312,333,77,Mede
11,13,5,10,12,2,21,25,7,Rive d'Arcano
1,1,1,2,3,3,3,4,4,Resiutta
6,13,1,8,17,3,14,30,4,Civitaquana
24,22,4,26,23,5,50,45,9,Godiasco Salice Terme
46,36,2,46,39,5,92,75,7,Dosolo
65,75,6,80,57,6,145,132,12,Sarego
39,32,5,38,30,8,77,62,13,Lomello
18,26,1,23,26,5,41,52,6,Torre d'Arese
2,3,0,2,3,0,4,6,0,Dorzano
190,194,22,226,249,27,416,443,49,Foiano della Chiana
0,0,0,0,0,0,0,0,0,Bedulita
33,20,4,28,15,1,61,35,5,Melara
4,4,1,5,9,1,9,13,2,Torre Orsaia
1,1,0,2,7,1,3,8,1,Sorbo Serpico
2,4,2,5,11,2,7,15,4,Casaleggio Novara
82,81,7,96,69,7,178,150,14,Pravisdomini
2,1,0,2,9,1,4,10,1,Simaxis
5,1,0,3,7,0,8,8,0,Ardauli
11,13,4,16,14,7,27,27,11,Argegno
7,5,1,7,11,0,14,16,1,Ustica
0,0,0,4,1,1,4,1,1,Soleminis
0,1,0,2,1,0,2,2,0,Mogorella
3,3,0,4,2,1,7,5,1,Musei
22,23,1,23,65,11,45,88,12,Roccella Ionica
0,1,0,1,2,1,1,3,1,Torrecuso
20,33,2,24,29,4,44,62,6,Merlino
15,25,4,16,23,2,31,48,6,Corte Palasio
72,65,2,63,51,3,135,116,5,Crespiatica
4,10,0,8,18,2,12,28,2,Siculiana
9,17,1,12,8,1,21,25,2,Salmour
70,72,7,63,73,11,133,145,18,Civate
7,2,2,7,15,4,14,17,6,Belmonte Mezzagno
5,3,0,2,6,0,7,9,0,Plataci
3,2,1,2,7,2,5,9,3,Sostegno
0,0,1,0,0,1,0,0,2,Castrolibero
15,12,5,21,31,2,36,43,7,Tortoreto
5,8,0,4,9,2,9,17,2,Borgo Lares
7,7,0,13,15,1,20,22,1,Presenzano
144,111,18,139,138,24,283,249,42,Sassoferrato
0,3,0,2,4,2,2,7,2,Laurito
0,1,0,0,3,1,0,4,1,Petrella Salto
87,68,13,81,66,17,168,134,30,Orsogna
13,7,0,13,10,2,26,17,2,Mura
8,6,1,8,12,2,16,18,3,San Leucio del Sannio
3,1,0,6,5,2,9,6,2,Dugenta
7,4,0,5,13,5,12,17,5,Masera
0,0,0,0,5,0,0,5,0,Cannalonga
48,25,8,22,34,4,70,59,12,Roghudi
411,386,45,412,498,118,823,884,163,Correggio
0,0,0,1,0,0,1,0,0,Montecalvo Versiggia
62,43,1,50,48,5,112,91,6,Berbenno di Valtellina
2,6,0,6,4,1,8,10,1,Colle di Tora
3,6,0,4,10,1,7,16,1,Bergeggi
39,21,4,30,43,4,69,64,8,Monteflavio
16,8,0,13,22,1,29,30,1,Cerreto Sannita
200,199,23,199,169,18,399,368,41,Fontaniva
12,13,1,12,20,1,24,33,2,Ruda
121,93,15,113,128,21,234,221,36,Lamporecchio
3,1,1,2,3,2,5,4,3,Frisanco
59,75,10,61,158,19,120,233,29,Casagiove
3,4,0,7,2,2,10,6,2,Gagliato
0,0,0,0,0,0,0,0,0,Gamberale
422,376,27,446,265,33,868,641,60,Martinengo
137,151,14,137,102,15,274,253,29,Madone
8,10,1,8,8,4,16,18,5,Issogne
45,45,2,56,68,14,101,113,16,Origgio
2,0,3,2,3,0,4,3,3,Saint-Oyen
0,0,0,0,1,2,0,1,2,Fagnano Alto
0,0,1,1,3,0,1,3,1,Cinzano
0,1,0,2,7,0,2,8,0,Buggerru
8,5,5,23,19,5,31,24,10,Realmonte
37,41,8,35,53,8,72,94,16,Menfi
16,17,3,39,41,1,55,58,4,Lampedusa e Linosa
21,17,2,40,43,3,61,60,5,Priolo Gargallo
7,7,0,6,9,3,13,16,3,Alia
0,1,0,0,0,0,0,1,0,Collobiano
0,0,0,2,0,0,2,0,0,Noragugume
68,62,8,62,45,12,130,107,20,Bienno
34,27,5,30,48,14,64,75,19,Altopiano della Vigolana
7,5,1,6,19,6,13,24,7,Arpino
0,2,0,1,2,0,1,4,0,Vallemaio
51,40,5,48,69,10,99,109,15,Serino
0,1,0,0,1,0,0,2,0,Pizzone
1,5,1,3,9,1,4,14,2,Parella
118,126,26,129,158,43,247,284,69,Misano Adriatico
4,5,0,7,8,2,11,13,2,Verzino
13,15,2,17,22,3,30,37,5,Penna San Giovanni
225,271,25,214,335,38,439,606,63,Ardea
93,86,9,97,80,8,190,166,17,Santorso
292,283,10,272,239,20,564,522,30,Alatri
66,76,11,73,79,13,139,155,24,Paliano
19,8,2,15,24,5,34,32,7,Otricoli
4,8,0,4,15,6,8,23,6,Villaputzu
22,20,4,25,27,3,47,47,7,Montone
32,24,5,32,29,9,64,53,14,Dovadola
64,77,6,55,84,10,119,161,16,Poggio Mirteto
0,0,1,0,0,0,0,0,1,Zerba
11,13,4,21,28,9,32,41,13,Suno
2,0,1,4,4,1,6,4,2,Castel di Lucio
2,3,0,3,7,0,5,10,0,Roletto
10,14,0,4,9,1,14,23,1,Caraffa di Catanzaro
62,70,4,70,69,13,132,139,17,Monticelli d'Ongina
59,33,3,56,98,12,115,131,15,Ceglie Messapica
51,39,3,51,43,6,102,82,9,Comano Terme
84,95,5,90,108,18,174,203,23,Castellazzo Bormida
1,2,0,3,2,1,4,4,1,Camagna Monferrato
9,5,4,7,12,2,16,17,6,Falciano del Massico
90,79,12,104,85,17,194,164,29,Montefano
49,54,16,53,95,21,102,149,37,Bagno a Ripoli
8,3,1,6,19,2,14,22,3,San Marcello
640,823,96,735,1010,189,1375,1833,285,Montesilvano
0,1,2,2,6,1,2,7,3,Tortorella
7,4,1,5,3,0,12,7,1,Roccasicura
0,0,0,1,2,1,1,2,1,Santa Marina
2,2,1,1,5,1,3,7,2,Santa Cesarea Terme
180,149,11,159,111,16,339,260,27,Borgo San Giacomo
56,46,8,60,56,14,116,102,22,Sarnano
17,12,3,21,18,4,38,30,7,Albanella
84,69,8,83,74,10,167,143,18,Forno Canavese
3,2,0,1,2,1,4,4,1,San Giovanni in Galdo
69,53,5,49,64,7,118,117,12,Acquanegra sul Chiese
2,2,0,5,2,1,7,4,1,Casignana
7,2,1,6,9,3,13,11,4,Caccuri
149,148,8,164,195,16,313,343,24,Volpiano
2,1,0,2,0,3,4,1,3,Valdaone
304,363,25,332,315,36,636,678,61,San Martino Buon Albergo
62,68,3,67,76,12,129,144,15,Cigliano
4,10,0,4,12,2,8,22,2,Marentino
1039,1157,85,1003,1109,122,2042,2266,207,San Giuliano Milanese
3,1,1,3,4,1,6,5,2,Ponzone
344,332,25,318,305,41,662,637,66,Gavardo
17,13,0,15,24,3,32,37,3,Castell'Azzara
3,1,0,2,4,0,5,5,0,San Severino Lucano
33,35,1,42,27,4,75,62,5,Borgo Virgilio
39,30,3,35,46,6,74,76,9,Corio
1,0,1,2,4,1,3,4,2,Canale d'Agordo
26,21,5,23,31,7,49,52,12,Bernezzo
24,17,2,16,18,4,40,35,6,Lombriasco
71,67,4,66,71,11,137,138,15,Caronno Varesino
17,25,4,21,40,17,38,65,21,Mirabella Eclano
10,9,0,9,15,3,19,24,3,San Martino sulla Marrucina
551,529,77,541,738,114,1092,1267,191,Lamezia Terme
13,6,0,18,10,0,31,16,0,Capergnanica
8,6,1,9,20,3,17,26,4,Torre Santa Susanna
129,108,15,149,133,26,278,241,41,Vergato
3,3,0,1,5,1,4,8,1,Villa San Secondo
10,13,0,12,14,2,22,27,2,Terrassa Padovana
121,83,9,104,110,27,225,193,36,Pasian di Prato
0,1,1,0,4,3,0,5,4,Lillianes
285,195,17,234,144,22,519,339,39,Calcio
11,11,4,9,8,3,20,19,7,Borgomaro
1,2,1,2,5,0,3,7,1,Rocchetta di Vara
0,3,0,2,6,2,2,9,2,Valle Agricola
11,12,2,12,10,2,23,22,4,Grigno
115,94,16,102,168,49,217,262,65,Santa Margherita Ligure
8,21,1,7,12,1,15,33,2,Moschiano
4,3,1,7,6,0,11,9,1,Scala Coeli
9,6,2,8,11,5,17,17,7,Pietragalla
0,1,0,2,2,1,2,3,1,Palomonte
5,3,0,5,12,2,10,15,2,Postiglione
57,59,12,61,69,13,118,128,25,Valvasone Arzene
253,212,28,250,223,45,503,435,73,Montegranaro
218,244,13,192,167,21,410,411,34,Montebello Vicentino
2,4,1,4,5,3,6,9,4,Sozzago
245,168,40,220,217,55,465,385,95,Matelica
25,13,1,12,19,1,37,32,2,Petriano
3,0,0,2,13,0,5,13,0,Santo Stefano del Sole
32,29,5,21,22,6,53,51,11,Soriso
20,24,0,23,26,4,43,50,4,Nerola
101,113,10,101,130,21,202,243,31,Albiate
59,52,11,75,101,19,134,153,30,Vigliano Biellese
10,15,1,12,15,1,22,30,2,Torre Pallavicina
18,17,1,19,27,6,37,44,7,Mondaino
2,3,1,2,4,0,4,7,1,Caraffa del Bianco
52,38,15,48,112,20,100,150,35,Putignano
1,0,0,0,3,0,1,3,0,Cirigliano
0,2,0,3,6,2,3,8,2,Barrea
6,5,1,12,3,0,18,8,1,Zelbio
21,19,0,7,13,0,28,32,0,Tarantasca
292,250,16,278,151,13,570,401,29,Rudiano
161,166,18,175,160,27,336,326,45,Uboldo
72,68,9,79,65,14,151,133,23,Lugagnano Val d'Arda
0,0,0,1,0,0,1,0,0,Falconara Albanese
246,280,19,273,263,42,519,543,61,Stezzano
0,0,0,1,4,0,1,4,0,Baone
2,0,0,0,2,0,2,2,0,Baceno
35,31,7,37,54,12,72,85,19,Cambiano
30,41,5,30,28,7,60,69,12,Pogno
13,11,0,10,11,5,23,22,5,San Pietro Mosezzo
5,11,1,10,17,4,15,28,5,Vaprio d'Agogna
195,177,17,171,214,50,366,391,67,Sant'Ilario d'Enza
28,20,5,17,23,3,45,43,8,Rivalta Bormida
102,104,8,111,80,16,213,184,24,Nuvolera
0,0,0,2,1,0,2,1,0,Civita d'Antino
3,5,3,4,14,6,7,19,9,Montottone
160,279,18,166,112,10,326,391,28,Luco dei Marsi
114,118,10,94,123,11,208,241,21,Paratico
2,5,2,4,7,1,6,12,3,Amendolara
6,6,0,13,8,1,19,14,1,Ceregnano
39,22,3,44,33,8,83,55,11,Sant'Arcangelo
12,9,2,10,17,2,22,26,4,Refrontolo
130,75,8,80,74,12,210,149,20,Ostiano
3,2,0,1,4,3,4,6,3,Ortezzano
1,0,1,1,4,1,2,4,2,Roccamandolfi
38,54,5,30,37,8,68,91,13,Corneliano d'Alba
8,8,0,6,12,1,14,20,1,Ferrera di Varese
0,0,0,0,1,0,0,1,0,Pontboset
40,41,5,46,59,10,86,100,15,Condove
74,66,8,87,62,13,161,128,21,Jerago con Orago
14,13,0,19,21,2,33,34,2,Prato Sesia
0,1,0,0,1,0,0,2,0,San Floriano del Collio
11,12,2,14,13,6,25,25,8,Confienza
101,99,6,95,98,9,196,197,15,Livorno Ferraris
1,5,0,0,8,5,1,13,5,Barengo
35,20,4,20,13,6,55,33,10,Chiusavecchia
18,9,1,18,26,9,36,35,10,Valguarnera Caropepe
1,2,0,4,11,2,5,13,2,Saponara
201,186,28,207,264,55,408,450,83,Monsummano Terme
109,135,23,142,214,26,251,349,49,Settimo Milanese
1,1,0,2,3,0,3,4,0,Bagnolo del Salento
129,150,18,149,200,41,278,350,59,Canegrate
0,0,0,0,1,0,0,1,0,Ronchi Valsugana
1,0,0,0,5,1,1,5,1,Tufara
92,79,9,101,102,19,193,181,28,Gorle
127,141,21,127,130,24,254,271,45,Cabiate
37,28,5,33,32,6,70,60,11,Raiano
12,12,2,18,27,2,30,39,4,Marciano della Chiana
142,136,12,148,137,17,290,273,29,Cavaria con Premezzo
12,5,3,15,25,5,27,30,8,Sperlonga
17,23,1,22,28,6,39,51,7,Lizzano
1,0,1,1,5,0,2,5,1,Colledimacine
39,33,11,24,47,7,63,80,18,Borgone Susa
323,405,42,258,485,72,581,890,114,Scafati
229,146,14,160,156,23,389,302,37,Rutigliano
910,1076,144,871,702,123,1781,1778,267,Monfalcone
15,16,0,13,18,2,28,34,2,Viggiano
72,77,6,82,109,9,154,186,15,Montecorvino Rovella
0,0,0,0,1,1,0,1,1,Ceppo Morelli
141,194,11,126,119,14,267,313,25,San Felice Circeo
11,5,0,10,15,0,21,20,0,Mafalda
0,2,0,1,4,1,1,6,1,Castelbottaccio
12,15,3,14,18,5,26,33,8,Colturano
3,8,0,4,14,2,7,22,2,Ottone
237,259,23,243,243,29,480,502,52,Altavilla Vicentina
342,347,25,344,476,62,686,823,87,Parabiago
5,1,0,1,2,0,6,3,0,Frontino
73,67,10,57,87,14,130,154,24,Brenzone sul Garda
211,153,26,193,181,30,404,334,56,Sant'Egidio alla Vibrata
74,55,13,73,111,25,147,166,38,Chiavenna
67,63,0,69,64,11,136,127,11,Castiglione in Teverina
59,49,4,73,51,6,132,100,10,Pederobba
21,17,3,32,36,10,53,53,13,Carmiano
45,36,3,36,35,7,81,71,10,Parona
1,2,1,3,2,1,4,4,2,Monteleone di Puglia
48,68,4,62,57,8,110,125,12,Chiusa di Pesio
72,73,6,79,61,9,151,134,15,Tribano
47,45,6,65,59,8,112,104,14,Pozzo d'Adda
6,6,0,6,10,1,12,16,1,Montanaso Lombardo
0,0,1,0,1,0,0,1,1,Triei
2,4,0,3,5,2,5,9,2,Nuraminis
3,6,1,7,5,0,10,11,1,Cassano Irpino
4,6,0,6,27,2,10,33,2,Pietrelcina
47,44,5,62,62,9,109,106,14,Lecce nei Marsi
4,4,1,5,9,3,9,13,4,Costacciaro
21,15,2,20,13,3,41,28,5,Bertonico
15,9,1,17,12,4,32,21,5,Taceno
50,43,4,46,45,6,96,88,10,Ronco Briantino
15,12,4,11,30,13,26,42,17,Guspini
45,42,4,32,30,7,77,72,11,Sirtori
74,41,2,63,69,8,137,110,10,Francofonte
144,197,17,127,130,15,271,327,32,Niscemi
19,10,1,18,22,4,37,32,5,Nizza di Sicilia
4,5,1,6,12,0,10,17,1,Raccuja
0,0,0,2,0,0,2,0,0,Motta d'Affermo
37,43,6,54,38,9,91,81,15,Sant'Omero
1,0,0,0,5,0,1,5,0,Grimaldi
0,0,0,0,0,0,0,0,0,Fierozzo
4,8,1,7,14,0,11,22,1,Collevecchio
26,39,9,21,21,6,47,60,15,Bibbona
4,8,0,7,12,3,11,20,3,Malesco
5,8,2,10,10,6,15,18,8,Bussi sul Tirino
0,3,0,1,5,0,1,8,0,Castiglione Messer Marino
351,507,62,389,701,138,740,1208,200,Cervia
21,12,2,12,27,5,33,39,7,Meduno
2,0,0,3,4,2,5,4,2,Campolieto
101,72,14,98,86,21,199,158,35,Sermide e Felonica
11,10,1,9,8,1,20,18,2,Nicorvo
18,15,1,17,19,0,35,34,1,Aprica
16,16,0,10,19,5,26,35,5,Chiuro
44,43,6,36,49,3,80,92,9,Carpineto Romano
78,90,6,83,68,7,161,158,13,Montorso Vicentino
37,34,8,35,80,15,72,114,23,Cicciano
26,24,5,20,26,8,46,50,13,Introdacqua
0,0,1,0,0,1,0,0,2,Gallo Matese
50,68,3,42,76,12,92,144,15,Cardito
97,110,9,96,125,9,193,235,18,Labico
4,10,1,8,16,1,12,26,2,San Lorenzo Maggiore
2,1,0,0,3,0,2,4,0,Stazzema
3,3,0,5,3,0,8,6,0,Binetto
5,8,1,8,11,0,13,19,1,Capraia Isola
367,293,32,337,360,62,704,653,94,Pescia
327,314,57,357,465,110,684,779,167,Riva del Garda
137,161,20,175,252,49,312,413,69,Sirmione
64,71,5,95,87,18,159,158,23,Campagna Lupia
124,163,10,135,265,37,259,428,47,Marigliano
10,16,1,3,16,4,13,32,5,Carbonara di Nola
3,4,1,5,6,2,8,10,3,Treglio
39,35,6,62,115,27,101,150,33,Noto
93,83,10,132,153,29,225,236,39,Piazza Armerina
2,1,2,1,6,1,3,7,3,Broccostella
10,4,2,9,8,0,19,12,2,Scarlino
1572,1752,183,1622,1921,412,3194,3673,595,Cesena
5,9,2,8,13,2,13,22,4,Surano
12,13,2,12,15,1,24,28,3,Gornate Olona
3,8,0,11,18,1,14,26,1,Firmo
28,38,3,34,27,5,62,65,8,Pozzoleone
36,43,8,41,36,6,77,79,14,Sulzano
12,14,0,9,11,1,21,25,1,Arpaia
55,44,3,55,53,9,110,97,12,Mesero
13,9,3,6,12,3,19,21,6,Massa d'Albe
17,13,3,16,19,0,33,32,3,Guarda Veneta
73,67,4,57,64,10,130,131,14,Fiorano al Serio
30,16,1,25,27,3,55,43,4,Talamona
5,8,3,9,6,2,14,14,5,Coazzolo
3,2,0,0,9,1,3,11,1,Giurdignano
2,0,0,1,2,0,3,2,0,Rocchetta Belbo
3,5,1,0,11,4,3,16,5,San Lorenzo Isontino
41,43,6,34,56,4,75,99,10,Villar Perosa
1,3,0,6,7,1,7,10,1,Osasco
4,5,0,6,8,0,10,13,0,Ciconio
10,8,0,4,7,0,14,15,0,Bocenago
209,346,14,160,306,40,369,652,54,Afragola
582,565,98,647,716,153,1229,1281,251,Fabriano
4,6,0,5,9,2,9,15,2,Castelletto Monferrato
27,22,3,34,35,5,61,57,8,San Quirino
30,44,5,54,50,5,84,94,10,Guiglia
2,8,7,4,6,15,6,14,22,Cipressa
86,80,6,93,78,21,179,158,27,Robbio
26,23,2,19,28,6,45,51,8,Palazzago
13,7,0,7,5,2,20,12,2,Melizzano
3,5,0,3,3,0,6,8,0,Pertengo
28,22,2,27,27,2,55,49,4,Fontanetto Po
2,1,0,3,3,1,5,4,1,Sardigliano
5,4,1,9,3,2,14,7,3,Stella Cilento
43,63,22,75,121,28,118,184,50,Pino Torinese
38,45,8,57,42,5,95,87,13,Caravate
11,10,7,18,34,8,29,44,15,Sant'Antioco
4,1,1,11,12,2,15,13,3,Santo Stefano Quisquina
1,3,2,3,2,3,4,5,5,Calamonaci
18,5,4,10,28,5,28,33,9,Mezzojuso
3,3,0,4,5,0,7,8,0,Geraci Siculo
0,0,0,0,4,1,0,4,1,Alagna Valsesia
87,85,12,86,95,18,173,180,30,Alpago
0,0,0,3,6,0,3,6,0,Poggio Sannita
57,61,4,50,86,13,107,147,17,Venafro
10,10,1,11,12,1,21,22,2,Fiorano Canavese
0,1,0,0,2,0,0,3,0,Candidoni
8,6,3,6,24,9,14,30,12,Maruggio
36,20,0,20,24,2,56,44,2,San Venanzo
595,763,37,543,882,79,1138,1645,116,Castel Volturno
4,2,2,3,2,1,7,4,3,Poggio San Vicino
16,26,0,22,46,7,38,72,7,Montemarciano
38,31,7,25,34,9,63,65,16,Corinaldo
18,21,2,22,35,8,40,56,10,Vejano
71,65,11,81,80,14,152,145,25,Rignano sull'Arno
0,0,0,0,3,1,0,3,1,Neoneli
23,17,4,24,31,8,47,48,12,Masserano
26,20,3,30,41,12,56,61,15,Bertinoro
233,211,33,239,216,42,472,427,75,San Mauro Pascoli
4,6,0,3,7,1,7,13,1,Collalto Sabino
222,228,17,233,264,43,455,492,60,Vigonza
213,170,15,238,237,28,451,407,43,Monselice
8,9,3,13,7,1,21,16,4,San Pietro Val Lemina
3,7,0,7,10,1,10,17,1,Castroreale
3,4,1,5,8,4,8,12,5,Assoro
5,3,1,5,8,0,10,11,1,Villa Santa Lucia
223,308,24,232,467,83,455,775,107,Giugliano in Campania
19,19,6,18,28,10,37,47,16,Salve
12,16,4,14,31,6,26,47,10,Sestola
83,74,18,87,154,49,170,228,67,Jesolo
3,2,2,7,14,2,10,16,4,Paluzza
44,47,5,29,33,4,73,80,9,Endine Gaiano
55,54,24,62,125,26,117,179,50,Lerici
2,5,0,3,12,1,5,17,1,Osiglia
15,9,0,8,7,0,23,16,0,Jelsi
342,259,33,295,344,40,637,603,73,Signa
6,5,2,11,8,4,17,13,6,Vinchiaturo
28,37,12,49,75,25,77,112,37,Camogli
12,6,1,8,26,3,20,32,4,Morano Calabro
25,22,4,28,18,4,53,40,8,Ziano Piacentino
8,9,5,16,14,6,24,23,11,Sesto al Reghena
49,54,10,52,51,10,101,105,20,Costigliole d'Asti
2,4,1,6,4,1,8,8,2,Desana
7,5,0,8,8,2,15,13,2,Piazza al Serchio
130,97,10,116,120,22,246,217,32,Potenza Picena
1,0,0,0,2,0,1,2,0,Oltre il Colle
4,7,1,4,5,2,8,12,3,Cartoceto
23,27,2,27,25,9,50,52,11,Borgo a Mozzano
106,109,7,103,98,25,209,207,32,Soragna
53,40,7,48,49,20,101,89,27,Pomarance
103,97,9,128,93,22,231,190,31,Pontremoli
2,2,1,6,3,0,8,5,1,Santo Stefano Roero
128,130,9,141,197,23,269,327,32,Piossasco
154,182,13,166,202,18,320,384,31,Castellamonte
12,13,3,7,15,4,19,28,7,Castel del Monte
5,6,0,3,8,0,8,14,0,Mallare
11,4,0,10,12,3,21,16,3,Lungro
15,15,5,14,23,6,29,38,11,San Vito di Cadore
66,69,12,96,109,28,162,178,40,Varallo
399,402,54,417,534,99,816,936,153,Borgomanero
68,52,9,60,70,8,128,122,17,Tregnago
67,72,3,60,39,6,127,111,9,Roverchiara
124,162,25,116,188,28,240,350,53,Opera
8,4,1,6,15,1,14,19,2,Imer
18,21,4,15,25,5,33,46,9,Farnese
44,62,6,75,78,11,119,140,17,Casarile
3,3,2,2,3,3,5,6,5,Altissimo
55,47,7,64,47,5,119,94,12,Trevenzuolo
38,24,4,43,41,9,81,65,13,Vercurago
12,7,1,10,6,1,22,13,2,Sutrio
3,2,0,3,5,0,6,7,0,Montenero Sabino
110,96,17,114,88,16,224,184,33,Ormelle
183,182,17,200,159,26,383,341,43,Azzano San Paolo
17,18,0,16,30,6,33,48,6,Polverigi
8,6,3,12,18,1,20,24,4,Miggiano
36,28,3,24,25,5,60,53,8,Fontevivo
90,88,7,102,82,17,192,170,24,Castelvetro Piacentino
35,37,4,34,24,8,69,61,12,Nogarole Rocca
79,100,9,91,95,11,170,195,20,Ponte dell'Olio
17,19,1,9,21,1,26,40,2,Torrile
305,402,35,261,196,26,566,598,61,Telgate
4,8,1,6,5,1,10,13,2,Savogna
9,9,0,7,7,0,16,16,0,Commezzadura
86,80,14,88,88,11,174,168,25,Vasanello
7,9,1,3,14,4,10,23,5,Sospirolo
6,4,1,4,9,1,10,13,2,Castel Sant'Angelo
0,0,0,0,3,3,0,3,3,Lorenzago di Cadore
9,13,0,14,13,0,23,26,0,Schiavon
152,152,18,146,120,23,298,272,41,San Polo di Piave
78,99,7,61,76,13,139,175,20,Paderno Franciacorta
416,367,33,364,276,23,780,643,56,Coccaglio
459,468,46,507,630,119,966,1098,165,Avezzano
1,2,0,4,5,1,5,7,1,Azzano d'Asti
20,15,3,26,23,3,46,38,6,Merlara
0,0,0,1,1,0,1,1,0,Vobbia
811,872,174,819,1088,270,1630,1960,444,Sanremo
15,15,5,16,23,5,31,38,10,Brugnato
203,262,72,231,362,88,434,624,160,Ventimiglia
6,7,0,11,8,3,17,15,3,Castiglione Tinella
20,24,3,18,40,9,38,64,12,Gaggi
186,157,13,166,175,23,352,332,36,Galliera Veneta
12,18,4,20,24,7,32,42,11,Ponti sul Mincio
11,10,1,13,11,5,24,21,6,Casalvolone
3,1,0,0,3,1,3,4,1,Liberi
1117,1346,107,1089,1569,167,2206,2915,274,Ladispoli
17,12,2,20,14,0,37,26,2,Serravalle di Chienti
4,6,0,8,9,0,12,15,0,Terdobbiate
11,15,2,11,16,2,22,31,4,Santa Vittoria d'Alba
91,83,3,84,75,2,175,158,5,San Pietro in Gu
37,28,1,41,42,9,78,70,10,Cairate
41,26,5,33,30,5,74,56,10,Alvignano
3,4,0,9,10,0,12,14,0,Bonito
6,7,1,3,4,3,9,11,4,Castelnuovo Calcea
153,140,8,124,118,11,277,258,19,Castelgomberto
10,20,4,12,15,1,22,35,5,San Biagio della Cima
76,57,16,59,60,22,135,117,38,Marchirolo
3,2,0,3,4,0,6,6,0,Ripalta Guerina
1,2,1,1,3,1,2,5,2,Garzeno
50,49,8,57,79,19,107,128,27,San Giovanni Teatino
0,1,0,2,1,0,2,2,0,Castel Condino
1,2,2,4,10,1,5,12,3,Crocefieschi
0,3,1,0,5,2,0,8,3,Carzano
6,3,2,7,8,1,13,11,3,Montecchio Precalcino
0,1,0,0,0,0,0,1,0,Brozolo
40,32,6,46,38,9,86,70,15,Ronco Scrivia
0,1,0,0,1,0,0,2,0,Clavesana
72,73,13,63,80,14,135,153,27,Cocquio-Trevisago
1,0,0,0,0,0,1,0,0,Saracinesco
31,37,8,40,42,9,71,79,17,Chiuppano
700,738,53,709,743,76,1409,1481,129,Cesano Maderno
11,13,0,14,11,1,25,24,1,Arta Terme
0,0,0,0,1,0,0,1,0,Salvitelle
255,245,19,267,245,42,522,490,61,Bedizzole
102,108,7,97,84,10,199,192,17,Canzo
4,5,2,3,4,4,7,9,6,Roccacasale
20,23,3,21,18,10,41,41,13,Bertiolo
0,0,0,1,3,0,1,3,0,Papasidero
97,83,10,113,149,20,210,232,30,Buggiano
18,17,3,22,26,5,40,43,8,Marano Ticino
13,8,1,14,12,2,27,20,3,Casalnuovo Monterotaro
96,108,16,98,79,20,194,187,36,Vescovato
32,28,2,35,20,2,67,48,4,Genivolta
4,5,0,9,8,0,13,13,0,Martirano
107,108,8,104,87,20,211,195,28,Ferno
0,1,0,0,1,0,0,2,0,Dolegna del Collio
8,6,0,6,6,0,14,12,0,Forni di Sotto
3,4,1,5,7,0,8,11,1,Gambarana
10,11,1,15,7,2,25,18,3,Cumignano sul Naviglio
13,9,3,9,7,2,22,16,5,Belvedere Langhe
1,0,2,0,3,1,1,3,3,Celle Enomondo
24,24,3,31,25,2,55,49,5,Polonghera
6,5,0,7,10,1,13,15,1,Prata d'Ansidonia
14,11,0,11,21,2,25,32,2,San Pier d'Isonzo
79,75,6,76,58,7,155,133,13,Calvenzano
11,16,0,6,13,4,17,29,4,Guarene
22,33,3,29,36,4,51,69,7,Casnate con Bernate
2,0,0,1,0,0,3,0,0,Conca della Campania
1,0,0,0,5,1,1,5,1,Palmas Arborea
4,2,1,4,6,1,8,8,2,Nurri
5,4,0,2,3,1,7,7,1,Masainas
0,0,0,1,1,0,1,1,0,Martis
31,23,3,20,39,4,51,62,7,Furci Siculo
26,19,2,25,21,6,51,40,8,Borgetto
7,4,1,6,5,0,13,9,1,Caccamo
14,11,4,15,18,1,29,29,5,Marineo
2,3,0,5,12,0,7,15,0,Alcara li Fusi
2,1,1,2,1,1,4,2,2,Tergu
0,0,0,0,0,1,0,0,1,Siapiccia
2,14,2,5,21,2,7,35,4,San Sperate
104,98,12,110,143,27,214,241,39,Casatenovo
40,33,3,39,41,4,79,74,7,Cavenago d'Adda
36,32,2,42,43,3,78,75,5,Castiraga Vidardo
1,1,2,2,11,2,3,12,4,Gallodoro
50,68,5,53,50,3,103,118,8,Mulazzano
177,176,9,184,207,26,361,383,35,Varedo
2,2,0,3,2,0,5,4,0,Sperlinga
151,153,13,160,258,39,311,411,52,Acireale
3,6,2,7,8,5,10,14,7,Meleti
67,60,12,75,145,21,142,205,33,Capo d'Orlando
6,3,0,6,1,4,12,4,4,Talamello
7,7,1,6,9,1,13,16,2,Dipignano
3,3,0,3,2,0,6,5,0,Ossana
37,34,2,32,23,2,69,57,4,Petriolo
743,847,71,793,1125,133,1536,1972,204,Monterotondo
2,0,1,2,7,1,4,7,2,Tresnuraghes
14,13,3,14,32,5,28,45,8,Olmedo
14,18,4,14,31,3,28,49,7,Decimomannu
282,318,20,279,421,47,561,739,67,Pomezia
161,128,25,124,128,41,285,256,66,Nereto
92,88,10,94,76,14,186,164,24,Campegine
90,83,7,63,70,9,153,153,16,Verolavecchia
2,2,0,1,4,0,3,6,0,Zumpano
3,1,2,2,3,3,5,4,5,Santa Domenica Talao
4,5,0,2,7,2,6,12,2,San Vincenzo La Costa
49,64,13,62,83,17,111,147,30,Adelfia
1,4,1,4,9,2,5,13,3,Moiano
265,204,39,239,245,53,504,449,92,Spilimbergo
0,3,0,5,7,0,5,10,0,Palmariggi
4,5,1,9,12,3,13,17,4,Durazzano
281,253,15,293,160,28,574,413,43,Pontoglio
22,21,2,24,32,6,46,53,8,Bergantino
2,4,0,5,10,0,7,14,0,Fara in Sabina
18,15,3,26,44,6,44,59,9,Cellole
9,8,0,10,17,4,19,25,4,Galzignano Terme
1,1,0,2,5,1,3,6,1,Margno
9,3,3,6,10,3,15,13,6,Peglio
17,20,5,17,17,2,34,37,7,Velo d'Astico
231,222,29,219,248,30,450,470,59,Bibbiena
8,10,2,11,11,3,19,21,5,Moscazzano
0,1,0,1,1,0,1,2,0,San Giacomo Filippo
49,57,1,63,52,6,112,109,7,Montegalda
31,52,3,32,50,4,63,102,7,Scordia
13,11,3,13,22,4,26,33,7,Decimoputzu
42,31,1,42,45,2,84,76,3,Mazzarino
67,44,5,61,88,10,128,132,15,Bronte
5,5,1,12,10,4,17,15,5,Marano Principato
63,151,9,38,71,14,101,222,23,Porto Azzurro
38,37,5,39,36,3,77,73,8,Melicucco
7,8,2,6,10,1,13,18,3,Castelnuovo di Conza
375,321,54,374,441,67,749,762,121,San Giovanni Valdarno
156,174,37,171,348,50,327,522,87,Arese
5,4,0,5,9,2,10,13,2,Cesinali
12,15,3,9,10,4,21,25,7,Cassinasco
352,289,40,337,340,74,689,629,114,Cassano Magnago
2,0,0,3,1,3,5,1,3,Santomenna
1,2,1,1,4,1,2,6,2,Cicala
12,8,3,16,33,9,28,41,12,San Marco in Lamis
55,74,14,60,82,11,115,156,25,Dormelletto
3,7,1,8,11,6,11,18,7,Orta San Giulio
5,8,0,5,3,1,10,11,1,Pertosa
4,1,0,2,0,0,6,1,0,Allein
0,1,0,1,2,0,1,3,0,Treville
32,48,3,55,94,19,87,142,22,Mascalucia
3,4,1,3,3,1,6,7,2,Fossa
303,268,26,298,230,33,601,498,59,Corridonia
6,7,5,9,4,5,15,11,10,Amato
21,12,4,20,13,4,41,25,8,Crevacuore
18,10,3,13,17,3,31,27,6,Fratte Rosa
459,445,50,442,552,81,901,997,131,Falconara Marittima
28,28,7,29,27,8,57,55,15,Ceriana
15,17,9,15,16,7,30,33,16,Bregano
57,40,4,54,38,6,111,78,10,Castel Rozzone
30,60,12,44,114,17,74,174,29,Mercogliano
0,0,0,0,2,0,0,2,0,Dosso del Liro
4,6,2,6,10,3,10,16,5,Sant'Alessio con Vialone
1,2,0,4,6,0,5,8,0,Rutino
3,6,1,5,6,4,8,12,5,Frassinelle Polesine
138,109,8,136,132,14,274,241,22,Limena
10,12,5,13,11,2,23,23,7,Montjovet
34,39,3,29,45,5,63,84,8,Cugliate-Fabiasco
63,82,6,48,37,8,111,119,14,Maclodio
2,4,1,7,14,2,9,18,3,Galliate Lombardo
11,10,0,15,12,0,26,22,0,Spigno Monferrato
28,24,2,29,26,1,57,50,3,Bardello
1,4,0,1,1,0,2,5,0,Monte San Giovanni in Sabina
36,30,4,33,39,4,69,69,8,Avio
3,1,0,3,4,2,6,5,2,Leivi
8,12,9,15,22,10,23,34,19,Torno
10,5,3,9,13,0,19,18,3,Monterubbiano
7,13,3,10,22,6,17,35,9,Buttigliera Alta
248,222,33,254,242,35,502,464,68,San Salvo
3,2,0,1,6,1,4,8,1,Salisano
33,32,4,40,32,8,73,64,12,Pernumia
0,0,0,0,0,0,0,0,0,Cavargna
8,12,2,17,13,1,25,25,3,Casaletto Ceredano
151,165,9,175,164,13,326,329,22,Rivolta d'Adda
7,9,0,8,9,0,15,18,0,Frinco
21,28,7,31,27,12,52,55,19,Morgano
920,820,58,853,810,103,1773,1630,161,Montebelluna
26,19,5,29,29,6,55,48,11,Monte Porzio
23,18,1,27,22,2,50,40,3,Rocca di Mezzo
9,3,2,7,8,3,16,11,5,Sant'Andrea di Conza
23,23,3,24,47,9,47,70,12,Castiglione Torinese
0,0,0,0,0,0,0,0,0,Castelnuovo Parano
17,18,0,18,31,4,35,49,4,Vellezzo Bellini
0,1,0,1,2,1,1,3,1,Carrodano
11,15,0,12,11,0,23,26,0,Tavagnasco
131,124,15,119,118,32,250,242,47,Curno
78,77,15,80,86,19,158,163,34,Roveredo in Piano
12,7,0,18,5,2,30,12,2,Petina
1,3,1,1,4,0,2,7,1,Dogliola
6,9,0,7,5,3,13,14,3,Lentella
42,36,5,43,33,6,85,69,11,Brenta
0,0,0,0,0,0,0,0,0,Castelbianco
1,0,0,1,4,3,2,4,3,Laganadi
103,106,4,122,98,13,225,204,17,Giavera del Montello
25,13,0,21,17,3,46,30,3,Tornareccio
4,5,2,4,7,4,8,12,6,Schignano
16,7,1,17,18,7,33,25,8,San Donaci
1,1,1,2,4,5,3,5,6,Citerna
13,14,2,9,24,6,22,38,8,Diamante
41,40,9,41,65,7,82,105,16,Villa Cortese
5,4,1,2,4,1,7,8,2,Priola
1,2,0,3,3,1,4,5,1,Tribogna
0,2,0,1,2,0,1,4,0,Bondone
6,6,2,3,4,0,9,10,2,Brenna
5,7,0,7,15,3,12,22,3,Flaibano
2,3,0,2,3,2,4,6,2,Scopello
25,45,2,22,21,7,47,66,9,Biandrate
143,139,14,139,97,11,282,236,25,Arcole
9,5,0,5,13,2,14,18,2,La Cassa
7,6,0,11,17,0,18,23,0,Piverone
0,0,0,0,1,0,0,1,0,Verrayes
0,0,0,0,0,1,0,0,1,Chamois
13,12,4,10,16,2,23,28,6,Sassano
580,583,37,553,455,59,1133,1038,96,Castel Goffredo
447,459,52,455,538,72,902,997,124,Mentana
310,303,28,320,374,40,630,677,68,Rubiera
2,0,0,0,3,2,2,3,2,Vallada Agordina
243,251,25,254,221,21,497,472,46,Zevio
22,16,3,11,27,5,33,43,8,Toirano
68,54,4,63,69,13,131,123,17,Busalla
1,2,2,7,11,6,8,13,8,Colloredo di Monte Albano
203,189,15,233,189,24,436,378,39,Noale
59,65,7,75,106,30,134,171,37,Sutri
90,100,9,85,76,10,175,176,19,Carvico
34,31,2,23,33,2,57,64,4,Ciciliano
85,76,8,103,97,11,188,173,19,Scanzorosciate
821,912,90,774,970,109,1595,1882,199,Velletri
79,90,11,86,76,15,165,166,26,Bottanuco
3,6,2,3,6,4,6,12,6,Torricella Verzate
0,1,0,1,2,1,1,3,1,Forni Avoltri
144,222,15,100,128,22,244,350,37,San Valentino Torio
21,10,2,8,16,2,29,26,4,Celleno
6,7,0,6,4,1,12,11,1,Rocca d'Arazzo
9,3,2,8,8,1,17,11,3,Verceia
105,76,2,91,92,15,196,168,17,Ginosa
0,4,0,0,3,1,0,7,1,Alberona
11,5,0,9,6,2,20,11,2,Sale delle Langhe
81,86,16,102,306,80,183,392,96,Cava de' Tirreni
8,10,0,10,20,1,18,30,1,Caravino
7,9,1,10,7,1,17,16,2,Barbania
25,23,7,21,16,3,46,39,10,Cianciana
1,0,0,0,2,0,1,2,0,Colle Santa Lucia
6,5,3,6,13,2,12,18,5,Castiglione di Sicilia
9,9,0,7,3,0,16,12,0,Ardore
3,2,3,0,14,1,3,16,4,Sant'Andrea Apostolo dello Ionio
184,229,56,209,486,132,393,715,188,Grottaferrata
1,3,5,4,5,5,5,8,10,Roccalbegna
46,50,4,45,49,8,91,99,12,Serra San Quirico
40,41,2,26,44,7,66,85,9,Isola del Gran Sasso d'Italia
15,11,2,16,27,1,31,38,3,Francavilla in Sinni
2,2,3,3,5,4,5,7,7,Santu Lussurgiu
16,16,4,12,15,5,28,31,9,Mores
37,40,5,53,40,10,90,80,15,Fubine Monferrato
34,31,7,42,51,4,76,82,11,Capoterra
4,2,0,1,8,0,5,10,0,Episcopia
6,5,0,4,10,3,10,15,3,Ferriere
0,0,0,4,1,0,4,1,0,Castelmezzano
236,193,39,258,223,41,494,416,80,Cerea
26,25,14,38,64,23,64,89,37,Cannobio
4,9,0,6,33,10,10,42,10,Maiori
62,48,7,58,72,14,120,120,21,Pianello Val Tidone
9,6,0,8,6,2,17,12,2,Rocca Canavese
231,256,21,263,179,24,494,435,45,Vazzola
11,10,2,10,15,3,21,25,5,Novate Mezzola
5,1,0,3,4,3,8,5,3,Castiglione Messer Raimondo
281,292,15,239,273,25,520,565,40,Celano
4,3,0,4,4,0,8,7,0,Bolognano
4,5,0,6,4,0,10,9,0,Fossalto
1,1,0,0,3,0,1,4,0,Lustra
18,24,2,20,32,9,38,56,11,Bentivoglio
48,39,13,72,75,22,120,114,35,San Michele al Tagliamento
30,23,6,39,36,6,69,59,12,Urbisaglia
10,13,1,9,36,4,19,49,5,Marciana Marina
24,38,4,35,47,8,59,85,12,Arsoli
182,217,21,154,126,22,336,343,43,Gorlago
621,664,50,660,505,59,1281,1169,109,Lonigo
87,130,12,101,285,49,188,415,61,Nola
281,232,18,248,254,25,529,486,43,Paese
2,5,0,0,7,0,2,12,0,Gagliole
2,4,0,3,6,1,5,10,1,Vietri di Potenza
1,1,0,2,1,2,3,2,2,Prarolo
3,7,0,6,7,2,9,14,2,Campodenno
0,5,2,3,4,2,3,9,4,Guazzora
28,25,5,30,56,11,58,81,16,Trepuzzi
11,11,0,14,20,4,25,31,4,Roasio
25,28,0,29,38,2,54,66,2,Rombiolo
33,32,1,38,32,3,71,64,4,Sommariva Perno
546,595,51,510,466,66,1056,1061,117,Darfo Boario Terme
19,23,0,29,28,5,48,51,5,Briona
10,15,3,10,29,1,20,44,4,Pinasca
70,58,8,89,57,12,159,115,20,Edolo
3,2,0,3,4,0,6,6,0,Ceraso
48,54,4,50,75,12,98,129,16,Castiglione dei Pepoli
9,10,1,7,16,5,16,26,6,Poggio San Marcello
97,77,16,111,85,16,208,162,32,Rivergaro
3,0,0,0,4,0,3,4,0,San Roberto
0,0,0,0,0,0,0,0,0,Villa Sant'Antonio
0,0,1,7,5,0,7,5,1,Nurachi
0,0,0,0,1,0,0,1,0,Escolca
20,14,7,25,22,6,45,36,13,Ghilarza
0,1,1,2,2,1,2,3,2,Pau
120,126,8,119,99,17,239,225,25,Montirone
81,101,13,102,132,44,183,233,57,Mandello del Lario
14,11,2,16,18,6,30,29,8,Portopalo di Capo Passero
6,4,0,6,2,0,12,6,0,Sant'Angelo Muxaro
132,117,14,161,194,31,293,311,45,Gela
1,1,0,1,3,0,2,4,0,Chiusa Sclafani
18,19,1,28,20,2,46,39,3,Carenno
0,1,0,0,2,0,0,3,0,Longobardi
5,4,0,5,7,0,10,11,0,Grisolia
17,24,4,23,43,9,40,67,13,Pitigliano
0,1,1,1,2,2,1,3,3,Ruinas
1,0,0,4,5,0,5,5,0,Villanovafranca
21,21,4,32,29,3,53,50,7,Francavilla d'Ete
0,2,0,3,3,0,3,5,0,Roccaromana
5,4,1,5,1,1,10,5,2,Fontechiari
39,37,5,42,82,13,81,119,18,Candelo
124,111,21,131,129,18,255,240,39,Greve in Chianti
0,0,1,0,3,0,0,3,1,Castelnuovo Cilento
0,2,1,0,2,1,0,4,2,Fraine
11,8,0,5,18,6,16,26,6,Fara San Martino
82,89,9,81,61,10,163,150,19,Costa Masnaga
2,3,0,0,4,2,2,7,2,Quadri
4,1,1,2,3,0,6,4,1,Toritto
6,5,0,6,7,1,12,12,1,Corvino San Quirico
105,111,7,100,99,10,205,210,17,Missaglia
27,30,3,29,27,3,56,57,6,Cremella
34,43,4,45,43,10,79,86,14,Galbiate
15,15,0,15,14,3,30,29,3,Mariana Mantovana
0,1,0,4,3,3,4,4,3,Prata Sannita
172,148,21,138,119,24,310,267,45,Grantorto
6,2,1,4,3,1,10,5,2,Ovaro
91,88,20,104,75,18,195,163,38,Possagno
8,6,0,6,7,2,14,13,2,Camino al Tagliamento
12,7,1,8,11,1,20,18,2,Leonessa
0,1,1,1,2,1,1,3,2,Santopadre
1,1,0,0,1,0,1,2,0,Montefino
1,5,1,2,2,1,3,7,2,Valeggio
4,7,0,9,6,0,13,13,0,Stagno Lombardo
48,34,7,48,44,7,96,78,14,Ripa Teatina
11,9,3,11,19,2,22,28,5,Paciano
28,36,5,43,51,11,71,87,16,Ceriano Laghetto
28,18,0,23,34,6,51,52,6,Montecassiano
526,510,65,518,925,226,1044,1435,291,Viareggio
286,320,23,271,196,21,557,516,44,Ciserano
0,1,0,1,6,2,1,7,2,Cleto
23,19,1,27,17,2,50,36,3,Villachiara
13,23,2,16,18,3,29,41,5,Lubriano
1,1,0,1,3,0,2,4,0,Cerreto Grue
1,3,1,0,4,2,1,7,3,Belmonte Castello
6,1,2,3,4,3,9,5,5,Cogorno
88,105,18,93,141,32,181,246,50,Scalea
0,4,0,6,9,0,6,13,0,Voltaggio
13,17,2,9,14,2,22,31,4,Sormano
115,112,14,91,142,20,206,254,34,Barlassina
42,32,3,42,37,6,84,69,9,San Giacomo delle Segnate
2,2,1,10,10,1,12,12,2,Venzone
11,6,1,14,18,6,25,24,7,Ronzo-Chienis
11,17,1,16,18,2,27,35,3,Colleretto Castelnuovo
4,11,4,6,11,8,10,22,12,Pettenasco
25,9,0,16,17,4,41,26,4,Cammarata
0,1,0,3,1,0,3,2,0,Pollina
180,128,6,147,105,13,327,233,19,Acquasparta
4,1,0,4,6,2,8,7,2,Bioglio
58,54,11,77,156,50,135,210,61,Urbino
9,18,7,10,38,9,19,56,16,Zoagli
1,3,1,1,5,1,2,8,2,Molazzana
83,92,10,102,82,14,185,174,24,Vertova
0,1,1,1,3,5,1,4,6,Frassino
22,20,1,19,44,8,41,64,9,Monte Sant'Angelo
5,1,0,3,2,0,8,3,0,Vallelonga
3,1,0,2,3,0,5,4,0,Somano
246,207,36,253,270,52,499,477,88,Martina Franca
0,0,0,0,2,0,0,2,0,Usellus
14,14,0,15,22,5,29,36,5,Grandola ed Uniti
1,4,0,0,1,0,1,5,0,San Benedetto in Perillis
4,2,1,5,8,1,9,10,2,Tornaco
20,12,3,17,21,2,37,33,5,Romans d'Isonzo
25,26,4,12,18,3,37,44,7,Ricaldone
5,4,2,6,8,0,11,12,2,Carbonara Scrivia
1,4,0,1,3,0,2,7,0,Vendone
222,187,20,220,147,14,442,334,34,Casazza
20,18,1,22,30,4,42,48,5,Vezza d'Alba
2,3,2,2,7,1,4,10,3,Battuda
565,599,66,622,668,117,1187,1267,183,Tortona
0,0,0,0,1,1,0,1,1,Bionaz
6,6,1,6,9,0,12,15,1,Dusino San Michele
182,158,21,181,181,24,363,339,45,Scarperia e San Piero
24,21,8,26,32,10,50,53,18,Petritoli
90,85,12,122,141,26,212,226,38,Morbegno
104,122,7,119,131,16,223,253,23,Cermenate
2,12,1,11,14,5,13,26,6,Clivio
515,518,64,485,515,116,1000,1033,180,Tolentino
36,53,4,41,73,13,77,126,17,Bruino
7,4,1,2,15,0,9,19,1,Colmurano
98,87,6,109,78,14,207,165,20,Cavernago
598,580,49,530,613,90,1128,1193,139,Castelfranco Emilia
50,31,5,47,49,11,97,80,16,Dongo
8,11,1,8,22,1,16,33,2,Torrita Tiberina
172,157,16,169,182,27,341,339,43,Pandino
46,81,8,59,74,11,105,155,19,Cogliate
32,24,5,32,28,3,64,52,8,Cortenuova
2,1,0,4,8,1,6,9,1,Colobraro
2,6,6,5,27,12,7,33,18,Vietri sul Mare
1,0,0,0,2,0,1,2,0,San Tomaso Agordino
2,3,0,2,2,0,4,5,0,Albosaggia
89,87,10,75,92,10,164,179,20,Lipomo
40,33,2,56,30,4,96,63,6,Pianengo
35,34,5,35,25,3,70,59,8,Adrara San Rocco
2,0,0,1,4,1,3,4,1,Fortunago
127,130,8,150,143,30,277,273,38,Olgiate Comasco
3,3,2,4,9,4,7,12,6,Erchie
0,0,0,3,2,1,3,2,1,Sasso di Castalda
7,7,1,8,13,6,15,20,7,Calceranica al Lago
56,29,6,43,31,5,99,60,11,Villapiana
12,6,0,5,14,0,17,20,0,Onore
334,445,45,327,235,41,661,680,86,Villongo
132,113,8,121,113,16,253,226,24,Pedrengo
1,1,0,0,1,0,1,2,0,Cantoira
17,8,1,18,9,2,35,17,3,Feroleto della Chiesa
5,6,0,9,5,0,14,11,0,Spinete
15,19,1,6,10,3,21,29,4,Castelvisconti
172,162,14,155,143,21,327,305,35,Villanuova sul Clisi
2,3,0,1,9,0,3,12,0,Bocchigliero
7,7,0,7,16,6,14,23,6,Zinasco
0,0,0,0,3,0,0,3,0,Azzone
54,87,6,82,164,21,136,251,27,Villaricca
0,0,0,0,0,3,0,0,3,Pontechianale
6,8,0,6,8,0,12,16,0,Podenzana
7,7,3,8,16,4,15,23,7,Taurasi
7,6,2,7,12,4,14,18,6,Gignese
0,0,0,0,0,0,0,0,0,Madesimo
20,20,2,27,39,4,47,59,6,Romano Canavese
80,87,25,95,153,28,175,240,53,Bardolino
10,6,0,12,7,2,22,13,2,Torlino Vimercati
22,26,3,32,37,10,54,63,13,Pradamano
63,79,5,73,61,10,136,140,15,Robecchetto con Induno
185,178,18,187,266,39,372,444,57,Bareggio
49,45,7,48,50,8,97,95,15,Cava Manara
3,4,1,5,6,1,8,10,2,Mello
323,337,36,313,265,49,636,602,85,Spilamberto
11,7,0,7,6,0,18,13,0,Rocca San Giovanni
50,53,4,65,58,7,115,111,11,Besnate
97,97,9,95,87,26,192,184,35,Cengio
25,26,5,13,45,9,38,71,14,Celle Ligure
107,100,7,107,87,5,214,187,12,Montecchia di Crosara
10,9,5,10,27,5,20,36,10,Melissano
195,190,14,203,168,10,398,358,24,Caldiero
3,0,1,2,3,2,5,3,3,Ospitale di Cadore
73,102,7,87,103,4,160,205,11,Colonna
162,174,18,150,143,28,312,317,46,Noventa di Piave
1,1,1,2,4,0,3,5,1,Zerbo
8,9,3,13,16,4,21,25,7,Villa Santina
60,58,5,62,42,11,122,100,16,Cavaso del Tomba
20,21,1,24,31,1,44,52,2,Santa Maria Imbaro
0,1,0,1,1,0,1,2,0,Gorreto
229,219,23,220,230,29,449,449,52,Concesio
2,4,0,1,2,0,3,6,0,Cedrasco
20,8,2,14,13,1,34,21,3,Torre Beretti e Castellaro
22,24,1,21,38,6,43,62,7,Saint-Christophe
7,13,1,13,20,3,20,33,4,Rodano
47,62,7,88,122,21,135,184,28,Cavallino-Treporti
48,69,9,55,72,18,103,141,27,San Bartolomeo al Mare
12,16,5,20,20,4,32,36,9,Calizzano
1,2,0,4,0,0,5,2,0,Plodio
17,15,5,13,17,12,30,32,17,Vallebona
3,5,1,2,7,2,5,12,3,Triora
0,2,1,0,6,0,0,8,1,Civitella Alfedena
13,17,1,12,15,6,25,32,7,Castelnovo Bariano
75,58,2,56,81,7,131,139,9,Sant'Angelo di Piove di Sacco
77,101,4,92,149,12,169,250,16,Lusciano
0,0,0,0,2,0,0,2,0,Rocca Pietore
2,2,0,0,4,4,2,6,4,Rosignano Monferrato
4,3,1,5,10,0,9,13,1,Torchiara
21,25,5,32,36,5,53,61,10,Caselette
4,5,1,3,13,2,7,18,3,Fontecchio
14,12,3,18,12,2,32,24,5,Bari Sardo
6,0,4,9,12,0,15,12,4,Tonara
102,73,9,100,111,18,202,184,27,San Cataldo
0,1,1,2,6,3,2,7,4,Naso
3,4,1,6,10,0,9,14,1,Buscemi
15,14,1,18,35,8,33,49,9,Sorso
34,45,3,40,72,8,74,117,11,Mascali
1,4,0,3,5,0,4,9,0,Banari
8,3,0,10,7,1,18,10,1,Bortigali
6,2,0,2,0,0,8,2,0,Camini
98,77,18,122,197,40,220,274,58,Cassino
6,5,0,7,9,1,13,14,1,Felitto
48,39,4,49,43,11,97,82,15,Staffolo
409,432,92,467,643,189,876,1075,281,Verbania
0,0,0,2,1,0,2,1,0,Arquata del Tronto
57,64,11,69,63,22,126,127,33,Ostra
61,63,11,76,109,24,137,172,35,Mola di Bari
0,2,0,4,8,0,4,10,0,Osilo
71,71,4,78,68,6,149,139,10,Grammichele
3,0,0,0,3,1,3,3,1,Crova
26,19,1,12,13,2,38,32,3,Montecchio
1,2,0,4,4,0,5,6,0,Mezzana Rabattone
114,87,14,122,91,24,236,178,38,Tione di Trento
4,3,0,7,5,2,11,8,2,Verghereto
0,1,0,2,3,0,2,4,0,Acquappesa
0,0,1,0,2,0,0,2,1,Carovilli
127,168,21,140,242,47,267,410,68,Palmi
7,7,1,8,10,3,15,17,4,Tricerro
10,8,0,7,12,0,17,20,0,Pisciotta
44,39,8,50,62,16,94,101,24,Carovigno
528,590,44,567,663,94,1095,1253,138,Castelfranco Veneto
30,21,3,32,25,2,62,46,5,Badalucco
59,48,6,53,60,5,112,108,11,Matino
28,21,0,29,25,4,57,46,4,Casalnoceto
0,0,1,0,0,0,0,0,1,Gallinaro
213,255,41,274,325,76,487,580,117,Arco
178,212,34,189,268,74,367,480,108,Alassio
14,19,1,21,15,3,35,34,4,Muccia
37,27,6,36,62,16,73,89,22,Casalbordino
4,4,0,2,5,0,6,9,0,Ayas
133,102,7,132,85,11,265,187,18,San Biagio di Callalta
46,55,4,56,38,4,102,93,8,Pontida
32,33,5,42,45,11,74,78,16,Gallese
0,1,0,0,0,0,0,1,0,Paisco Loveno
1,0,0,0,6,0,1,6,0,Aieta
86,144,17,113,130,21,199,274,38,Monticello Conte Otto
5,0,0,2,3,0,7,3,0,Urbe
109,104,9,128,114,20,237,218,29,Martellago
15,19,2,20,17,4,35,36,6,Monastero Bormida
84,76,12,79,108,25,163,184,37,San Giovanni in Marignano
12,15,1,10,13,6,22,28,7,Tolve
36,20,1,26,17,2,62,37,3,Roana
104,101,11,139,156,21,243,257,32,Tuscania
79,60,11,91,88,14,170,148,25,Santa Maria Nuova
32,34,4,42,28,11,74,62,15,Pievepelago
4,1,1,7,15,7,11,16,8,Sant'Angelo dei Lombardi
4,3,1,6,5,2,10,8,3,Bajardo
13,8,16,11,10,14,24,18,30,Perinaldo
19,14,7,20,25,10,39,39,17,Dolceacqua
64,46,9,67,64,11,131,110,20,Garessio
23,22,3,30,15,3,53,37,6,Maierato
0,0,0,1,1,1,1,1,1,Giaglione
30,28,0,33,28,4,63,56,4,Monzuno
0,0,0,0,1,0,0,1,0,Chiauci
1,7,1,9,15,3,10,22,4,Sesta Godano
9,12,1,10,8,2,19,20,3,Sarezzano
4,6,2,6,6,0,10,12,2,Campodipietra
76,58,7,57,54,4,133,112,11,Rizziconi
41,38,4,43,43,8,84,81,12,Zogno
134,120,38,140,211,43,274,331,81,Lignano Sabbiadoro
31,25,6,32,24,10,63,49,16,Mombaruzzo
25,31,3,35,37,7,60,68,10,Castagnole Piemonte
525,520,77,465,449,87,990,969,164,Fossano
0,1,0,1,2,1,1,3,1,Erula
1,0,0,0,5,1,1,5,1,Pauli Arbarei
11,13,1,11,22,4,22,35,5,Ficarazzi
1,1,0,2,4,0,3,5,0,Mirto
4,0,3,2,2,0,6,2,3,Selegas
50,54,9,36,71,14,86,125,23,Monserrato
78,70,15,80,92,6,158,162,21,Palagonia
188,182,19,149,122,19,337,304,38,Olginate
17,18,0,18,14,1,35,32,1,Monte San Giovanni Campano
73,84,4,84,83,8,157,167,12,Triuggio
17,16,0,12,17,0,29,33,0,Barzio
9,2,2,5,3,2,14,5,4,Esino Lario
55,58,9,58,121,36,113,179,45,Giardini-Naxos
0,0,0,0,2,0,0,2,0,Ussaramanna
14,12,1,11,16,1,25,28,2,Fombio
116,113,14,116,129,28,232,242,42,Colico
5,7,1,11,8,2,16,15,3,San Michele di Ganzaria
6,2,1,6,11,1,12,13,2,Buseto Palizzolo
79,67,8,89,123,16,168,190,24,Carini
65,48,7,65,50,15,130,98,22,San Rocco al Porto
18,26,2,30,37,2,48,63,4,Casalmaiocco
12,8,0,12,10,2,24,18,2,Casaletto Lodigiano
119,125,26,151,253,43,270,378,69,Castrovillari
1,0,0,2,2,2,3,2,2,Colosimi
3,3,1,5,6,0,8,9,1,Serrapetrona
45,42,17,40,72,30,85,114,47,Bolsena
18,19,2,14,20,4,32,39,6,Vogogna
8,5,1,8,5,2,16,10,3,Villamar
7,3,2,11,8,1,18,11,3,Arborea
63,53,5,50,62,8,113,115,13,Monticello Brianza
49,52,10,61,66,11,110,118,21,Ornago
7,8,2,7,12,2,14,20,4,Coreno Ausonio
4,4,2,3,10,1,7,14,3,Cellino Attanasio
125,118,23,147,202,37,272,320,60,Pieve a Nievole
0,1,0,0,2,0,0,3,0,Fano Adriano
161,168,23,175,178,48,336,346,71,Russi
212,183,27,219,193,45,431,376,72,Castel Bolognese
16,19,0,21,16,0,37,35,0,Filighera
31,26,6,24,41,5,55,67,11,Terranova da Sibari
56,113,6,74,231,34,130,344,40,Frattamaggiore
48,44,3,60,50,2,108,94,5,Rocca di Neto
1,1,1,1,2,0,2,3,1,Varco Sabino
6,29,3,15,49,10,21,78,13,Agerola
16,16,1,18,23,7,34,39,8,Polverara
50,55,6,49,69,4,99,124,10,Montelibretti
16,8,3,8,8,0,24,16,3,Concamarise
1,3,2,2,3,4,3,6,6,Cugnoli
176,210,11,189,234,13,365,444,24,Carugate
123,107,10,120,107,9,243,214,19,Vidor
60,52,7,64,64,8,124,116,15,Campolongo Maggiore
328,351,30,296,255,39,624,606,69,Osio Sotto
16,8,0,12,15,2,28,23,2,Villamagna
7,7,0,5,6,1,12,13,1,Paupisi
6,5,0,3,7,3,9,12,3,Sant'Angelo d'Alife
105,101,6,100,84,16,205,185,22,Brendola
2,2,0,1,1,0,3,3,0,Mombello Monferrato
9,12,0,6,5,0,15,17,0,Corteno Golgi
14,15,1,12,19,5,26,34,6,Orsenigo
45,43,3,49,48,14,94,91,17,Montanaro
11,12,0,16,15,1,27,27,1,Pessinetto
96,85,16,100,84,25,196,169,41,San Michele all'Adige
5,9,1,9,12,3,14,21,4,Perfugas
23,20,4,22,31,2,45,51,6,Ploaghe
9,9,3,9,32,6,18,41,9,Carloforte
148,178,26,117,102,10,265,280,36,Acate
0,1,1,2,2,1,2,3,2,Montefalcone Appennino
11,13,0,12,10,1,23,23,1,Roccamena
19,23,2,40,30,5,59,53,7,San Giuseppe Jato
8,9,0,7,12,2,15,21,2,Motta San Giovanni
3,11,1,9,6,2,12,17,3,Poggioreale
9,4,1,10,8,1,19,12,2,Dinami
119,107,8,118,179,22,237,286,30,Villa San Giovanni
2,1,0,3,6,1,5,7,1,Oschiri
4,3,0,1,4,0,5,7,0,Paterno Calabro
29,37,1,46,92,9,75,129,10,Pizzo
18,25,4,23,27,8,41,52,12,San Ginesio
6,6,1,4,12,1,10,18,2,Gimigliano
6,2,0,5,2,2,11,4,2,Fondachelli-Fantina
23,13,3,24,30,8,47,43,11,Premilcuore
239,189,21,211,181,36,450,370,57,San Stino di Livenza
4,7,0,5,14,1,9,21,1,Serina
25,22,2,18,45,3,43,67,5,Avigliano
43,38,9,51,62,13,94,100,22,Bettola
18,12,0,16,32,2,34,44,2,Lagonegro
7,6,1,5,11,0,12,17,1,Borgo Pace
61,49,11,59,39,12,120,88,23,San Germano Vercellese
0,0,0,3,0,0,3,0,0,Condofuri
12,9,2,8,10,1,20,19,3,Pietra de' Giorgi
135,151,21,155,215,63,290,366,84,Sestri Levante
19,18,8,15,60,17,34,78,25,Tarvisio
24,17,7,37,20,10,61,37,17,Pigna
6,11,1,14,8,2,20,19,3,Cantalice
5,5,0,7,11,0,12,16,0,Cermignano
16,11,2,12,12,4,28,23,6,Biccari
1,2,0,1,3,0,2,5,0,San Vincenzo Valle Roveto
90,91,16,84,128,13,174,219,29,Castelnuovo di Porto
52,62,14,60,73,15,112,135,29,Palo del Colle
2,2,0,0,4,0,2,6,0,Ricigliano
0,1,0,0,0,0,0,1,0,Esporlatu
46,44,20,40,57,36,86,101,56,Barga
2,0,0,4,3,0,6,3,0,Castropignano
0,1,1,0,2,1,0,3,2,Moncestino
100,95,15,102,108,23,202,203,38,Podenzano
41,55,4,61,54,11,102,109,15,Acqualagna
176,195,10,181,151,18,357,346,28,Cologna Veneta
0,0,0,0,0,1,0,0,1,Provvidenti
0,0,0,0,2,0,0,2,0,Monte Isola
0,2,2,1,2,3,1,4,5,Rocca d'Evandro
56,71,10,74,72,12,130,143,22,Pozzolo Formigaro
23,14,2,16,25,4,39,39,6,Valli del Pasubio
26,29,3,25,50,14,51,79,17,Castellabate
3,5,1,9,6,5,12,11,6,Palaia
44,57,9,60,62,17,104,119,26,Gattatico
249,289,36,265,212,36,514,501,72,Serravalle Scrivia
19,24,6,32,28,3,51,52,9,Nus
31,30,1,35,30,3,66,60,4,Predosa
3,2,1,4,6,0,7,8,1,Avise
4,2,0,4,5,0,8,7,0,Gerace
30,27,3,40,20,2,70,47,5,Rivara
50,60,7,61,54,7,111,114,14,San Giusto Canavese
17,26,3,19,30,7,36,56,10,Frossasco
322,320,43,323,500,88,645,820,131,Ivrea
0,0,0,0,0,0,0,0,0,Monastero di Lanzo
6,4,0,6,10,0,12,14,0,Mezzenile
1,9,0,0,1,1,1,10,1,Perrero
2,3,0,2,6,0,4,9,0,Bobbio Pellice
3,2,0,2,5,1,5,7,1,Bleggio Superiore
1,1,0,2,1,2,3,2,2,Aisone
14,14,1,17,12,4,31,26,5,Cesiomaggiore
48,49,15,48,53,13,96,102,28,Roccavione
3,4,0,6,12,3,9,16,3,San Casciano dei Bagni
30,24,7,30,55,12,60,79,19,Courmayeur
13,13,4,11,17,4,24,30,8,Santa Vittoria in Matenano
592,766,74,685,820,71,1277,1586,145,Olbia
26,28,6,38,37,11,64,65,17,Fontana Liri
27,22,1,21,25,5,48,47,6,Corno Giovine
2,3,3,0,5,0,2,8,3,Magomadas
92,91,14,76,109,13,168,200,27,Rodengo Saiano
44,49,3,55,54,12,99,103,15,Bellinzago Lombardo
12,17,3,21,37,14,33,54,17,San Vitaliano
24,22,3,15,21,3,39,43,6,San Daniele Po
2,1,1,0,4,2,2,5,3,Terzorio
27,29,2,23,44,6,50,73,8,Borgarello
66,63,6,58,54,7,124,117,13,Esine
10,12,0,15,27,4,25,39,4,Saltrio
8,6,3,3,11,0,11,17,3,Vesime
0,0,0,0,0,0,0,0,0,Angrogna
96,85,4,75,82,10,171,167,14,San Giovanni in Fiore
0,1,0,2,2,0,2,3,0,Maniace
4,4,0,2,4,1,6,8,1,Vastogirardi
504,601,53,421,392,47,925,993,100,Porto Recanati
393,407,46,367,359,51,760,766,97,Sarezzo
20,18,0,27,29,8,47,47,8,Ascoli Satriano
2,2,0,5,5,2,7,7,2,Valbondione
5,4,0,7,5,0,12,9,0,Roccaspinalveti
458,411,40,454,357,58,912,768,98,Leno
11,3,1,14,20,4,25,23,5,Ossi
13,12,1,21,25,4,34,37,5,Forino
84,81,13,97,110,20,181,191,33,Assago
117,151,20,122,170,32,239,321,52,Ronchi dei Legionari
247,215,18,235,163,24,482,378,42,Guidizzolo
97,110,7,111,101,9,208,211,16,Vigonovo
15,12,4,19,41,7,34,53,11,Buguggiate
8,6,3,7,7,2,15,13,5,Castana
1,1,0,1,4,1,2,5,1,Sessa Cilento
5,5,1,11,7,2,16,12,3,Bruno
78,72,7,101,73,16,179,145,23,Tavernerio
16,14,3,14,22,0,30,36,3,Valganna
14,11,0,8,11,3,22,22,3,Cagnano Amiterno
5,5,0,4,5,1,9,10,1,Cappella Cantone
27,33,2,39,43,8,66,76,10,Aymavilles
1,5,1,1,4,1,2,9,2,Santa Paolina
703,676,88,669,944,170,1372,1620,258,Sesto Fiorentino
0,0,0,0,0,0,0,0,0,Borgomale
29,53,3,30,41,2,59,94,5,Follo
395,373,37,349,315,54,744,688,91,Bagnolo Mella
19,27,3,28,32,3,47,59,6,Cuceglio
1,3,1,5,9,1,6,12,2,Leporano
53,51,5,86,84,14,139,135,19,Popoli
751,774,62,716,617,101,1467,1391,163,Seriate
0,0,0,0,0,0,0,0,0,Albaredo per San Marco
0,1,0,1,2,0,1,3,0,Serramezzana
279,244,35,293,300,38,572,544,73,Tradate
1,0,0,2,3,1,3,3,1,Fuscaldo
97,115,15,108,157,29,205,272,44,Biassono
286,294,39,315,300,55,601,594,94,San Vito al Tagliamento
4,9,2,17,12,6,21,21,8,San Donato Val di Comino
1,2,1,1,5,0,2,7,1,Baldissero Canavese
93,78,6,72,71,23,165,149,29,Varallo Pombia
3,0,0,2,0,1,5,0,1,Bosia
170,193,33,183,377,91,353,570,124,Nocera Inferiore
69,61,6,65,84,6,134,145,12,Montoro
163,181,7,163,136,10,326,317,17,Calvisano
54,48,6,54,48,11,108,96,17,Dairago
10,6,2,9,10,1,19,16,3,Altino
1,2,0,2,8,4,3,10,4,Pizzale
1,0,0,1,4,0,2,4,0,Parzanica
14,22,2,14,20,2,28,42,4,Piobesi d'Alba
7,5,0,7,7,3,14,12,3,Murello
16,22,0,22,20,3,38,42,3,Margarita
19,24,6,11,20,4,30,44,10,Montignoso
41,35,3,34,47,11,75,82,14,San Giorgio Canavese
23,21,6,22,35,8,45,56,14,Pozzuolo del Friuli
20,15,3,22,19,5,42,34,8,Arnesano
10,6,1,5,13,8,15,19,9,Jolanda di Savoia
96,89,13,102,86,19,198,175,32,Solarolo
33,38,2,35,39,5,68,77,7,Ficarolo
166,178,17,183,181,38,349,359,55,Campogalliano
5,8,1,6,11,2,11,19,3,Portofino
3,2,0,3,4,2,6,6,2,Roccamontepiano
6,3,0,8,8,0,14,11,0,San Giacomo degli Schiavoni
52,49,4,65,63,4,117,112,8,Lugo di Vicenza
41,45,4,40,38,12,81,83,16,Ponte Nossa
666,731,66,771,869,99,1437,1600,165,Paderno Dugnano
5,2,1,5,9,3,10,11,4,Monteparano
17,16,2,16,33,4,33,49,6,Porano
2,2,1,5,12,0,7,14,1,Cetara
14,11,1,9,17,1,23,28,2,Gruaro
1,1,0,3,3,1,4,4,1,Olmo al Brembo
29,17,6,22,20,4,51,37,10,San Marzano di San Giuseppe
19,25,2,27,32,6,46,57,8,Besate
89,106,18,112,116,21,201,222,39,Mozzo
30,18,2,24,24,2,54,42,4,Bovegno
16,13,4,22,19,5,38,32,9,Piario
27,31,4,37,35,10,64,66,14,Nimis
19,19,3,21,19,4,40,38,7,Serravalle a Po
19,21,1,31,25,5,50,46,6,Torrevecchia Pia
5,1,0,3,4,0,8,5,0,Comiziano
71,83,13,86,66,18,157,149,31,Castelmassa
1,2,1,3,5,2,4,7,3,Soverzene
2,0,1,0,7,1,2,7,2,Castelpoto
86,80,4,94,73,3,180,153,7,Tezze sul Brenta
153,140,8,146,114,10,299,254,18,Resana
0,0,0,1,2,1,1,2,1,Caianello
13,9,1,13,24,2,26,33,3,Ottobiano
34,63,15,39,77,27,73,140,42,Gardone Riviera
451,291,29,414,187,30,865,478,59,Castelcovati
48,41,9,45,42,6,93,83,15,Cividate Camuno
321,341,24,333,346,53,654,687,77,Cadoneghe
10,9,2,13,13,2,23,22,4,La Valle Agordina
326,378,20,353,372,51,679,750,71,Melzo
0,0,0,0,0,0,0,0,0,Tione degli Abruzzi
1,1,0,1,0,0,2,1,0,Campora
174,138,15,165,146,23,339,284,38,Cavezzo
0,0,0,4,1,0,4,1,0,Scillato
2,6,0,3,10,3,5,16,3,Castrofilippo
0,0,1,0,4,2,0,4,3,Limina
0,1,0,0,2,0,0,3,0,Tuili
0,0,0,0,1,2,0,1,2,San Salvatore di Fitalia
2,1,0,2,2,1,4,3,1,Villamassargia
67,57,11,51,39,9,118,96,20,Garlate
0,0,0,0,0,3,0,0,3,Sant'Angelo del Pesco
92,94,10,82,94,18,174,188,28,Rivignano Teor
5,6,2,6,8,1,11,14,3,Siliqua
0,0,0,1,1,0,1,1,0,Ballao
17,25,0,27,23,4,44,48,4,Comazzo
1,9,0,3,7,1,4,16,1,San Biagio Platani
0,1,0,0,5,1,0,6,1,Villalba
14,10,5,17,24,4,31,34,9,Santa Ninfa
6,9,0,7,10,0,13,19,0,Montemaggiore Belsito
4,6,0,8,3,2,12,9,2,Roccapalumba
98,131,20,114,122,14,212,253,34,Zelo Buon Persico
67,62,9,76,48,8,143,110,17,Graffignana
45,42,6,41,35,7,86,77,13,Rogeno
0,0,0,0,1,0,0,1,0,Fallo
12,15,2,12,21,6,24,36,8,Roccabernarda
1,2,0,2,2,0,3,4,0,Cersosimo
13,9,0,9,18,2,22,27,2,Visso
6,6,0,4,16,2,10,22,2,Semproniano
13,12,1,7,12,1,20,24,2,Bassiano
37,45,7,46,36,3,83,81,10,Barzago
1,0,1,0,1,0,1,1,1,Bauladu
5,4,0,5,3,2,10,7,2,Boschi Sant'Anna
4,8,4,9,13,5,13,21,9,Casperia
8,3,1,1,8,2,9,11,3,San Cassiano
4,6,1,7,10,3,11,16,4,Collepasso
7,4,0,6,10,3,13,14,3,Isola del Giglio
172,212,24,201,282,35,373,494,59,Alfonsine
254,279,31,273,300,45,527,579,76,Merate
2,2,1,4,9,5,6,11,6,Vernole
27,26,3,19,41,10,46,67,13,Moena
92,67,6,85,61,5,177,128,11,Milzano
31,35,3,36,36,4,67,71,7,Marcignago
9,15,3,10,18,2,19,33,5,Bianzone
148,139,17,184,123,19,332,262,36,San Giovanni al Natisone
176,150,18,177,245,30,353,395,48,Albignasego
1,2,0,0,1,0,1,3,0,Velo Veronese
106,110,10,121,90,31,227,200,41,Sarmato
6,2,3,3,22,4,9,24,7,Sermoneta
5,8,0,10,4,0,15,12,0,San Lupo
29,20,6,16,30,6,45,50,12,Sammichele di Bari
88,81,13,96,110,18,184,191,31,Impruneta
185,209,25,240,221,30,425,430,55,Dueville
36,39,18,37,80,21,73,119,39,Cavaion Veronese
58,55,11,63,70,12,121,125,23,Ranica
197,200,20,203,190,30,400,390,50,Nembro
60,66,14,77,110,14,137,176,28,Paola
69,68,4,63,111,7,132,179,11,Teverola
42,43,6,39,28,8,81,71,14,Motta Baluffi
19,21,0,16,25,3,35,46,3,Bevilacqua
0,1,0,0,2,0,0,3,0,Faedo Valtellino
25,25,4,15,17,5,40,42,9,Malfa
38,25,0,32,26,0,70,51,0,San Cono
19,20,1,16,32,3,35,52,4,Monsano
5,8,0,6,9,1,11,17,1,Gavoi
50,75,11,35,49,9,85,124,20,San Cesario di Lecce
2,2,0,2,2,0,4,4,0,Fosciandora
8,2,1,5,14,2,13,16,3,Sogliano Cavour
271,323,37,287,371,45,558,694,82,San Severo
1,0,0,1,1,0,2,1,0,Cellara
266,229,37,279,357,49,545,586,86,Alba Adriatica
9,9,2,4,17,1,13,26,3,Capriva del Friuli
28,25,7,39,34,11,67,59,18,San Lorenzo Nuovo
7,5,3,4,17,4,11,22,7,Lozza
5,1,0,8,4,1,13,5,1,Anzano di Puglia
2,6,0,8,10,1,10,16,1,Collepietro
13,12,3,16,24,8,29,36,11,Montecosaro
116,104,21,135,132,28,251,236,49,Borghetto Santo Spirito
799,806,68,857,575,84,1656,1381,152,Romano di Lombardia
71,80,3,102,254,50,173,334,53,Pompei
46,49,7,51,70,11,97,119,18,Masate
0,0,0,0,0,1,0,0,1,Levice
3,4,1,5,13,2,8,17,3,Siligo
34,49,12,51,85,25,85,134,37,Iglesias
0,0,0,0,1,0,0,1,0,Siris
1,0,0,0,3,0,1,3,0,Pietrabbondante
5,2,1,2,8,0,7,10,1,Roppolo
118,163,14,147,166,26,265,329,40,Ronciglione
123,102,9,139,90,14,262,192,23,Caraglio
168,198,26,189,262,66,357,460,92,Omegna
19,12,2,20,17,3,39,29,5,Rivarossa
8,8,1,8,12,1,16,20,2,Lauriano
14,8,0,7,14,2,21,22,2,Sedrina
7,3,1,6,14,0,13,17,1,Flumeri
1,1,0,3,10,0,4,11,0,Valva
7,13,3,11,11,2,18,24,5,Sala Comacina
0,0,0,1,3,0,1,3,0,Maretto
0,1,1,1,3,1,1,4,2,San Bartolomeo Val Cavargna
0,0,0,1,1,0,1,1,0,Val Rezzo
24,25,2,28,30,2,52,55,4,Gerenzago
10,13,1,18,21,2,28,34,3,Faloppio
29,28,3,37,28,5,66,56,8,Loreo
40,49,10,57,72,8,97,121,18,Camporosso
27,27,5,32,31,7,59,58,12,Cervignano d'Adda
0,2,0,2,2,0,2,4,0,Bozzole
21,15,3,20,18,3,41,33,6,Galgagnano
118,110,17,133,120,27,251,230,44,Arcisate
2,3,0,5,3,0,7,6,0,Golferenzo
4,1,1,4,11,0,8,12,1,Castelnuovo Bozzente
4,2,1,5,1,0,9,3,1,Belsito
2,2,0,2,4,1,4,6,1,Giuggianello
0,0,0,0,1,1,0,1,1,Lorsica
299,378,33,352,478,59,651,856,92,Barletta
0,1,0,1,3,1,1,4,1,Trezzone
6,6,0,8,7,0,14,13,0,Monte Vidon Combatte
62,61,14,55,67,15,117,128,29,Sumirago
7,6,1,8,9,0,15,15,1,San Mango d'Aquino
216,274,28,246,344,48,462,618,76,Arcore
53,47,11,60,47,12,113,94,23,Canepina
1,4,0,9,19,4,10,23,4,Campana
17,17,7,12,31,9,29,48,16,Castelveccana
11,15,5,8,7,3,19,22,8,Calosso
1,2,1,1,1,4,2,3,5,Bianzano
14,14,1,18,19,2,32,33,3,Muscoline
6,12,2,8,10,2,14,22,4,Castello Cabiaglio
0,1,0,2,2,1,2,3,1,Pescosansonesco
68,52,3,47,67,9,115,119,12,Zoppola
2,3,0,1,4,1,3,7,1,Scarmagno
56,42,4,45,60,10,101,102,14,Palazzo San Gervasio
31,16,3,23,37,8,54,53,11,Senise
2,2,0,1,4,0,3,6,0,Vallepietra
155,129,33,166,164,42,321,293,75,Castiglione del Lago
19,24,0,21,31,2,40,55,2,Candia Canavese
22,22,5,31,32,7,53,54,12,Cafasse
95,96,5,96,90,10,191,186,15,Bregnano
53,50,5,51,40,3,104,90,8,Rivarolo Mantovano
10,11,3,10,20,4,20,31,7,Bossolasco
2,2,0,2,6,0,4,8,0,Brosso
224,207,29,202,194,50,426,401,79,Castelnovo di Sotto
3,3,0,6,5,0,9,8,0,Gandosso
3,0,1,6,10,2,9,10,3,Salza Irpina
89,78,5,89,86,12,178,164,17,Sergnano
10,9,0,10,22,7,20,31,7,Cureggio
3,2,1,5,10,2,8,12,3,Romagnese
53,54,11,41,80,18,94,134,29,Romagnano Sesia
81,112,31,84,138,44,165,250,75,Ispra
3,1,0,3,1,0,6,2,0,Clauzetto
4,0,0,5,9,1,9,9,1,Rueglio
18,16,2,20,18,3,38,34,5,Tresana
24,17,1,24,22,4,48,39,5,Sparone
2,4,0,4,13,2,6,17,2,Burolo
159,154,11,165,438,72,324,592,83,Santa Maria Capua Vetere
1,6,0,10,12,3,11,18,3,Buronzo
8,7,1,6,9,1,14,16,2,Prignano Cilento
76,83,8,99,77,16,175,160,24,Sant'Antonino di Susa
4,8,1,6,19,5,10,27,6,Vische
30,30,5,36,43,10,66,73,15,Meina
4,10,5,2,10,8,6,20,13,Massino Visconti
7,9,0,9,9,1,16,18,1,Cavallerleone
51,34,4,36,28,6,87,62,10,Pontedassio
199,159,31,202,156,34,401,315,65,Ceva
6,7,1,7,12,1,13,19,2,Mattie
19,14,1,13,15,1,32,29,2,Villeneuve
10,10,1,10,12,2,20,22,3,Tornata
21,48,2,47,51,5,68,99,7,Frignano
518,487,40,426,385,45,944,872,85,Ospitaletto
28,19,7,31,52,10,59,71,17,Lucignano
26,24,0,23,14,0,49,38,0,Barbata
107,83,7,122,90,14,229,173,21,Camposanto
44,54,6,51,47,7,95,101,13,Casale Cremasco-Vidolasco
4,3,0,7,4,1,11,7,1,Calice al Cornoviglio
6,5,0,4,14,3,10,19,3,Monteleone Sabino
48,42,6,48,52,7,96,94,13,Bisignano
57,69,5,55,72,9,112,141,14,Civitella San Paolo
38,51,7,58,82,9,96,133,16,Attigliano
71,59,9,72,66,16,143,125,25,Cappella Maggiore
104,102,6,100,97,12,204,199,18,Corchiano
7,7,5,14,24,8,21,31,13,Campi Salentina
15,16,2,27,35,5,42,51,7,Otranto
48,45,6,51,45,4,99,90,10,Sabbioneta
36,42,0,28,41,2,64,83,2,Apecchio
115,134,9,99,87,13,214,221,22,Meolo
69,78,11,63,63,11,132,141,22,Vajont
228,208,22,237,241,51,465,449,73,Dolo
4,1,1,5,6,1,9,7,2,Martignano
25,18,4,18,42,13,43,60,17,Sori
235,220,28,245,209,32,480,429,60,Santa Lucia di Piave
5,3,0,3,15,2,8,18,2,Volturara Irpina
570,531,44,599,433,56,1169,964,100,Carpenedolo
40,45,14,41,69,18,81,114,32,Martignacco
0,0,0,0,0,0,0,0,0,Dogna
0,2,0,0,4,1,0,6,1,Pontinvrea
5,5,0,5,5,1,10,10,1,Orria
44,42,4,64,50,5,108,92,9,Lonate Ceppino
84,109,6,118,136,20,202,245,26,Pogliano Milanese
8,8,3,10,11,0,18,19,3,Marzano Appio
45,36,4,44,52,5,89,88,9,Paglieta
7,4,1,10,5,5,17,9,6,Castelfranci
18,14,5,20,23,2,38,37,7,Picciano
2,5,0,2,4,0,4,9,0,Aquara
19,26,5,27,28,7,46,54,12,Folignano
2,2,2,2,4,2,4,6,4,Vignone
0,0,0,2,1,1,2,1,1,Isolabella
27,20,0,26,31,2,53,51,2,Cicognolo
1,0,0,2,2,1,3,2,1,Illorai
19,12,3,18,19,3,37,31,6,Giarratana
7,2,1,6,2,2,13,4,3,Contessa Entellina
75,81,5,65,78,7,140,159,12,Monastier di Treviso
16,10,1,17,11,2,33,21,3,Pieve Albignola
33,33,7,31,30,8,64,63,15,Borgo San Martino
58,65,19,68,77,11,126,142,30,Motta Sant'Anastasia
6,4,0,4,7,2,10,11,2,Caresanablot
6,2,1,11,7,2,17,9,3,San Giovanni Suergiu
0,1,1,1,3,1,1,4,2,Orune
2,1,1,2,4,1,4,5,2,Samo
55,46,5,40,57,9,95,103,14,Alice Castello
147,159,21,180,197,35,327,356,56,Santarcangelo di Romagna
421,403,43,469,546,71,890,949,114,Settimo Torinese
10,9,0,13,20,0,23,29,0,Cetraro
45,31,4,57,67,12,102,98,16,Piancastagnaio
10,14,1,12,14,0,22,28,1,San Vito sullo Ionio
9,8,3,8,21,4,17,29,7,Muravera
181,311,107,212,381,74,393,692,181,Quartu Sant'Elena
5,7,0,9,4,2,14,11,2,Canal San Bovo
683,597,75,697,655,117,1380,1252,192,Montevarchi
14,21,6,28,19,6,42,40,12,Lesignano de' Bagni
0,0,0,0,2,0,0,2,0,Pietrapaola
9,9,2,11,14,4,20,23,6,Monte San Giacomo
68,52,12,58,69,23,126,121,35,Montereale Valcellina
4,4,0,4,9,0,8,13,0,Fabbriche di Vergemoli
20,3,3,9,16,1,29,19,4,Brienza
31,28,2,42,77,17,73,105,19,Amantea
19,22,5,36,50,14,55,72,19,Bagnara Calabra
29,38,6,33,55,13,62,93,19,Gravedona ed Uniti
19,36,8,16,20,1,35,56,9,Lodrino
20,10,1,18,10,0,38,20,1,Pertica Bassa
12,13,5,20,18,4,32,31,9,Isolabona
12,11,2,13,30,7,25,41,9,Briatico
0,1,0,2,3,0,2,4,0,Cereseto
186,178,17,202,251,46,388,429,63,Vetralla
66,66,9,77,61,18,143,127,27,Cavalese
0,0,0,1,1,0,1,1,0,Montegallo
570,509,86,573,650,141,1143,1159,227,Rapallo
131,106,7,127,116,8,258,222,15,Bagnolo Piemonte
2,1,0,2,4,1,4,5,1,Castelluccio Valmaggiore
12,7,3,5,12,6,17,19,9,Pietramontecorvino
65,66,11,73,108,27,138,174,38,Albisola Superiore
14,19,3,21,11,4,35,30,7,Sefro
0,0,0,0,1,1,0,1,1,Roncobello
28,28,6,31,57,16,59,85,22,Asiago
26,11,2,21,43,17,47,54,19,Ferrandina
16,11,2,10,12,2,26,23,4,Sant'Anna d'Alfaedo
0,0,0,0,2,0,0,2,0,San Giuliano di Puglia
100,97,21,107,143,32,207,240,53,Pianoro
97,107,6,100,76,2,197,183,8,Oppeano
1,0,1,1,3,0,2,3,1,Traversella
21,16,4,17,18,5,38,34,9,San Paolo di Jesi
16,12,2,18,15,3,34,27,5,Caramanico Terme
269,272,31,280,260,46,549,532,77,Romano d'Ezzelino
168,168,21,167,174,30,335,342,51,Garlasco
11,3,0,14,10,1,25,13,1,San Sosti
19,14,2,15,14,7,34,28,9,Ormea
26,16,4,17,24,3,43,40,7,Dego
6,4,0,2,8,0,8,12,0,Careri
20,24,1,21,29,2,41,53,3,Laureana di Borrello
65,62,7,50,46,6,115,108,13,Incisa Scapaccino
21,24,1,26,26,4,47,50,5,Segonzano
0,1,0,2,3,1,2,4,1,Pecetto di Valenza
206,214,6,254,244,41,460,458,47,Finale Emilia
6,7,1,11,6,1,17,13,2,Melazzo
36,26,3,39,50,9,75,76,12,San Salvatore Monferrato
4,8,2,5,15,4,9,23,6,Valmacca
161,147,19,155,176,28,316,323,47,Bondeno
64,76,13,85,71,16,149,147,29,Cazzago San Martino
7,5,0,8,5,0,15,10,0,Montaldo Torinese
17,19,1,15,20,5,32,39,6,Pieranica
59,58,7,46,52,9,105,110,16,Erbusco
63,68,4,73,92,11,136,160,15,Pozzuolo Martesana
3,0,0,1,1,1,4,1,1,Fontegreca
3,2,1,4,9,2,7,11,3,Bonorva
3,3,1,3,8,2,6,11,3,Sarroch
10,11,0,6,14,4,16,25,4,Bivona
5,6,2,7,10,1,12,16,3,Vallelunga Pratameno
24,20,1,33,36,3,57,56,4,Cattolica Eraclea
12,10,2,12,12,3,24,22,5,Abbasanta
7,9,1,10,7,3,17,16,4,Maracalagonis
0,0,2,0,3,1,0,3,3,San Luca
8,16,6,17,39,4,25,55,10,Teano
317,400,37,339,603,85,656,1003,122,Battipaglia
3,2,0,2,2,0,5,4,0,Massimeno
6,2,0,6,15,2,12,17,2,Calasetta
1,0,0,0,1,0,1,1,0,Cortino
9,9,5,15,11,5,24,20,10,Florinas
6,3,1,2,4,1,8,7,2,Sanarica
112,135,18,142,162,26,254,297,44,Selvazzano Dentro
45,40,7,36,58,11,81,98,18,Fumane
28,24,3,35,27,5,63,51,8,Gazzo Veronese
9,12,3,11,15,7,20,27,10,Scalenghe
0,0,0,0,0,0,0,0,0,Montecrestese
19,19,4,24,62,12,43,81,16,Atri
94,110,12,90,95,16,184,205,28,Bernalda
311,380,36,327,375,46,638,755,82,Valeggio sul Mincio
39,30,2,35,41,10,74,71,12,Spiazzo
266,262,38,265,408,91,531,670,129,Portogruaro
1,3,1,5,4,0,6,7,1,Pozzol Groppo
2,3,0,1,3,1,3,6,1,Cosio d'Arroscia
7,10,5,9,13,9,16,23,14,Mondavio
37,31,9,53,63,7,90,94,16,Montella
0,0,0,1,1,1,1,1,1,Guardiaregia
178,165,17,174,203,20,352,368,37,Ferentino
10,6,1,9,5,2,19,11,3,Caldes
3,6,0,9,9,2,12,15,2,Ottati
7,3,3,8,15,1,15,18,4,Fivizzano
2,0,0,7,8,1,9,8,1,Magisano
9,6,0,7,6,2,16,12,2,Colli a Volturno
15,9,1,12,12,0,27,21,1,San Godenzo
145,166,45,157,306,70,302,472,115,Pietrasanta
3,2,0,5,6,1,8,8,1,Tavenna
113,89,10,117,103,17,230,192,27,Medesano
0,2,1,0,6,3,0,8,4,Montegiordano
19,20,3,29,35,10,48,55,13,Mercatino Conca
218,296,29,271,261,39,489,557,68,Sant'Ambrogio di Valpolicella
7,10,4,13,20,1,20,30,5,Solignano
62,54,6,60,54,9,122,108,15,Villafranca Padovana
8,14,4,18,28,3,26,42,7,Rovetta
40,56,1,53,39,4,93,95,5,Santa Croce di Magliano
7,11,0,9,21,2,16,32,2,Fiumalbo
2,1,0,4,4,1,6,5,1,Diso
47,50,4,71,59,8,118,109,12,Viguzzolo
30,28,2,33,36,0,63,64,2,Molare
3,12,1,5,18,6,8,30,7,Torriglia
76,86,14,86,143,44,162,229,58,Stresa
2,4,0,0,0,1,2,4,1,Campertogno
4,2,0,4,14,1,8,16,1,San Fele
273,223,32,281,283,74,554,506,106,Scandiano
318,296,31,309,275,58,627,571,89,Novellara
1,1,0,3,2,0,4,3,0,Lupara
15,10,4,14,61,5,29,71,9,Levanto
0,0,0,1,5,2,1,5,2,Terranova di Pollino
189,295,36,218,262,28,407,557,64,Gioia Tauro
35,38,10,40,53,14,75,91,24,Anghiari
1,3,1,5,2,3,6,5,4,Santa Luce
77,62,17,72,88,23,149,150,40,San Nicandro Garganico
1,1,1,2,2,1,3,3,2,Conzano
3,2,1,2,7,0,5,9,1,Coassolo Torinese
0,0,0,1,0,0,1,0,0,Rossa
9,6,2,4,12,6,13,18,8,Caresana
22,11,7,24,17,6,46,28,13,San Vito Lo Capo
0,0,0,0,0,0,0,0,0,Sorradile
1,5,0,3,9,1,4,14,1,Villaspeciosa
0,0,0,1,1,0,1,1,0,Burgos
5,1,2,1,4,1,6,5,3,Cairano
11,13,2,15,22,3,26,35,5,Occhieppo Superiore
36,59,0,64,54,5,100,113,5,Lesina
91,140,12,116,111,17,207,251,29,Robbiate
366,279,62,379,344,69,745,623,131,Saluzzo
1,3,0,4,1,0,5,4,0,Ternengo
17,16,3,27,36,5,44,52,8,Peschici
46,37,3,58,61,12,104,98,15,Solarino
13,37,1,24,32,2,37,69,3,Isola delle Femmine
4,1,0,3,7,2,7,8,2,Verrone
492,548,116,546,897,259,1038,1445,375,Riccione
1,4,1,2,2,0,3,6,1,Cantagallo
83,87,13,86,82,14,169,169,27,Massalengo
14,11,2,19,18,1,33,29,3,Joppolo
9,14,6,16,15,11,25,29,17,Campiglia Marittima
4,3,0,6,5,0,10,8,0,Villa Basilica
15,12,3,16,20,3,31,32,6,Sant'Angelo in Pontano
4,8,0,6,8,2,10,16,2,Rocca Massima
0,2,0,2,3,0,2,5,0,Concerviano
3,8,2,11,9,2,14,17,4,Irgoli
283,324,54,275,483,102,558,807,156,Cattolica
69,75,12,76,142,35,145,217,47,Manziana
0,2,0,0,0,2,0,2,2,Morro d'Oro
4,9,3,4,10,9,8,19,12,Castellina Marittima
17,18,5,27,97,24,44,115,29,Piano di Sorrento
0,1,0,1,5,1,1,6,1,Umbriatico
30,16,0,25,19,3,55,35,3,Travesio
220,249,35,267,248,47,487,497,82,Maniago
2,1,1,3,9,5,5,10,6,Moio della Civitella
0,3,1,4,12,5,4,15,6,Minori
4,3,0,2,1,0,6,4,0,Monasterace
2,2,2,9,6,3,11,8,5,Zone
60,61,9,65,63,22,125,124,31,Canossa
3,4,1,2,5,1,5,9,2,Ortignano Raggiolo
44,42,4,44,39,4,88,81,8,Ponzano Romano
9,9,0,14,11,2,23,20,2,Bardineto
1,2,1,0,1,0,1,3,1,Vacone
112,131,5,122,115,8,234,246,13,Pontelongo
47,39,2,47,38,6,94,77,8,Saonara
9,9,0,10,10,1,19,19,1,Ronzone
104,95,12,104,84,14,208,179,26,Orsago
61,68,3,51,56,5,112,124,8,San Vito Romano
6,5,2,8,2,2,14,7,4,Poggiorsini
1,0,1,0,4,0,1,4,1,Pennadomo
13,17,1,15,17,5,28,34,6,Enego
7,13,0,15,12,0,22,25,0,Cazzano di Tramigna
10,14,1,14,21,1,24,35,2,Mariano del Friuli
53,57,7,43,61,9,96,118,16,Bagnolo San Vito
78,72,1,81,74,8,159,146,9,Sparanise
6,4,0,3,16,3,9,20,3,Gallio
13,11,2,15,16,3,28,27,5,Penna in Teverina
17,11,0,14,18,3,31,29,3,Grotte
16,18,2,22,40,6,38,58,8,Nicosia
5,6,0,6,10,2,11,16,2,Favignana
5,2,1,5,4,0,10,6,1,Petrizzi
77,60,5,58,59,11,135,119,16,Paitone
780,809,106,793,987,184,1573,1796,290,Scandicci
122,153,30,111,232,38,233,385,68,Basiglio
47,52,7,50,64,10,97,116,17,Basiano
115,119,5,109,87,6,224,206,11,San Gervasio Bresciano
17,21,1,17,34,1,34,55,2,Roviano
2,3,0,4,4,1,6,7,1,Malagnino
7,4,0,8,4,2,15,8,2,Controne
7,5,0,3,11,1,10,16,1,Marzano di Nola
129,153,15,115,165,18,244,318,33,San Marzano sul Sarno
37,39,4,30,43,9,67,82,13,Malalbergo
2,1,0,0,3,0,2,4,0,Pico
2,4,1,3,4,1,5,8,2,Sant'Agata Fossili
4,6,4,5,10,5,9,16,9,Brinzio
0,0,0,0,0,0,0,0,0,Rondanina
86,76,19,89,145,26,175,221,45,Loreto
11,12,1,13,7,4,24,19,5,Capriana
0,1,0,3,10,2,3,11,2,Gioi
15,13,4,11,19,4,26,32,8,Magnano in Riviera
113,125,13,82,103,26,195,228,39,Gozzano
24,29,1,11,23,5,35,52,6,Casalzuigno
85,56,7,53,51,14,138,107,21,Cembra Lisignago
6,6,0,6,4,4,12,10,4,Mottalciata
5,4,2,6,8,0,11,12,2,Spadola
1,0,0,0,3,0,1,3,0,Oneta
17,12,2,10,21,3,27,33,5,Marcellinara
1,1,0,1,1,0,2,2,0,Calciano
37,37,0,41,28,4,78,65,4,Visone
35,51,8,38,55,13,73,106,21,Brancaleone
10,6,1,6,9,1,16,15,2,Cerrina Monferrato
96,92,3,90,91,6,186,183,9,Favria
3,2,0,2,5,1,5,7,1,Cargeghe
40,57,10,61,121,25,101,178,35,Bagheria
6,6,0,7,5,0,13,11,0,Cesara
12,4,0,10,7,4,22,11,4,Summonte
16,11,3,14,19,5,30,30,8,Pontestura
5,9,7,7,11,7,12,20,14,Valsolda
444,426,37,488,524,71,932,950,108,Spinea
141,176,12,158,165,17,299,341,29,Carmignano di Brenta
11,7,0,7,11,6,18,18,6,Mossa
1,3,0,3,8,2,4,11,2,Enemonzo
26,28,2,39,30,7,65,58,9,Silvano d'Orba
22,12,3,17,17,3,39,29,6,Fumone
3,2,0,8,7,2,11,9,2,Marsico Nuovo
8,5,1,5,11,1,13,16,2,Castelletto di Branduzzo
6,5,1,1,4,3,7,9,4,Orco Feglino
0,0,2,0,1,2,0,1,4,Livo
1,3,0,3,5,0,4,8,0,Solonghello
181,147,27,141,157,39,322,304,66,Fiume Veneto
5,6,0,6,9,1,11,15,1,Sarconi
25,27,8,31,39,13,56,66,21,Montappone
44,41,3,35,62,21,79,103,24,Grignasco
164,179,17,161,152,20,325,331,37,Borgoricco
139,150,7,168,153,20,307,303,27,Lanuvio
247,257,15,257,298,40,504,555,55,Concorezzo
11,9,0,6,16,2,17,25,2,Calcata
3,10,3,6,21,2,9,31,5,Laglio
0,1,0,0,5,1,0,6,1,Salento
12,12,2,17,15,1,29,27,3,Sant'Angelo Lomellina
213,209,30,234,227,23,447,436,53,Mazzano
49,40,3,43,34,4,92,74,7,Casalromano
32,23,2,43,25,2,75,48,4,Bosaro
11,16,2,19,12,6,30,28,8,Preseglie
0,2,0,0,1,1,0,3,1,Costa Valle Imagna
33,49,17,38,56,20,71,105,37,Travedona-Monate
8,7,3,9,10,4,17,17,7,Musso
9,6,1,10,8,0,19,14,1,Revine Lago
0,0,1,1,3,2,1,3,3,Casanova Elvo
57,42,6,56,53,6,113,95,12,Norma
1,1,1,0,2,0,1,3,1,San Colombano Belmonte
74,59,4,50,35,5,124,94,9,Alfianello
2,4,1,2,5,1,4,9,2,Sillavengo
13,7,2,7,11,5,20,18,7,Cavallirio
12,14,1,18,15,0,30,29,1,Rancio Valcuvia
20,12,4,16,20,4,36,32,8,Castagnole Monferrato
29,26,3,32,40,4,61,66,7,Montodine
172,221,15,163,124,22,335,345,37,Brembate
12,15,2,12,22,4,24,37,6,Lauro
16,10,3,12,17,3,28,27,6,Torino di Sangro
21,16,4,19,19,7,40,35,11,Pavia di Udine
44,44,12,51,74,7,95,118,19,Spezzano Albanese
0,2,0,0,3,2,0,5,2,Trivigno
602,554,61,673,720,118,1275,1274,179,Crema
71,94,6,52,49,8,123,143,14,Adrara San Martino
1,2,0,3,10,3,4,12,3,San Valentino in Abruzzo Citeriore
30,34,7,53,42,12,83,76,19,Bisuschio
17,18,1,18,39,9,35,57,10,Monterosso al Mare
87,71,4,72,72,9,159,143,13,Marcallo con Casone
29,26,7,33,48,3,62,74,10,Trivolzio
38,26,1,28,19,5,66,45,6,Azzanello
3,2,0,4,2,0,7,4,0,Alfiano Natta
14,11,2,17,16,2,31,27,4,Crotta d'Adda
59,56,4,59,52,10,118,108,14,Beinette
1,1,0,7,9,1,8,10,1,Armento
35,23,4,26,28,2,61,51,6,Frugarolo
116,110,16,123,113,15,239,223,31,Lacchiarella
21,12,3,21,14,4,42,26,7,Martiniana Po
17,16,3,13,15,1,30,31,4,Vivaro
51,51,12,64,73,17,115,124,29,Germignaga
6,2,0,7,5,0,13,7,0,Pollutri
10,7,0,12,20,5,22,27,5,Acerno
42,39,3,46,30,8,88,69,11,Pieve San Giacomo
0,0,0,1,5,3,1,5,3,Trevico
18,18,3,20,34,11,38,52,14,Paruzzaro
34,39,2,56,52,11,90,91,13,Costabissara
9,11,2,6,10,4,15,21,6,Pomaretto
17,21,2,28,32,3,45,53,5,San Sebastiano Curone
21,36,6,36,37,9,57,73,15,San Zenone al Lambro
94,74,9,95,86,11,189,160,20,Cisano Bergamasco
16,15,3,27,19,1,43,34,4,Chitignano
26,20,3,28,49,8,54,69,11,Lagosanto
15,22,2,18,21,3,33,43,5,Longiano
68,94,13,65,92,19,133,186,32,San Fior
3,6,0,7,7,1,10,13,1,Roccascalegna
24,25,3,25,27,6,49,52,9,Grandate
12,10,2,8,16,0,20,26,2,Rivoli Veronese
13,15,3,24,33,5,37,48,8,Gradoli
6,5,1,11,12,2,17,17,3,Palata
0,0,0,1,2,0,1,2,0,San Polo Matese
6,6,1,8,12,5,14,18,6,Forgaria nel Friuli
32,31,8,24,55,7,56,86,15,Gonars
28,32,0,28,28,1,56,60,1,Spormaggiore
26,30,3,23,59,9,49,89,12,Carpiano
0,0,0,0,1,0,0,1,0,Cornalba
108,95,9,106,126,16,214,221,25,Itri
233,245,18,219,204,32,452,449,50,Castano Primo
11,15,0,14,16,4,25,31,4,Campiglia dei Berici
31,31,4,40,36,7,71,67,11,Scandolara Ravara
3,4,0,1,3,0,4,7,0,Rocca de' Giorgi
1841,1985,112,1752,1716,148,3593,3701,260,Pioltello
28,33,5,20,20,6,48,53,11,Piansano
44,34,7,36,46,10,80,80,17,Osoppo
43,41,6,48,42,11,91,83,17,Lozzo di Cadore
65,77,7,82,82,20,147,159,27,Mezzago
0,0,0,0,0,0,0,0,0,Spriana
0,0,0,0,0,0,0,0,0,Frassilongo
0,0,0,0,0,0,0,0,0,Fraconalto
26,15,1,12,8,1,38,23,2,San Damiano al Colle
26,35,3,35,52,8,61,87,11,Carbognano
70,63,15,69,74,16,139,137,31,Torreglia
2,1,1,3,5,2,5,6,3,Tigliole
1,2,0,3,3,0,4,5,0,Averara
1,5,1,5,4,0,6,9,1,Bonea
2,2,0,5,3,0,7,5,0,Roiate
57,50,13,66,53,14,123,103,27,Strevi
84,91,10,84,87,7,168,178,17,Carugo
11,17,2,13,16,3,24,33,5,Chiaverano
0,3,1,1,1,0,1,4,1,Marzio
35,35,6,39,67,11,74,102,17,Sestu
0,0,0,1,1,2,1,1,2,Villanova Tulo
8,12,1,11,14,4,19,26,5,Bono
37,39,7,37,53,9,74,92,16,Casciago
2,1,0,3,11,3,5,12,3,Comelico Superiore
54,44,2,54,56,8,108,100,10,Nicolosi
35,44,4,26,36,7,61,80,11,Oppido Mamertina
2,1,0,1,4,1,3,5,1,Stilo
0,0,0,1,2,0,1,2,0,Valle Castellana
278,423,42,227,471,70,505,894,112,Mondragone
2,0,1,0,3,1,2,3,2,Pescolanciano
3,4,0,2,9,1,5,13,1,Salussola
174,164,13,185,190,20,359,354,33,Leini
12,12,2,11,22,2,23,34,4,Baschi
17,17,1,32,27,7,49,44,8,Monte San Vito
15,13,0,29,29,0,44,42,0,Boville Ernica
59,59,20,89,112,23,148,171,43,Castellana Grotte
4,10,0,10,16,7,14,26,7,San Donato di Lecce
2,1,1,1,7,0,3,8,1,Sant'Andrea Frius
0,3,0,3,6,0,3,9,0,Lula
15,10,1,10,8,1,25,18,2,Novara di Sicilia
0,0,0,2,5,0,2,5,0,Carbone
156,142,23,167,210,57,323,352,80,Cossato
440,382,51,460,476,82,900,858,133,Salsomaggiore Terme
43,68,7,63,45,8,106,113,15,Castel Focognano
3,2,0,2,4,1,5,6,1,Montesano sulla Marcellana
0,4,1,0,2,1,0,6,2,Rocca Sinibalda
15,9,1,16,26,2,31,35,3,Porto Tolle
5,5,0,5,7,3,10,12,3,Ledro
280,288,27,322,370,44,602,658,71,Legnago
278,255,31,287,228,33,565,483,64,Nogara
57,107,24,87,171,63,144,278,87,Capri
0,0,0,2,3,0,2,3,0,Santa Maria del Molise
1,3,0,0,3,1,1,6,1,Madonna del Sasso
1,2,0,3,9,4,4,11,4,Piuro
32,42,3,31,37,6,63,79,9,Chions
30,26,6,19,30,3,49,56,9,Sezzadio
4,2,0,2,5,0,6,7,0,Serravalle Pistoiese
5,3,2,6,5,2,11,8,4,Gambatesa
1,1,1,4,2,2,5,3,3,Socchieve
124,111,18,115,133,32,239,244,50,Ortona
62,41,4,60,49,8,122,90,12,Castelnuovo Berardenga
3,1,0,4,10,1,7,11,1,Corte Brugnatella
0,0,1,1,2,0,1,2,1,Zeri
6,6,3,14,19,6,20,25,9,Mergozzo
71,71,4,64,64,11,135,135,15,Morrovalle
5,1,2,2,8,2,7,9,4,Albareto
1,0,0,0,1,1,1,1,1,Piazzatorre
1,4,1,0,7,0,1,11,1,Cremolino
9,6,1,9,16,0,18,22,1,San Giorgio Lucano
179,183,20,230,115,15,409,298,35,Trenzano
4,1,1,2,4,1,6,5,2,San Costantino Albanese
45,24,2,28,30,4,73,54,6,Borgo Vercelli
57,38,2,42,47,6,99,85,8,Villafranca Piemonte
45,34,9,34,35,9,79,69,18,Arcevia
63,52,7,56,77,18,119,129,25,Pineto
296,326,28,321,335,27,617,661,55,Palestrina
195,194,24,213,229,46,408,423,70,Oleggio
166,161,15,182,254,50,348,415,65,Castel Maggiore
40,20,6,25,43,13,65,63,19,Cisternino
7,5,2,14,25,2,21,30,4,Morcone
4,5,0,6,4,1,10,9,1,Faule
209,169,24,223,243,39,432,412,63,Ovada
133,118,14,114,182,39,247,300,53,Lavagna
0,0,0,1,2,0,1,2,0,Mezzoldo
56,44,4,48,71,9,104,115,13,Offida
1,0,0,0,0,0,1,0,0,Boccioleto
114,102,10,118,132,12,232,234,22,Gassino Torinese
3,5,0,2,6,1,5,11,1,Prarostino
9,12,0,11,13,3,20,25,3,Trequanda
94,137,14,117,236,34,211,373,48,Marano di Napoli
7,3,0,9,17,1,16,20,1,Vicari
0,2,0,0,2,0,0,4,0,Rezzoaglio
20,13,6,24,23,11,44,36,17,Villa Minozzo
16,19,4,15,17,3,31,36,7,Premariacco
15,15,3,15,14,2,30,29,5,Brossasco
3,1,0,5,7,3,8,8,3,San Marco d'Alunzio
27,41,8,36,32,3,63,73,11,Furnari
0,1,0,1,1,0,1,2,0,Librizzi
70,59,6,80,80,9,150,139,15,Zafferana Etnea
36,37,2,33,46,0,69,83,2,Pantelleria
6,6,1,3,14,1,9,20,2,Samassi
39,36,3,42,42,8,81,78,11,Montecarotto
5,13,1,6,7,3,11,20,4,Castelvenere
2,2,1,5,4,3,7,6,4,Castelpagano
1,2,0,1,4,0,2,6,0,Campoli del Monte Taburno
13,13,3,14,13,2,27,26,5,Caselle Landi
33,15,3,26,33,4,59,48,7,Falcone
16,7,2,8,7,0,24,14,2,Lucca Sicula
55,67,5,60,99,11,115,166,16,Adrano
10,6,2,13,23,2,23,29,4,Calatafimi-Segesta
4,4,3,7,5,1,11,9,4,Crosia
19,12,2,15,13,1,34,25,3,Guarcino
7,2,1,2,8,1,9,10,2,Zollino
3,6,0,4,4,1,7,10,1,Canzano
12,10,1,10,11,2,22,21,3,Parrano
16,13,1,16,9,1,32,22,2,Casalbuono
15,17,6,27,24,6,42,41,12,San Gregorio Magno
14,16,2,7,23,9,21,39,11,Masi Torello
1,0,1,3,5,0,4,5,1,Greci
4,1,0,12,8,0,16,9,0,Castello del Matese
15,22,3,19,28,8,34,50,11,San Demetrio Corone
4,4,0,4,8,0,8,12,0,Oliveto Lario
14,6,1,10,19,5,24,25,6,Castel Morrone
7,6,1,8,7,0,15,13,1,Zungri
33,28,4,34,28,8,67,56,12,Ardenno
128,126,15,139,173,26,267,299,41,Caselle Torinese
18,20,3,16,27,4,34,47,7,Berceto
8,10,0,10,12,1,18,22,1,Affile
89,93,6,84,93,5,173,186,11,Campo San Martino
152,140,17,161,139,37,313,279,54,Montagnana
51,59,5,54,48,2,105,107,7,Cornegliano Laudense
2,1,2,5,10,6,7,11,8,Santi Cosma e Damiano
10,9,1,12,19,7,22,28,8,Camigliano
20,21,2,30,23,6,50,44,8,Gissi
25,12,1,22,19,5,47,31,6,Gessopalena
26,27,3,36,32,6,62,59,9,Villa Lagarina
5,4,0,7,10,3,12,14,3,San Nicola Baronia
1,1,0,1,9,1,2,10,1,Parolise
1,1,0,2,3,0,3,4,0,Villaurbana
5,3,0,4,6,2,9,9,2,Civita
29,89,6,41,120,20,70,209,26,Recale
0,0,2,0,1,0,0,1,2,Argusto
0,1,1,0,1,1,0,2,2,Ispani
23,23,1,37,32,3,60,55,4,Cavareno
109,123,10,134,117,20,243,240,30,Povegliano Veronese
155,133,23,153,159,26,308,292,49,Camponogara
45,44,4,56,51,6,101,95,10,Agna
1,2,0,0,2,0,1,4,0,Volpara
0,1,0,0,4,0,0,5,0,Testico
11,23,2,19,20,2,30,43,4,Cineto Romano
69,68,8,80,60,14,149,128,22,Pradalunga
12,13,3,17,15,4,29,28,7,Pollein
19,25,10,32,19,14,51,44,24,Garlenda
7,6,0,7,9,3,14,15,3,Tassarolo
3,4,0,9,6,2,12,10,2,Mese
17,12,0,13,18,0,30,30,0,Alserio
27,27,4,40,21,3,67,48,7,Annone di Brianza
36,23,6,27,37,9,63,60,15,Sangiano
75,83,5,68,107,16,143,190,21,Macherio
51,47,10,62,55,10,113,102,20,Gaglianico
3,6,0,4,7,2,7,13,2,Lenta
70,63,8,68,124,19,138,187,27,La Maddalena
0,1,0,1,7,0,1,8,0,Baranello
5,9,0,8,14,1,13,23,1,Ventotene
98,119,22,110,186,48,208,305,70,Montefiascone
0,0,0,0,2,1,0,2,1,Torre d'Isola
38,28,5,43,45,8,81,73,13,Cogollo del Cengio
12,13,4,8,18,3,20,31,7,Ozzano Monferrato
4,9,0,2,10,4,6,19,4,Suardi
99,101,11,104,103,15,203,204,26,Caprarola
34,49,5,39,52,8,73,101,13,Borgo d'Ale
36,28,3,30,33,4,66,61,7,Villafalletto
10,12,1,14,22,5,24,34,6,Balzola
2,1,1,4,5,4,6,6,5,Ittireddu
10,7,2,6,24,6,16,31,8,Sant'Alessio Siculo
37,47,19,32,62,13,69,109,32,Cervinara
48,46,6,69,52,18,117,98,24,Solbiate Arno
2,8,1,11,5,0,13,13,1,Miglierina
44,41,2,44,46,12,88,87,14,Figino Serenza
65,94,8,83,106,22,148,200,30,Inverigo
750,805,65,790,938,154,1540,1743,219,Saronno
198,209,22,217,202,42,415,411,64,Castelletto sopra Ticino
267,295,14,277,233,27,544,528,41,Tombolo
4,6,1,6,13,2,10,19,3,Carceri
151,178,10,141,116,9,292,294,19,Pian Camuno
57,68,4,63,78,12,120,146,16,Cunardo
11,8,2,9,9,3,20,17,5,Arnasco
12,30,3,24,69,3,36,99,6,Arienzo
5,3,0,2,3,0,7,6,0,Monale
14,16,2,21,26,3,35,42,5,Sarre
5,1,0,3,5,0,8,6,0,Rocca Grimalda
32,46,13,48,66,18,80,112,31,Leggiuno
503,549,36,391,330,47,894,879,83,Chiampo
53,43,3,44,64,7,97,107,10,Albese con Cassano
30,43,18,39,60,30,69,103,48,Tremezzina
12,22,1,15,11,1,27,33,2,Mereto di Tomba
58,48,2,51,78,11,109,126,13,Casarza Ligure
8,11,6,8,48,13,16,59,19,Amalfi
8,7,0,11,27,3,19,34,3,Prata di Principato Ultra
4,9,2,11,6,1,15,15,3,Cravanzana
263,253,21,259,234,29,522,487,50,San Felice sul Panaro
80,74,9,82,86,14,162,160,23,Tolfa
22,18,2,21,22,1,43,40,3,Paderno Ponchielli
14,19,2,10,16,2,24,35,4,Sant'Agata Feltria
25,28,2,36,66,4,61,94,6,Volla
0,0,0,0,1,0,0,1,0,Bedollo
17,8,0,13,19,5,30,27,5,Pontecchio Polesine
10,6,1,10,18,1,20,24,2,Marano Marchesato
10,12,3,6,25,2,16,37,5,Avetrana
62,61,4,66,58,4,128,119,8,Cartigliano
87,103,9,87,102,16,174,205,25,Battaglia Terme
9,16,4,16,36,9,25,52,13,Sangano
5,6,1,13,12,0,18,18,1,San Cosmo Albanese
24,19,3,14,26,3,38,45,6,Cantalupa
0,2,0,2,8,1,2,10,1,Roccasparvera
0,1,2,1,2,3,1,3,5,Trisobbio
1,2,1,2,5,2,3,7,3,Calvi
38,33,11,37,62,16,75,95,27,Bitritto
46,35,4,37,33,6,83,68,10,Trigolo
224,243,22,234,245,28,458,488,50,Rescaldina
12,8,0,10,9,1,22,17,1,Casalvecchio di Puglia
31,43,4,38,61,15,69,104,19,Palmanova
118,86,20,113,131,42,231,217,62,Gemona del Friuli
4,4,0,7,7,3,11,11,3,Villamaina
10,3,1,13,9,4,23,12,5,Sant'Angelo all'Esca
20,29,4,27,25,7,47,54,11,Grantola
2,3,0,5,2,0,7,5,0,Moiola
29,28,5,22,24,4,51,52,9,Lagnasco
210,182,13,205,120,14,415,302,27,Fontanella
0,0,0,0,3,0,0,3,0,Fontanigorda
158,180,15,183,189,23,341,369,38,Sommacampagna
53,32,4,40,27,4,93,59,8,Pescarolo ed Uniti
9,14,2,18,27,5,27,41,7,San Carlo Canavese
73,94,10,99,109,11,172,203,21,Soave
90,124,13,96,96,20,186,220,33,Borgo Ticino
0,0,0,0,0,0,0,0,0,Rimella
3,1,0,2,2,0,5,3,0,Pila
0,1,0,0,1,0,0,2,0,Bonvicino
7,7,1,11,12,2,18,19,3,Govone
2,8,0,5,5,1,7,13,1,Osasio
0,0,0,0,0,0,0,0,0,Lemie
1,2,0,1,5,0,2,7,0,Danta di Cadore
72,77,7,71,73,11,143,150,18,Grezzago
6,10,0,11,13,2,17,23,2,Cervesina
40,57,11,49,59,21,89,116,32,Reana del Rojale
115,91,4,120,112,15,235,203,19,Salzano
4,2,0,4,6,0,8,8,0,Nocciano
5,7,1,6,7,2,11,14,3,Samone
169,142,16,154,104,15,323,246,31,Antegnate
61,72,8,68,78,16,129,150,24,Vado Ligure
9,7,1,16,8,3,25,15,4,Castri di Lecce
32,34,8,40,48,19,72,82,27,Vezzano sul Crostolo
118,107,12,129,93,14,247,200,26,Annone Veneto
63,56,0,51,49,1,114,105,1,Altivole
3,4,0,5,4,2,8,8,2,Treviso Bresciano
19,11,3,7,16,2,26,27,5,Calvignasco
8,10,2,14,7,7,22,17,9,Rota d'Imagna
6,8,0,8,6,0,14,14,0,Roncola
51,58,6,62,52,7,113,110,13,Veggiano
18,13,2,14,18,2,32,31,4,Urbana
2,4,0,4,3,0,6,7,0,Agnana Calabra
0,4,0,3,3,2,3,7,2,Aielli
161,173,16,152,132,7,313,305,23,Loria
1,2,0,4,2,0,5,4,0,Passerano Marmorito
104,167,10,86,168,17,190,335,27,Parete
4,4,1,3,4,0,7,8,1,Capracotta
7,6,1,5,8,0,12,14,1,Castiglione Falletto
22,15,3,12,10,9,34,25,12,Pompeiana
43,36,2,54,51,11,97,87,13,Casalserugo
2,1,0,3,7,3,5,8,3,Vittorito
220,205,18,209,162,13,429,367,31,Turbigo
189,150,11,166,165,14,355,315,25,Concordia sulla Secchia
11,16,0,8,11,3,19,27,3,Maranzana
5,4,0,9,12,1,14,16,1,Pallanzeno
16,15,2,24,14,2,40,29,4,Ripalta Arpina
0,3,0,4,7,0,4,10,0,Sorico
0,0,0,0,0,0,0,0,0,Pareto
2,3,0,6,12,3,8,15,3,Amaro
0,1,1,0,2,0,0,3,1,Giustenice
13,8,0,6,10,2,19,18,2,Scoppito
47,30,7,31,36,8,78,66,15,Cigole
68,56,9,81,54,10,149,110,19,Arsago Seprio
34,49,3,40,54,7,74,103,10,Vertemate con Minoprio
113,119,27,120,161,35,233,280,62,Gavirate
43,43,7,44,32,7,87,75,14,Albiano
28,18,3,15,46,8,43,64,11,Grottaminarda
15,6,1,13,8,3,28,14,4,Monte Vidon Corrado
82,75,16,86,95,24,168,170,40,Cittiglio
25,27,3,32,25,7,57,52,10,Borgio Verezzi
148,154,12,129,159,15,277,313,27,Cori
169,186,14,166,199,26,335,385,40,Bernareggio
45,38,6,32,30,6,77,68,12,Solarolo Rainerio
281,262,30,317,225,41,598,487,71,Farra di Soligo
24,28,1,42,26,4,66,54,5,Luzzi
99,75,7,92,89,17,191,164,24,Castiglione Olona
1,1,1,1,0,0,2,1,1,Moasca
9,9,4,18,9,0,27,18,4,Anfo
17,14,2,15,19,2,32,33,4,San Fiorano
12,11,1,11,13,3,23,24,4,Lestizza
23,15,0,22,20,2,45,35,2,Madruzzo
23,17,3,17,27,2,40,44,5,Azeglio
401,440,32,398,416,50,799,856,82,Mariano Comense
40,40,6,40,45,16,80,85,22,Soiano del Lago
44,30,1,38,41,3,82,71,4,Bricherasio
21,15,3,22,18,4,43,33,7,Vallefoglia
118,117,24,132,143,41,250,260,65,Iseo
15,23,1,29,64,10,44,87,11,Atripalda
1,0,0,2,4,0,3,4,0,Laurenzana
55,52,3,69,80,13,124,132,16,San Martino Siccomario
40,45,5,42,36,6,82,81,11,Sotto il Monte Giovanni XXIII
0,0,0,0,0,0,0,0,0,Dernice
7,3,1,4,2,1,11,5,2,Badolato
1,1,1,2,4,1,3,5,2,Cuccaro Vetere
25,28,7,41,37,11,66,65,18,Castelverde
46,50,11,57,40,8,103,90,19,Francavilla Marittima
2,2,0,4,8,3,6,10,3,Traves
0,0,2,0,2,2,0,2,4,Torre Le Nocelle
5,3,1,1,6,1,6,9,2,Sillano Giuncugnano
79,84,5,81,75,9,160,159,14,Sossano
1,9,2,3,4,0,4,13,2,San Mauro di Saline
9,16,0,18,9,2,27,25,2,Casalbeltrame
20,24,3,34,26,4,54,50,7,Cervere
0,0,0,0,0,0,0,0,0,Montemale di Cuneo
8,8,1,13,26,3,21,34,4,Robassomero
55,46,5,60,67,7,115,113,12,Mathi
56,72,10,68,81,12,124,153,22,Casorate Sempione
31,52,6,58,52,11,89,104,17,Occhieppo Inferiore
1,2,0,2,9,1,3,11,1,Pellezzano
4,2,0,0,2,0,4,4,0,Monteleone di Spoleto
87,79,11,100,151,17,187,230,28,Pianezza
22,18,0,24,21,2,46,39,2,Brusasco
80,63,4,75,56,16,155,119,20,Bene Vagienna
212,229,28,203,233,41,415,462,69,Cardano al Campo
0,0,0,0,2,2,0,2,2,Austis
24,17,1,24,19,2,48,36,3,Colzate
0,0,1,0,1,0,0,1,1,Drapia
12,6,2,10,18,2,22,24,4,Trabia
6,2,0,6,10,3,12,12,3,Monterosso Calabro
50,36,5,54,39,7,104,75,12,Licodia Eubea
2,1,0,0,0,0,2,1,0,Vicoli
13,4,0,11,7,0,24,11,0,Camporeale
95,110,9,105,116,20,200,226,29,Mezzocorona
1,0,0,3,2,0,4,2,0,Gonnostramatza
0,0,0,0,2,0,0,2,0,Elini
0,1,0,0,3,0,0,4,0,Baressa
0,2,1,2,8,1,2,10,2,Milis
0,4,1,3,5,2,3,9,3,Vallermosa
3,4,0,1,6,0,4,10,0,Fisciano
218,212,32,226,181,30,444,393,62,Santeramo in Colle
5,3,0,3,3,1,8,6,1,Moio Alcantara
10,9,0,10,16,1,20,25,1,Aci Bonaccorsi
20,13,2,15,17,2,35,30,4,Gibellina
0,2,0,0,4,1,0,6,1,Savoca
14,23,1,24,29,6,38,52,7,Capaci
31,29,1,32,31,5,63,60,6,Serradifalco
1,3,0,3,7,0,4,10,0,Petralia Soprana
0,0,0,0,0,0,0,0,0,Canolo
22,20,5,28,30,5,50,50,10,Sagliano Micca
6,1,3,6,7,3,12,8,6,Torre Cajetani
60,82,10,106,286,88,166,368,98,Castellammare di Stabia
47,43,3,62,104,21,109,147,24,Casamassima
10,8,4,7,14,6,17,22,10,Montescudaio
0,0,0,0,1,0,0,1,0,Siamaggiore
2,2,1,3,8,1,5,10,2,Pattada
0,0,0,3,7,1,3,7,1,Gesico
27,24,4,27,36,3,54,60,7,Serramanna
16,19,1,14,26,0,30,45,1,Casape
0,2,0,6,5,0,6,7,0,Pescorocchiano
35,25,8,38,49,9,73,74,17,Veglie
5,8,0,7,10,2,12,18,2,Elice
13,12,2,30,25,8,43,37,10,Tuglie
4,2,1,5,3,0,9,5,1,Filetto
0,0,0,0,1,1,0,1,1,Accumoli
189,179,14,160,145,20,349,324,34,Verolanuova
56,61,7,61,50,7,117,111,14,Ospedaletto Lodigiano
0,2,0,0,0,0,0,2,0,Castel di Sasso
6,8,1,8,13,2,14,21,3,Varzo
99,117,14,84,133,28,183,250,42,Melito di Porto Salvo
3,5,0,2,4,0,5,9,0,Ceppaloni
30,35,4,42,40,7,72,75,11,Campoformido
5,11,0,9,10,3,14,21,3,Medea
7,5,0,3,3,0,10,8,0,Comeglians
113,100,5,100,112,10,213,212,15,Motta Visconti
196,171,32,210,246,58,406,417,90,San Severino Marche
8,14,0,14,25,1,22,39,1,Cassinetta di Lugagnano
26,18,3,13,19,4,39,37,7,Corte de' Cortesi con Cignone
3,8,0,3,7,1,6,15,1,Villalfonsina
13,7,2,9,13,5,22,20,7,Rapino
48,54,2,45,51,7,93,105,9,Succivo
0,0,0,0,0,0,0,0,0,Baradili
32,38,6,25,42,9,57,80,15,Portico di Caserta
0,1,0,0,2,1,0,3,1,Itala
43,38,5,48,38,10,91,76,15,Marudo
4,1,2,4,7,3,8,8,5,Massa e Cozzile
12,13,0,9,15,5,21,28,5,Casatisma
0,0,0,0,2,0,0,2,0,Falvaterra
17,19,1,19,20,1,36,39,2,Rocca Santo Stefano
1,2,0,1,2,1,2,4,1,San Martino Sannita
71,81,13,79,97,15,150,178,28,Lallio
28,35,5,33,40,10,61,75,15,Lungavilla
6,11,1,20,27,2,26,38,3,Crispano
1,3,0,5,8,3,6,11,3,Vescovana
240,203,27,240,330,57,480,533,84,Sulmona
0,0,0,0,2,2,0,2,2,Quarna Sopra
0,0,0,2,7,0,2,7,0,Morra De Sanctis
0,1,0,0,1,0,0,2,0,Luserna
0,3,0,4,3,0,4,6,0,Vaglio Serra
260,266,20,254,196,22,514,462,42,Urgnano
651,716,60,620,620,50,1271,1336,110,Baranzate
6,2,5,5,9,3,11,11,8,Pianello del Lario
23,23,3,27,39,7,50,62,10,Briga Novarese
0,1,0,2,2,1,2,3,1,Forchia
13,17,4,15,55,6,28,72,10,Castellaneta
5,3,6,2,8,9,7,11,15,Panicale
7,4,1,11,6,3,18,10,4,Castelluccio Inferiore
0,1,0,5,1,0,5,2,0,San Giovanni di Gerace
76,77,9,67,83,14,143,160,23,Eraclea
0,0,0,2,3,1,2,3,1,Premia
2,3,0,3,9,1,5,12,1,Taverna
0,0,0,1,4,2,1,4,2,Assolo
454,487,53,520,494,76,974,981,129,Cassano d'Adda
73,73,5,90,79,12,163,152,17,Santo Stefano Ticino
267,271,24,278,263,40,545,534,64,Corbetta
2,1,0,0,1,1,2,2,1,Noviglio
142,132,16,127,117,30,269,249,46,Gatteo
4,7,0,3,2,0,7,9,0,Isso
869,805,78,810,733,153,1679,1538,231,Vignola
46,45,3,44,53,9,90,98,12,Segusino
15,20,5,31,16,5,46,36,10,Albettone
13,10,1,11,6,3,24,16,4,Badia Pavese
79,76,9,88,122,13,167,198,22,Binasco
10,6,3,10,5,6,20,11,9,Ubiale Clanezzo
7,20,4,9,16,1,16,36,5,Tavernola Bergamasca
45,42,4,49,39,10,94,81,14,Morengo
227,253,34,275,434,59,502,687,93,Cernusco sul Naviglio
26,21,1,27,13,1,53,34,2,Scandolara Ripa d'Oglio
12,18,4,20,9,0,32,27,4,Acquanegra Cremonese
3,9,4,8,6,4,11,15,8,San Martino del Lago
44,39,12,69,72,14,113,111,26,Bellizzi
6,9,1,9,9,3,15,18,4,Valdisotto
0,0,2,1,1,2,1,1,4,Sessame
4,2,1,1,2,2,5,4,3,Garniga Terme
1,0,0,0,0,1,1,0,1,Trezzo Tinella
347,371,48,397,361,49,744,732,97,Canelli
22,22,4,27,25,6,49,47,10,Seren del Grappa
3,1,1,4,4,1,7,5,2,Castel del Giudice
11,7,0,13,20,2,24,27,2,Pettorazza Grimani
15,11,3,23,10,4,38,21,7,Ferrere
1,0,0,0,4,2,1,4,2,San Marco la Catola
87,127,12,108,121,13,195,248,25,Cadorago
53,41,4,47,70,10,100,111,14,Carinaro
84,117,6,99,110,8,183,227,14,Sant'Angelo Romano
518,503,59,467,499,65,985,1002,124,Barcellona Pozzo di Gotto
6,5,2,9,12,2,15,17,4,Caltavuturo
41,57,10,24,32,1,65,89,11,Salemi
18,26,7,27,26,7,45,52,14,Altavilla Milicia
11,12,2,10,27,4,21,39,6,Militello in Val di Catania
8,7,2,4,6,1,12,13,3,Serdiana
17,19,3,15,21,4,32,40,7,Casal Cermelli
16,14,11,17,44,19,33,58,30,Bosa
1,2,2,19,11,1,20,13,3,Nulvi
3,3,0,6,16,1,9,19,1,Giba
23,20,3,8,35,7,31,55,10,Dolianova
1,1,2,2,6,2,3,7,4,Calabritto
9,10,1,10,26,7,19,36,8,Bovino
4,3,1,5,6,0,9,9,1,Civitacampomarano
6,6,1,10,17,4,16,23,5,Sant'Agata di Puglia
135,123,25,137,224,47,272,347,72,Gaeta
279,259,32,258,285,61,537,544,93,Ponsacco
1,0,0,2,8,0,3,8,0,Campochiaro
0,1,2,0,1,1,0,2,3,Norbello
3,5,0,2,10,0,5,15,0,Berchidda
164,137,21,133,136,31,297,273,52,Terranuova Bracciolini
266,246,46,241,458,132,507,704,178,Follonica
21,24,5,18,23,7,39,47,12,Padula
93,74,7,91,86,15,184,160,22,Subbiano
78,84,7,103,85,9,181,169,16,Villanterio
0,0,0,0,0,0,0,0,0,Compiano
232,277,30,278,402,48,510,679,78,Cerveteri
23,26,6,24,47,4,47,73,10,Praia a Mare
4,1,3,10,8,1,14,9,4,Rovito
0,2,0,1,1,0,1,3,0,Mongrassano
1,0,0,0,3,0,1,3,0,San Paolo Albanese
69,65,7,70,67,13,139,132,20,Montelabbate
4,1,0,2,8,2,6,9,2,Mammola
2,8,0,7,11,2,9,19,2,Campitello di Fassa
15,10,3,15,35,7,30,45,10,Squinzano
610,626,42,607,675,75,1217,1301,117,Abbiategrasso
11,6,1,10,20,3,21,26,4,Valtournenche
4,3,3,6,5,5,10,8,8,Pietra Marazzi
10,7,0,5,11,2,15,18,2,Settingiano
4,1,1,5,6,0,9,7,1,Nocera Terinese
4,4,0,1,7,1,5,11,1,Bisenti
223,220,31,237,229,32,460,449,63,Ala
12,2,4,10,5,0,22,7,4,Gazzola
120,91,13,99,111,23,219,202,36,Predaia
266,202,12,208,209,8,474,411,20,Barge
1,0,0,2,4,2,3,4,2,Brindisi Montagna
103,78,17,69,67,17,172,145,34,Villafranca in Lunigiana
8,3,0,9,5,0,17,8,0,Pizzoni
0,0,0,0,2,2,0,2,2,Pomaro Monferrato
58,56,4,73,68,16,131,124,20,Quistello
242,172,15,200,146,11,442,318,26,Vedelago
0,2,1,1,3,0,1,5,1,Pornassio
85,91,12,94,127,29,179,218,41,San Daniele del Friuli
32,26,1,27,26,3,59,52,4,Salizzole
29,28,2,23,24,4,52,52,6,Montegrosso d'Asti
3,2,0,5,4,4,8,6,4,Valdieri
9,7,0,13,5,1,22,12,1,Mergo
13,13,3,4,14,3,17,27,6,Rende
2,0,0,1,3,0,3,3,0,Rapone
16,17,0,17,24,3,33,41,3,Spezzano della Sila
36,28,2,33,47,8,69,75,10,Quarona
35,42,4,34,22,6,69,64,10,Borzonasca
6,5,0,4,4,0,10,9,0,Montefortino
4,5,0,4,11,3,8,16,3,Rotella
75,74,6,72,78,16,147,152,22,Montegiorgio
13,10,1,12,13,0,25,23,1,San Colombano Certenoli
1,0,0,0,2,0,1,2,0,Civiasco
77,59,5,52,83,12,129,142,17,La Loggia
22,25,3,23,21,4,45,46,7,Teggiano
50,45,5,56,63,7,106,108,12,Guglionesi
35,26,3,29,34,3,64,60,6,Sala Bolognese
1,2,0,4,2,0,5,4,0,Mangone
62,49,5,60,59,8,122,108,13,Bibiana
27,21,1,29,26,2,56,47,3,Pralormo
0,0,0,0,0,0,0,0,0,Lodine
5,9,3,16,33,8,21,42,11,Calatabiano
5,8,2,8,4,2,13,12,4,Salaparuta
32,22,6,29,65,14,61,87,20,Letojanni
168,166,11,182,177,20,350,343,31,Tavazzano con Villavesco
15,12,3,20,20,6,35,32,9,Santo Stefano Lodigiano
12,9,3,13,15,4,25,24,7,Torre de' Picenardi
9,8,0,8,16,2,17,24,2,Luogosanto
157,212,36,167,198,25,324,410,61,Castelvetrano
286,305,29,245,192,15,531,497,44,Santa Croce Camerina
13,13,3,17,17,3,30,30,6,Caltabellotta
57,40,3,48,91,13,105,131,16,Palazzolo Acreide
24,29,2,28,24,3,52,53,5,Valgreghentino
7,11,2,22,36,6,29,47,8,Mistretta
51,46,5,54,45,3,105,91,8,San Martino in Strada
23,27,1,20,19,2,43,46,3,Petilia Policastro
175,211,26,205,275,46,380,486,72,Silvi
0,0,1,5,6,2,5,6,3,Lago
105,109,3,109,106,11,214,215,14,Olevano Romano
9,7,0,10,7,0,19,14,0,Casola di Napoli
22,19,5,24,77,13,46,96,18,Castiglione della Pescaia
100,135,13,131,139,20,231,274,33,Cavenago di Brianza
18,18,3,34,40,8,52,58,11,Serra San Bruno
38,73,16,39,94,23,77,167,39,Fiesole
54,41,6,47,47,11,101,88,17,Nocera Umbra
2,3,0,0,4,1,2,7,1,Cerrione
4,6,1,3,14,4,7,20,5,Corciano
2,8,1,4,11,1,6,19,2,San Mango Piemonte
0,0,0,0,2,1,0,2,1,Montebello di Bertona
127,109,13,125,116,25,252,225,38,Riolo Terme
5,6,0,3,9,1,8,15,1,Villa Santo Stefano
25,23,3,22,19,3,47,42,6,Vaccarizzo Albanese
43,49,4,43,44,8,86,93,12,Gioiosa Ionica
27,21,3,23,36,4,50,57,7,Costa di Rovigo
132,179,13,149,96,15,281,275,28,Boltiere
116,155,11,143,188,13,259,343,24,Monte Compatri
0,0,0,0,0,0,0,0,0,Parlasco
340,368,27,357,329,27,697,697,54,Malo
25,33,2,33,29,3,58,62,5,Cerreto Laziale
36,34,8,32,35,13,68,69,21,Corno di Rosazzo
54,52,3,48,70,6,102,122,9,Casapulla
11,18,4,19,21,6,30,39,10,Castelleone di Suasa
25,26,2,35,39,6,60,65,8,Cetona
32,34,6,46,51,6,78,85,12,Reggello
146,187,17,134,178,28,280,365,45,Pescantina
306,330,36,289,229,33,595,559,69,Castelli Calepio
129,115,8,122,95,8,251,210,16,Offanengo
0,0,0,0,0,0,0,0,0,Sagron Mis
2,4,1,9,11,2,11,15,3,Tufino
10,10,1,21,11,3,31,21,4,Monte di Malo
28,21,1,30,32,1,58,53,2,Calvanico
1,0,0,2,4,0,3,4,0,Oricola
61,50,7,60,56,13,121,106,20,Sale
71,87,17,74,138,28,145,225,45,Cernobbio
232,234,25,237,203,32,469,437,57,Samarate
8,8,2,8,11,2,16,19,4,Vinchio
96,95,5,112,59,8,208,154,13,Chignolo d'Isola
1,1,0,2,6,0,3,7,0,Curiglia con Monteviasco
65,52,1,66,73,12,131,125,13,Villadose
146,170,12,123,107,18,269,277,30,Trasacco
1,4,0,2,2,2,3,6,2,Davagna
0,2,0,4,1,1,4,3,1,Torgnon
99,97,13,99,145,13,198,242,26,Subiaco
4,2,0,4,8,7,8,10,7,Ruvo del Monte
29,20,3,20,20,5,49,40,8,La Salle
48,39,2,32,40,5,80,79,7,Roccaraso
11,11,0,6,11,1,17,22,1,Rivisondoli
10,5,0,19,27,2,29,32,2,Maratea
20,20,6,17,26,6,37,46,12,Noli
7,12,4,14,14,5,21,26,9,Ancarano
2,1,0,1,3,0,3,4,0,Cerro al Volturno
3,3,1,1,5,0,4,8,1,Calascio
4,4,0,3,5,1,7,9,1,Monte Rinaldo
11,7,0,10,5,2,21,12,2,Bugnara
119,107,9,133,126,16,252,233,25,San Ferdinando di Puglia
26,18,4,26,36,6,52,54,10,Mugnano del Cardinale
1,2,1,0,2,1,1,4,2,Reino
3,3,0,1,6,0,4,9,0,Pontelandolfo
57,54,17,51,47,14,108,101,31,Ruffano
11,11,3,19,20,3,30,31,6,Maiolati Spontini
24,21,1,28,32,1,52,53,2,Altavilla Silentina
44,46,4,47,54,2,91,100,6,Salerano sul Lambro
27,9,2,12,24,1,39,33,3,Olevano sul Tusciano
46,43,5,48,44,4,94,87,9,Sesto ed Uniti
631,568,91,585,660,153,1216,1228,244,Capannori
24,20,0,20,15,0,44,35,0,San Pio delle Camere
44,51,7,39,53,7,83,104,14,Airola
4,5,0,2,7,0,6,12,0,Paularo
12,11,0,9,10,1,21,21,1,Maropati
1,1,1,2,1,1,3,2,2,Cerzeto
12,13,0,16,7,3,28,20,3,Fagnano Castello
377,406,22,351,515,61,728,921,83,San Giuseppe Vesuviano
205,202,31,237,260,41,442,462,72,Castellanza
101,85,11,84,97,9,185,182,20,Pizzoli
13,15,3,8,11,1,21,26,4,Pettorano sul Gizio
81,89,20,83,163,30,164,252,50,Tarquinia
192,203,20,208,212,30,400,415,50,Torri di Quartesolo
1,3,1,0,2,0,1,5,1,San Giacomo Vercellese
29,31,11,38,36,15,67,67,26,Lesa
90,74,10,77,82,14,167,156,24,Montescaglioso
1,1,0,11,9,1,12,10,1,Noepoli
10,15,3,9,20,5,19,35,8,Spilinga
25,22,1,17,21,4,42,43,5,Chiaravalle Centrale
1,0,0,0,0,1,1,0,1,Canischio
25,25,4,27,30,8,52,55,12,Maggiora
4,15,1,9,27,5,13,42,6,Blevio
126,106,12,132,86,13,258,192,25,Remedello
269,231,20,287,308,47,556,539,67,Este
0,1,0,3,1,1,3,2,1,Capovalle
575,729,99,629,899,116,1204,1628,215,San Donato Milanese
71,88,7,89,99,11,160,187,18,Gaggiano
5,5,0,8,7,0,13,12,0,Carlantino
2,2,0,1,5,0,3,7,0,Villa Celiera
3,2,0,7,11,0,10,13,0,Guardia Lombardi
7,1,1,4,7,2,11,8,3,Bomba
2,2,1,1,4,0,3,6,1,Montafia
1,2,0,0,4,1,1,6,1,Villanova del Battista
8,3,0,7,6,0,15,9,0,Bene Lario
60,60,4,67,65,13,127,125,17,Mortegliano
12,6,1,9,10,2,21,16,3,Piozzo
258,265,20,255,332,34,513,597,54,Senago
68,58,5,76,59,10,144,117,15,Vanzaghello
9,10,4,12,19,2,21,29,6,Bagnone
68,67,4,80,71,6,148,138,10,Moretta
2,12,3,9,21,3,11,33,6,Lettere
10,10,3,6,16,5,16,26,8,Magliano Alfieri
3,4,0,8,7,1,11,11,1,Maglione
10,10,4,9,8,2,19,18,6,Andalo Valtellino
131,147,13,132,186,18,263,333,31,Gessate
132,149,13,131,194,28,263,343,41,Castrocaro Terme e Terra del Sole
0,1,1,1,0,2,1,1,3,Campodolcino
108,90,12,98,97,20,206,187,32,Moglia
67,67,6,71,55,7,138,122,13,Cosio Valtellino
74,113,12,82,130,17,156,243,29,Garda
65,56,6,56,51,7,121,107,13,Villa del Conte
146,130,18,139,145,32,285,275,50,San Martino in Rio
259,304,24,227,235,35,486,539,59,Castelnuovo Rangone
1,4,3,3,3,0,4,7,3,Sant'Orsola Terme
119,112,17,119,98,12,238,210,29,Zimella
0,0,0,0,0,0,0,0,0,Tribiano
55,53,6,68,50,5,123,103,11,Solza
73,64,3,69,62,5,142,126,8,Medolago
52,57,7,42,89,23,94,146,30,Buja
22,29,4,24,29,4,46,58,8,Lavagno
0,0,0,1,3,0,1,3,0,Savoia di Lucania
81,74,9,69,63,9,150,137,18,Cimadolmo
75,78,6,83,92,16,158,170,22,Cambiago
4,1,1,2,4,0,6,5,1,Furci
74,68,10,80,51,12,154,119,22,San Giovanni in Croce
24,24,4,39,61,10,63,85,14,Telese Terme
22,26,5,29,25,4,51,51,9,Maser
35,45,7,37,54,7,72,99,14,Sarcedo
1,2,0,0,4,0,1,6,0,Cosseria
34,33,3,23,18,2,57,51,5,Corte Franca
0,3,0,1,2,0,1,5,0,Santo Stefano di Sessanio
1,0,0,1,2,1,2,2,1,Penango
39,40,3,61,49,9,100,89,12,Palazzolo dello Stella
410,397,72,449,467,98,859,864,170,Sacile
2,3,0,3,4,0,5,7,0,Stella
74,77,40,78,62,18,152,139,58,Latiano
1,1,1,0,5,0,1,6,1,Montenero Val Cocchiara
12,14,2,13,25,3,25,39,5,Sperone
29,17,2,36,22,3,65,39,5,Balsorano
3,2,1,3,6,0,6,8,1,Inverso Pinasca
3,1,0,3,0,0,6,1,0,Birori
40,25,7,43,27,1,83,52,8,Luras
4,5,0,3,14,2,7,19,2,Gonnosfanadiga
211,207,17,211,165,23,422,372,40,Ponte di Piave
6,12,2,5,10,3,11,22,5,Lapedona
76,110,23,73,148,53,149,258,76,Taormina
15,13,1,14,15,4,29,28,5,Strongoli
135,146,19,120,124,27,255,270,46,Sandrigo
3,2,1,7,4,1,10,6,2,Prizzi
8,13,1,8,14,0,16,27,1,Monforte San Giorgio
6,6,6,9,20,4,15,26,10,San Vito
45,47,7,44,74,11,89,121,18,Trecastagni
1,0,0,1,12,0,2,12,0,Acquaro
86,93,5,80,89,16,166,182,21,Cutro
124,108,16,128,133,39,252,241,55,Castelraimondo
30,23,0,30,32,5,60,55,5,Apiro
1,1,0,1,1,1,2,2,1,Campiglia Cervo
0,1,0,1,2,0,1,3,0,Formazza
2,0,1,2,1,0,4,1,1,Pontelatone
20,25,1,24,14,4,44,39,5,Civitella Paganico
4,0,3,0,4,5,4,4,8,Santa Caterina dello Ionio
276,242,38,300,394,73,576,636,111,Vasto
11,3,2,4,5,1,15,8,3,Olzai
3,0,0,8,19,0,11,19,0,Villagrande Strisaili
70,79,8,73,117,13,143,196,21,Turi
29,28,5,32,26,6,61,54,11,Calestano
11,8,2,10,12,1,21,20,3,Santa Maria del Cedro
117,126,14,116,103,9,233,229,23,Galeata
10,8,2,5,13,2,15,21,4,Portico e San Benedetto
12,13,1,8,10,1,20,23,2,Montecreto
21,12,7,21,37,6,42,49,13,Salice Salentino
14,14,4,24,31,5,38,45,9,Ariano nel Polesine
1,4,4,5,10,2,6,14,6,Ton
56,49,4,48,39,9,104,88,13,Bedonia
37,27,3,35,43,4,72,70,7,Tesero
29,20,4,22,24,1,51,44,5,Brentino Belluno
4,0,0,3,6,1,7,6,1,San Pietro in Guarano
1,4,0,4,3,0,5,7,0,Carlopoli
2,1,0,2,1,0,4,2,0,Nardodipace
1,1,0,0,1,0,1,2,0,Trasquera
13,15,4,11,8,2,24,23,6,Tarsia
9,8,0,7,15,2,16,23,2,Africo
3,3,0,1,3,0,4,6,0,Pettoranello del Molise
184,158,20,188,190,24,372,348,44,Valdobbiadene
196,167,25,192,164,40,388,331,65,Fossombrone
1,5,1,2,2,0,3,7,1,Antonimina
96,97,8,123,124,13,219,221,21,Casale sul Sile
152,140,13,172,126,34,324,266,47,Gonzaga
373,388,40,394,497,80,767,885,120,Mogliano Veneto
98,87,9,120,111,10,218,198,19,Casier
4,12,0,8,12,1,12,24,1,Portacomaro
169,207,33,231,317,62,400,524,95,Sarzana
11,11,3,11,33,4,22,44,7,Taurisano
1,2,2,3,9,1,4,11,3,Ateleta
1,1,1,2,3,1,3,4,2,Limosano
38,35,4,60,46,7,98,81,11,Vico del Gargano
3,9,0,11,7,0,14,16,0,Gabiano
8,6,1,5,11,0,13,17,1,Serra Sant'Abbondio
10,10,2,12,9,5,22,19,7,Pieve Vergonte
36,25,7,54,31,5,90,56,12,Portocannone
26,17,2,41,71,18,67,88,20,Comacchio
6,7,1,13,12,3,19,19,4,Tredozio
392,318,21,342,266,42,734,584,63,Orzinuovi
0,0,1,2,4,0,2,4,1,Scigliano
1,2,0,2,7,1,3,9,1,Montemurro
303,303,62,337,394,72,640,697,134,Osimo
42,29,0,37,30,9,79,59,9,Carpineti
4,2,3,6,13,2,10,15,5,Sogliano al Rubicone
5,4,0,8,10,2,13,14,2,Limone Piemonte
55,40,5,59,35,11,114,75,16,Revello
0,1,2,0,5,4,0,6,6,Entracque
675,703,121,713,947,197,1388,1650,318,Massa
132,127,15,123,127,28,255,254,43,Bibbiano
18,14,2,16,28,5,34,42,7,Piobesi Torinese
6,5,1,10,19,2,16,24,3,Montemiletto
3,7,0,7,6,4,10,13,4,Fosdinovo
46,31,3,35,37,7,81,68,10,Rodigo
20,20,1,18,29,4,38,49,5,San Giuliano Terme
62,50,12,48,53,11,110,103,23,Andorno Micca
0,0,0,5,5,0,5,5,0,Spinoso
50,40,5,32,27,7,82,67,12,Bagnasco
45,45,3,64,44,9,109,89,12,Marzabotto
22,12,1,20,29,3,42,41,4,Cavagnolo
275,311,35,307,274,57,582,585,92,Motta di Livenza
12,7,1,12,14,1,24,21,2,Cartosio
212,210,16,219,214,35,431,424,51,Castelleone
328,297,27,373,547,91,701,844,118,Rivoli
0,0,0,1,4,0,1,4,0,Venetico
16,26,5,33,24,3,49,50,8,Dolzago
58,71,61,80,126,74,138,197,135,Campione d'Italia
13,17,2,13,11,0,26,28,2,Lasnigo
35,31,3,23,18,2,58,49,5,Licenza
107,96,16,126,97,23,233,193,39,Venegono Superiore
27,29,0,17,18,2,44,47,2,Spinone al Lago
42,25,7,19,36,3,61,61,10,Novoli
241,231,29,228,350,57,469,581,86,Cusano Milanino
30,28,3,47,89,16,77,117,19,Tropea
3,7,3,4,16,3,7,23,6,Miagliano
83,60,6,72,79,13,155,139,19,Terme Vigliatore
54,45,5,60,108,23,114,153,28,Riposto
14,17,3,25,36,8,39,53,11,Quartucciu
3,2,1,3,5,3,6,7,4,Rosora
4,4,0,4,6,2,8,10,2,Monte San Martino
0,1,1,0,3,0,0,4,1,Castiadas
69,80,7,91,92,9,160,172,16,Castello d'Argile
34,36,5,33,25,9,67,61,14,Castro
0,2,0,2,3,0,2,5,0,Sorianello
0,0,0,1,2,0,1,2,0,Tufillo
43,34,5,48,33,6,91,67,11,Polaveno
12,6,3,8,12,1,20,18,4,Veleso
31,31,6,31,36,3,62,67,9,Caino
7,5,0,5,5,0,12,10,0,Valpelline
2,3,0,2,4,2,4,7,2,Galluccio
7,6,0,7,10,3,14,16,3,Molinara
12,17,0,16,19,1,28,36,1,Scanno
7,4,2,1,4,1,8,8,3,Cremia
65,70,11,85,100,12,150,170,23,Saint-Vincent
0,1,1,0,1,0,0,2,1,Ollomont
15,17,1,22,17,4,37,34,5,Mignanego
9,12,5,10,16,1,19,28,6,Breme
17,9,1,8,11,2,25,20,3,Licciana Nardi
14,18,0,22,20,2,36,38,2,Buttigliera d'Asti
2,6,1,4,3,1,6,9,2,Semiana
96,75,7,82,117,13,178,192,20,Vedano Olona
85,93,9,98,169,27,183,262,36,Pagani
338,302,39,325,294,67,663,596,106,Somma Lombardo
238,196,40,240,283,73,478,479,113,Roseto degli Abruzzi
3,0,1,3,3,0,6,3,1,Cavizzana
0,0,1,1,2,0,1,2,1,Villa del Bosco
168,166,34,141,155,13,309,321,47,Isola di Capo Rizzuto
9,6,1,8,11,4,17,17,5,Moimacco
59,46,2,42,47,6,101,93,8,Novedrate
25,33,2,28,41,1,53,74,3,Rocchetta Tanaro
3,5,1,4,5,0,7,10,1,Conflenti
83,72,10,79,99,15,162,171,25,Ponte nelle Alpi
29,20,2,27,16,3,56,36,5,Barbara
56,71,7,56,49,7,112,120,14,Misano di Gera d'Adda
81,101,8,118,109,25,199,210,33,Alto Reno Terme
22,25,1,24,12,4,46,37,5,Barghe
71,51,8,70,50,9,141,101,17,Moriago della Battaglia
5,4,1,1,13,1,6,17,2,Baldissero d'Alba
271,236,27,275,257,52,546,493,79,Galliate
12,9,1,18,21,3,30,30,4,Vo'
0,1,0,0,4,0,0,5,0,Rivarone
72,69,10,64,63,9,136,132,19,Arconate
0,2,1,0,2,2,0,4,3,Chies d'Alpago
2,3,1,4,7,1,6,10,2,Montemarano
0,0,0,2,1,1,2,1,1,Aiello Calabro
18,29,3,22,48,12,40,77,15,Roccarainola
30,26,1,24,38,4,54,64,5,Curtarolo
14,12,1,9,10,2,23,22,3,Corzano
0,0,0,0,0,0,0,0,0,Cusio
1,2,0,5,12,0,6,14,0,Trecchina
49,65,7,63,62,12,112,127,19,Tromello
4,8,3,7,5,3,11,13,6,Casanova Lerrone
5,9,5,5,8,2,10,17,7,Montaldo Scarampi
58,60,7,34,38,0,92,98,7,Seniga
7,11,0,9,9,3,16,20,3,Ovindoli
1,2,0,4,4,0,5,6,0,Venaus
243,215,37,200,179,28,443,394,65,Calusco d'Adda
23,13,1,16,21,0,39,34,1,Vaie
1,3,0,3,2,0,4,5,0,Cinto Euganeo
2,3,0,9,9,1,11,12,1,Montefredane
23,20,1,24,45,6,47,65,7,Pollena Trocchia
11,1,0,8,3,1,19,4,1,Oldenico
16,15,2,28,26,5,44,41,7,Borgolavezzaro
21,22,3,20,19,8,41,41,11,Bogogno
12,22,2,10,18,4,22,40,6,Oleggio Castello
19,18,1,22,23,6,41,41,7,Vespolate
5,5,1,4,5,1,9,10,2,Monticello d'Alba
7,15,2,17,18,4,24,33,6,Germagnano
3,4,0,1,2,0,4,6,0,Fenestrelle
3,0,1,1,2,3,4,2,4,Campotosto
0,1,0,0,3,0,0,4,0,Terzo
373,297,53,361,370,86,734,667,139,Savigliano
48,40,6,49,43,9,97,83,15,Montefalco
0,0,0,0,1,1,0,1,1,Allai
71,59,15,69,60,17,140,119,32,Delia
1,0,0,1,1,0,2,1,0,Villanova Biellese
4,2,0,6,7,0,10,9,0,Camporotondo Etneo
1,1,2,1,9,2,2,10,4,Rofrano
112,96,17,84,135,17,196,231,34,Trebisacce
19,23,1,29,42,3,48,65,4,Pietramelara
12,13,0,1,3,0,13,16,0,Sant'Arcangelo Trimonte
0,1,0,0,6,0,0,7,0,Ficarra
27,29,3,26,42,10,53,71,13,Abbadia Lariana
1,1,0,2,7,2,3,8,2,Perdasdefogu
0,3,0,1,0,0,1,3,0,Senis
127,214,9,117,145,21,244,359,30,Casal di Principe
0,4,1,4,5,0,4,9,1,Nissoria
4,4,0,8,10,2,12,14,2,Gagliano Castelferrato
0,4,1,1,1,0,1,5,1,Pagliara
13,19,1,17,13,3,30,32,4,Castelnuovo
7,5,1,8,7,2,15,12,3,Castello Tesino
193,172,32,176,197,43,369,369,75,Calenzano
45,27,1,44,34,4,89,61,5,Pieve Torina
71,51,12,84,95,19,155,146,31,Capannoli
3,6,0,13,7,3,16,13,3,Lanusei
5,2,0,4,12,2,9,14,2,Vallecorsa
64,41,11,52,39,14,116,80,25,Notaresco
424,458,44,399,646,89,823,1104,133,Fiumicino
17,13,3,18,16,1,35,29,4,Guardialfiera
54,42,2,50,29,7,104,71,9,Berzo San Fermo
5,4,1,1,6,1,6,10,2,Sant'Anatolia di Narco
9,9,0,10,9,0,19,18,0,Pennapiedimonte
59,79,6,47,107,14,106,186,20,San Felice a Cancello
0,0,0,1,0,0,1,0,0,San Pietro in Amantea
0,0,0,1,5,0,1,5,0,Laureana Cilento
55,47,2,50,37,2,105,84,4,Acquafredda
10,10,4,9,8,1,19,18,5,Posta Fibreno
39,27,3,38,34,2,77,61,5,Gazzo
19,20,2,24,14,5,43,34,7,Bagnolo di Po
148,125,14,146,123,20,294,248,34,Cadeo
1,4,0,4,3,0,5,7,0,Camerata Nuova
21,18,1,19,25,3,40,43,4,Bellegra
66,61,8,79,55,14,145,116,22,Villa Bartolomea
150,156,20,171,264,38,321,420,58,Peschiera del Garda
155,153,10,168,113,18,323,266,28,Sernaglia della Battaglia
374,330,27,355,234,30,729,564,57,Soresina
57,51,13,52,52,14,109,103,27,Martignana di Po
34,55,2,31,55,12,65,110,14,Sant'Arpino
17,21,2,12,22,3,29,43,5,Bonavigo
7,6,0,9,9,1,16,15,1,Castellana Sicula
10,9,3,12,27,3,22,36,6,Oliveri
107,98,4,88,59,4,195,157,8,Bulciago
21,13,4,18,15,5,39,28,9,Francica
9,5,2,11,13,1,20,18,3,Agira
13,7,0,14,24,10,27,31,10,Centuripe
30,31,4,29,40,6,59,71,10,Pomarolo
1,1,0,3,8,0,4,9,0,Cardinale
118,96,13,108,103,17,226,199,30,Cernusco Lombardone
36,32,0,27,36,3,63,68,3,Copiano
46,58,11,65,57,11,111,115,22,Gemonio
1,0,0,0,1,0,1,1,0,Montasola
49,45,5,55,51,2,104,96,7,Brusaporto
5,5,0,6,9,1,11,14,1,Moresco
169,141,19,178,155,33,347,296,52,Porcari
22,22,2,23,16,3,45,38,5,Viadanica
61,84,2,65,60,5,126,144,7,Azzano Mella
16,10,3,11,23,8,27,33,11,San Siro
9,13,0,6,5,0,15,18,0,Longobucco
16,8,3,14,20,1,30,28,4,Poggio Catino
8,8,2,6,22,3,14,30,5,Selvino
1,1,0,1,3,1,2,4,1,Duno
12,13,0,10,14,2,22,27,2,Villanova Canavese
114,105,8,113,181,33,227,286,41,Lucera
1,0,2,1,5,0,2,5,2,Muzzano
11,11,1,18,19,5,29,30,6,Sannicola
111,117,23,119,106,26,230,223,49,Terlizzi
7,6,0,10,7,1,17,13,1,Basciano
0,0,0,2,3,2,2,3,2,Oratino
69,55,5,61,64,7,130,119,12,Cavour
64,53,4,88,48,9,152,101,13,Robecco d'Oglio
25,29,3,26,39,4,51,68,7,Ceranova
81,66,4,86,119,11,167,185,15,Vignanello
37,23,3,30,23,2,67,46,5,Motteggiana
26,21,4,26,22,2,52,43,6,Bernate Ticino
23,18,0,15,20,2,38,38,2,Castel d'Aiano
63,83,7,98,75,5,161,158,12,Salgareda
127,100,11,105,84,11,232,184,22,San Giovanni Ilarione
303,222,12,272,200,19,575,422,31,Monteforte d'Alpone
0,0,0,1,0,0,1,0,0,Stregna
4,1,0,5,2,3,9,3,3,Pianezze
20,30,8,32,37,7,52,67,15,Sava
115,102,15,94,116,25,209,218,40,Fontanellato
37,40,10,64,50,10,101,90,20,Ome
39,22,3,44,33,4,83,55,7,Fonzaso
1234,1340,128,1253,1449,195,2487,2789,323,Legnano
24,30,5,35,51,8,59,81,13,Albairate
18,22,3,19,7,3,37,29,6,Agugliaro
12,8,1,15,19,3,27,27,4,Nomi
8,3,0,6,8,2,14,11,2,Lovero
214,214,15,231,172,26,445,386,41,Castegnato
186,164,20,185,143,19,371,307,39,Gottolengo
32,19,3,39,36,6,71,55,9,Bistagno
7,9,0,8,14,0,15,23,0,Camerano Casasco
3,2,1,12,4,5,15,6,6,Cavazzo Carnico
0,2,0,5,5,0,5,7,0,Candida
5,11,1,26,21,6,31,32,7,Povoletto
0,0,0,0,1,0,0,1,0,Castelguidone
3,2,1,3,4,1,6,6,2,Campagnola Cremasca
55,56,6,58,78,8,113,134,14,Almese
12,8,3,10,11,2,22,19,5,Sorgono
0,0,0,0,4,3,0,4,3,Escalaplano
50,32,1,44,56,6,94,88,7,Chiaramonte Gulfi
5,1,0,4,6,1,9,7,1,Ciminna
2,2,1,5,4,3,7,6,4,Lozzolo
7,4,4,5,22,4,12,26,8,Val di Zoldo
43,37,6,48,68,4,91,105,10,Cotronei
1,2,0,2,0,0,3,2,0,Filandari
6,5,2,5,5,2,11,10,4,Perosa Canavese
177,223,39,197,370,69,374,593,108,Frascati
3,3,0,2,4,0,5,7,0,Macchia Valfortore
68,67,3,76,88,8,144,155,11,San Paolo di Civitate
54,45,5,55,68,12,109,113,17,Acquapendente
105,97,16,118,193,28,223,290,44,Capua
19,21,3,17,12,7,36,33,10,Monteverdi Marittimo
82,77,7,62,64,14,144,141,21,Arcidosso
112,88,11,121,165,21,233,253,32,Grottaglie
0,4,0,2,1,1,2,5,1,Fossato Serralta
8,5,1,9,22,3,17,27,4,Gonnesa
0,0,0,1,10,0,1,10,0,Orotelli
2,8,1,1,5,0,3,13,1,Sarule
195,153,23,159,183,36,354,336,59,Sinalunga
94,73,11,88,84,28,182,157,39,Modigliana
0,0,0,0,2,0,0,2,0,Pizzoferrato
17,14,9,20,44,8,37,58,17,Ugento
177,124,23,157,162,35,334,286,58,Mori
30,25,7,35,81,11,65,106,18,Gallipoli
5,2,1,8,11,2,13,13,3,Cerchiara di Calabria
45,38,5,61,95,23,106,133,28,Massa Lubrense
0,2,1,0,2,0,0,4,1,Castro dei Volsci
460,474,44,475,484,71,935,958,115,Bussolengo
10,13,1,10,15,3,20,28,4,Alife
2,0,1,3,1,3,5,1,4,Ginestra
8,14,3,13,21,4,21,35,7,Canazei
20,16,5,24,44,7,44,60,12,Spoltore
1,2,0,1,4,1,2,6,1,Montagano
47,28,4,27,49,7,74,77,11,Domegge di Cadore
1,1,0,2,4,0,3,5,0,Capriata d'Orba
1,0,0,0,1,0,1,1,0,Valsavarenche
21,22,2,30,26,2,51,48,4,Palagano
56,64,10,61,79,17,117,143,27,Cormons
704,662,59,687,503,63,1391,1165,122,Ghedi
48,57,4,30,65,15,78,122,19,Buonconvento
13,11,0,9,11,1,22,22,1,Monsampolo del Tronto
14,8,1,17,15,2,31,23,3,Chieuti
1,2,0,2,3,2,3,5,2,Macchiagodena
0,0,0,0,1,0,0,1,0,Valstrona
76,78,13,99,132,37,175,210,50,Castenaso
3,1,2,4,18,6,7,19,8,Bagolino
14,13,3,13,26,5,27,39,8,San Giovanni Bianco
58,54,9,72,70,18,130,124,27,Vecchiano
17,44,8,23,26,11,40,70,19,Gradara
697,748,66,793,897,169,1490,1645,235,Voghera
0,1,0,0,0,0,0,1,0,Bianchi
82,70,11,72,119,21,154,189,32,Andora
1,5,1,5,8,3,6,13,4,Calice Ligure
34,22,6,35,33,5,69,55,11,Varano de' Melegari
5,5,0,2,15,5,7,20,5,Falcade
21,26,5,23,38,14,44,64,19,San Francesco al Campo
63,78,10,65,89,13,128,167,23,San Maurizio Canavese
0,1,1,2,3,2,2,4,3,San Donato di Ninea
1,1,0,2,1,0,3,2,0,Calasca-Castiglione
74,68,9,71,106,25,145,174,34,San Gimignano
241,235,47,233,400,98,474,635,145,Camaiore
0,3,0,0,6,0,0,9,0,Barcis
521,535,41,534,694,83,1055,1229,124,Nichelino
344,340,34,372,282,36,716,622,70,Caravaggio
85,92,12,67,82,20,152,174,32,Dorno
27,28,3,24,35,5,51,63,8,Villanova d'Albenga
74,78,5,83,103,12,157,181,17,Carsoli
2,2,1,5,6,3,7,8,4,Zagarise
0,0,0,0,0,0,0,0,0,Camerana
57,69,5,79,114,20,136,183,25,Granarolo dell'Emilia
0,2,0,0,2,2,0,4,2,Saviore dell'Adamello
5,6,1,5,11,2,10,17,3,Sampeyre
21,27,4,27,80,20,48,107,24,Vico Equense
2,0,0,0,1,0,2,1,0,Roccaforte del Greco
5,4,2,9,11,2,14,15,4,Costanzana
26,29,4,28,25,5,54,54,9,Corte de' Frati
47,40,6,42,65,7,89,105,13,Montalto Dora
11,18,0,8,18,3,19,36,3,Cascinette d'Ivrea
2,0,0,2,3,1,4,3,1,Santadi
20,19,1,28,31,3,48,50,4,Limbadi
2,4,0,7,13,0,9,17,0,Monterosso Almo
14,8,0,10,10,3,24,18,3,Giardinello
12,10,1,14,33,3,26,43,4,San Gavino Monreale
0,0,0,1,2,0,1,2,0,Urzulei
8,5,1,15,14,5,23,19,6,Reano
70,59,9,58,63,5,128,122,14,Castel Ivano
14,17,1,8,21,1,22,38,2,Varapodio
216,211,27,241,334,57,457,545,84,Lanciano
45,36,7,50,35,6,95,71,13,Carpino
0,0,0,0,0,0,0,0,0,Casteldelci
1,0,0,0,1,0,1,1,0,Ulassai
281,226,45,290,297,67,571,523,112,Gualdo Tadino
176,160,22,196,173,44,372,333,66,Levico Terme
76,55,7,64,55,4,140,110,11,Treia
39,35,3,26,43,9,65,78,12,Gallicano
8,8,1,7,9,0,15,17,1,Beura-Cardezza
1,2,2,1,1,2,2,3,4,Casalattico
17,17,3,14,12,2,31,29,5,Soveria Simeri
316,240,29,272,234,48,588,474,77,Monte San Giusto
41,38,6,39,38,7,80,76,13,Morro d'Alba
450,377,37,431,360,54,881,737,91,Castelfiorentino
0,0,0,0,2,0,0,2,0,Gesturi
8,12,2,10,10,3,18,22,5,Pratiglione
4,4,1,5,6,2,9,10,3,Jerzu
102,59,11,90,85,15,192,144,26,Guardiagrele
8,4,0,8,15,1,16,19,1,Gesualdo
17,21,3,15,12,5,32,33,8,Calendasco
49,45,6,53,63,17,102,108,23,Fanano
11,8,1,11,19,4,22,27,5,Atina
336,381,27,386,349,55,722,730,82,Piove di Sacco
1,2,1,2,1,1,3,3,2,Piozzano
16,16,1,11,15,4,27,31,5,San Mauro Marchesato
43,42,5,64,84,8,107,126,13,Alberobello
5,6,0,4,9,1,9,15,1,Bagaladi
56,60,6,51,90,18,107,150,24,Staranzano
23,15,3,22,36,5,45,51,8,Irsina
7,6,0,7,5,1,14,11,1,Baselice
1,2,0,4,5,0,5,7,0,Ortelle
100,101,11,87,96,21,187,197,32,Passirano
18,14,3,15,19,2,33,33,5,Chiesa in Valmalenco
2,1,0,4,3,1,6,4,1,Guardabosone
31,27,6,38,41,11,69,68,17,San Lorenzo in Campo
4,6,3,6,17,8,10,23,11,Roccasecca
0,0,0,0,2,1,0,2,1,Fobello
360,337,45,394,440,73,754,777,118,Figline e Incisa Valdarno
8,6,2,8,9,5,16,15,7,Toro
23,18,2,18,27,4,41,45,6,Londa
2,3,0,4,5,1,6,8,1,San Sebastiano da Po
152,124,14,150,195,34,302,319,48,Canosa di Puglia
138,147,28,152,138,24,290,285,52,Verzuolo
141,144,21,143,284,41,284,428,62,Agropoli
9,11,3,7,26,5,16,37,8,Poppi
21,17,1,27,21,4,48,38,5,Bucchianico
65,53,15,77,114,33,142,167,48,Minturno
50,33,7,46,54,10,96,87,17,Lequile
0,1,0,2,11,2,2,12,2,San Chirico Raparo
85,92,7,88,95,24,173,187,31,Cassano all'Ionio
18,13,2,22,16,3,40,29,5,Amatrice
136,168,25,198,185,41,334,353,66,Maranello
54,52,6,68,68,17,122,120,23,San Cesario sul Panaro
68,86,11,70,64,8,138,150,19,Lunano
2,1,0,0,1,0,2,2,0,Marmora
39,42,1,36,43,3,75,85,4,La Morra
1,1,0,1,3,0,2,4,0,Mombarcaro
40,32,7,41,31,7,81,63,14,Magliano Alpi
24,21,1,18,34,4,42,55,5,Torrazza Piemonte
0,0,0,1,1,0,1,1,0,Balocco
32,39,2,35,46,6,67,85,8,Bianco
184,178,14,193,193,31,377,371,45,Santena
390,327,52,375,539,151,765,866,203,Chiavari
59,56,11,74,82,11,133,138,22,Bardonecchia
88,86,7,75,120,11,163,206,18,Codigoro
6,5,0,5,9,0,11,14,0,Graglia
5,5,0,6,3,1,11,8,1,Castelletto Cervo
0,0,0,0,0,0,0,0,0,Lozio
17,16,6,18,27,4,35,43,10,San Giorgio di Lomellina
2,2,0,4,9,1,6,11,1,Nusco
23,26,6,26,25,5,49,51,11,Val Brembilla
37,42,5,50,37,5,87,79,10,Fontanelice
214,213,19,201,239,49,415,452,68,Castel San Pietro Terme
0,0,0,0,1,1,0,1,1,Castel San Vincenzo
315,275,47,318,333,78,633,608,125,Sansepolcro
20,18,5,22,20,4,42,38,9,Viano
0,2,1,1,1,3,1,3,4,Pedivigliano
52,61,9,43,38,7,95,99,16,Gaiarine
0,0,2,0,1,2,0,1,4,Montresta
0,1,0,0,0,0,0,1,0,Collinas
3,5,2,0,4,0,3,9,2,Lei
48,17,0,50,23,1,98,40,1,Montelepre
0,2,1,1,4,3,1,6,4,Baratili San Pietro
10,7,0,15,21,2,25,28,2,Francavilla di Sicilia
1,3,0,4,11,1,5,14,1,Caronia
2,1,0,6,4,0,8,5,0,Mandanici
578,439,147,525,445,86,1103,884,233,Mazara del Vallo
64,79,4,75,59,5,139,138,9,Sulbiate
36,41,4,35,72,14,71,113,18,Selargius
12,14,1,6,10,1,18,24,2,San Clemente
1,1,1,2,10,2,3,11,3,Scano di Montiferro
115,110,9,113,119,14,228,229,23,Rovellasca
17,13,0,25,28,3,42,41,3,Santa Margherita di Belice
4,4,4,8,12,3,12,16,7,Alimena
60,30,1,51,30,1,111,60,2,Cerda
7,9,4,4,8,1,11,17,5,Bucciano
5,8,1,12,8,1,17,16,2,Cossignano
53,57,13,63,106,13,116,163,26,Polignano a Mare
0,0,0,0,3,0,0,3,0,Albano di Lucania
4,3,0,3,7,4,7,10,4,Uras
0,0,0,0,0,0,0,0,0,Pompu
4,3,2,5,4,0,9,7,2,Guamaggiore
2,7,1,8,9,1,10,16,2,Zaccanopoli
8,4,2,8,8,0,16,12,2,Sernio
15,15,2,8,21,1,23,36,3,Ionadi
30,27,4,34,33,5,64,60,9,Poggiardo
71,53,3,72,48,8,143,101,11,Piandimeleto
0,2,0,2,5,2,2,7,2,Cicerale
326,326,35,395,354,56,721,680,91,Marsciano
0,1,0,1,4,1,1,5,1,Pieve Tesino
36,31,5,40,43,7,76,74,12,Arrone
13,15,2,21,14,2,34,29,4,Ossago Lodigiano
28,22,2,25,16,4,53,38,6,Montegabbione
8,11,0,5,15,1,13,26,1,Cergnago
36,34,0,36,37,5,72,71,5,Marzano
55,56,5,86,57,14,141,113,19,Gragnano Trebbiense
23,34,6,24,33,9,47,67,15,Pagnacco
110,104,7,127,112,21,237,216,28,Preganziol
42,36,3,40,44,3,82,80,6,Castagnaro
4,7,0,7,12,2,11,19,2,Marano Equo
52,42,6,45,62,17,97,104,23,Bevagna
17,15,3,14,30,5,31,45,8,Redavalle
2,1,0,1,2,2,3,3,2,Martirano Lombardo
279,283,12,258,347,27,537,630,39,Terzigno
3,6,0,5,7,1,8,13,1,Fusine
12,14,8,15,23,10,27,37,18,Posada
3,1,0,4,2,1,7,3,1,Capri Leone
161,156,13,165,158,26,326,314,39,Fornovo di Taro
105,129,16,99,124,24,204,253,40,Sabaudia
182,229,25,174,200,36,356,429,61,Fusignano
32,25,3,32,30,2,64,55,5,Castelbaldo
15,12,2,13,17,3,28,29,5,Bedero Valcuvia
49,53,4,49,43,10,98,96,14,Solbiate Olona
17,16,1,19,24,2,36,40,3,Quintano
3,8,1,5,4,1,8,12,2,Castellar Guidobono
3,6,1,13,8,0,16,14,1,Laino
65,52,2,48,69,7,113,121,9,Mordano
10,3,0,5,11,1,15,14,1,Pago del Vallo di Lauro
29,37,4,27,61,12,56,98,16,Lacco Ameno
15,24,4,23,27,8,38,51,12,Villalvernia
24,23,2,34,36,6,58,59,8,Pombia
13,17,6,17,40,6,30,57,12,Ozieri
3,3,1,1,11,4,4,14,5,Teulada
4,3,1,8,6,2,12,9,3,Castrocielo
49,66,8,56,118,14,105,184,22,Manfredonia
104,75,7,83,99,17,187,174,24,Cupramontana
136,106,9,137,120,21,273,226,30,Poggio Renatico
25,24,2,29,40,8,54,64,10,Bormio
4805,4856,529,4755,5338,1157,9560,10194,1686,Reggio nell'Emilia
1,2,0,3,2,0,4,4,0,Vallanzengo
197,210,16,237,287,35,434,497,51,Cerignola
0,0,0,2,3,1,2,3,1,Zambrone
0,0,2,1,2,3,1,2,5,Parodi Ligure
0,1,1,1,2,0,1,3,1,Framura
25,24,3,28,31,13,53,55,16,Verolengo
6,6,0,8,5,1,14,11,1,Castellalto
10,13,1,10,17,3,20,30,4,Terruggia
10,9,2,11,14,3,21,23,5,Crespina Lorenzana
244,209,38,228,273,63,472,482,101,Loano
3,4,0,6,14,3,9,18,3,Settimo San Pietro
0,1,1,7,5,1,7,6,2,Chiusano di San Domenico
18,18,2,29,29,5,47,47,7,Ripalta Cremasca
9,6,0,8,10,1,17,16,1,Tiriolo
68,75,8,79,143,29,147,218,37,Massarosa
10,13,1,11,25,2,21,38,3,Ponte di Legno
2,3,0,3,3,1,5,6,1,San Nazzaro Sesia
15,10,1,17,12,0,32,22,1,San Pietro Viminario
84,107,14,132,90,14,216,197,28,Casale di Scodosia
178,157,27,193,268,72,371,425,99,Grottammare
31,45,4,35,43,8,66,88,12,Fara Novarese
22,37,10,41,50,12,63,87,22,Cassina Rizzardi
7,4,1,9,10,2,16,14,3,Monteiasi
11,6,1,12,9,2,23,15,3,Berzano di San Pietro
38,27,8,33,62,18,71,89,26,Margherita di Savoia
180,150,18,181,184,26,361,334,44,Cles
36,20,1,21,13,7,57,33,8,Pietrabruna
763,677,105,772,700,149,1535,1377,254,Bra
760,949,114,718,1038,143,1478,1987,257,Anzio
2,1,1,2,2,0,4,3,1,Nogarole Vicentino
142,141,24,150,191,36,292,332,60,Tavagnacco
28,29,9,32,39,6,60,68,15,Bomarzo
4,9,0,5,6,0,9,15,0,Chiopris-Viscone
56,54,7,60,55,7,116,109,14,Santa Maria della Versa
23,26,7,20,26,9,43,52,16,Tignale
20,31,2,36,34,5,56,65,7,Sant'Egidio del Monte Albino
36,36,10,43,49,10,79,85,20,Zugliano
26,32,2,24,34,3,50,66,5,Oltrona di San Mamette
137,134,9,148,155,19,285,289,28,Casorate Primo
18,17,1,22,10,0,40,27,1,Gavignano
49,57,7,64,62,8,113,119,15,Burago di Molgora
69,61,16,65,84,21,134,145,37,Pont-Saint-Martin
11,11,0,16,13,0,27,24,0,Mezzana
39,38,0,44,51,11,83,89,11,Vallelaghi
4,5,0,9,11,1,13,16,1,Cerisano
226,212,23,174,175,36,400,387,59,Quinzano d'Oglio
28,22,6,28,20,8,56,42,14,Campofilone
4,6,0,3,3,0,7,9,0,Guilmi
97,84,6,87,52,9,184,136,15,Zandobbio
0,3,1,2,4,2,2,7,3,Rosasco
5,7,0,4,8,0,9,15,0,Sellero
5,5,0,2,8,0,7,13,0,Roccabascerana
233,247,13,223,254,32,456,501,45,Paullo
64,99,11,69,121,25,133,220,36,Bussero
1590,1473,108,1675,1476,187,3265,2949,295,Vigevano
0,0,0,1,1,0,1,1,0,Gadesco-Pieve Delmona
12,5,1,5,9,1,17,14,2,Ogliastro Cilento
156,132,13,163,137,15,319,269,28,Carapelle
91,124,15,114,250,36,205,374,51,Pomigliano d'Arco
1,2,1,3,4,2,4,6,3,Pignone
14,14,3,18,31,6,32,45,9,Serle
1,1,0,4,1,0,5,2,0,Massimino
18,37,5,16,20,4,34,57,9,Recetto
1,0,0,1,3,0,2,3,0,Curcuris
166,159,8,189,155,13,355,314,21,Inzago
3,7,4,11,13,4,14,20,8,Dumenza
10,5,0,9,4,1,19,9,1,Favale di Malvaro
62,49,4,38,48,8,100,97,12,San Demetrio ne' Vestini
80,82,8,69,90,12,149,172,20,Rubano
19,10,1,15,30,4,34,40,5,Scisciano
7,6,3,7,5,3,14,11,6,Torella dei Lombardi
30,26,0,23,31,1,53,57,1,Turano Lodigiano
6,4,0,5,3,1,11,7,1,Salasco
9,15,3,16,14,3,25,29,6,Mezzomerico
27,45,2,26,29,4,53,74,6,Momo
6,2,1,6,7,2,12,9,3,Olcenengo
89,94,10,97,129,24,186,223,34,Lesmo
0,2,0,1,4,1,1,6,1,Castel di Ieri
14,11,4,14,11,4,28,22,8,Soldano
259,235,27,256,159,23,515,394,50,Calcinate
20,17,3,18,21,3,38,38,6,Montiano
85,93,10,103,88,18,188,181,28,Caorso
3,11,0,8,11,1,11,22,1,Mesola
2,3,1,3,7,4,5,10,5,Montefiorino
1,2,0,3,5,1,4,7,1,Caiolo
0,0,0,1,3,1,1,3,1,Buglio in Monte
3,1,0,2,3,2,5,4,2,Val Masino
15,43,4,11,26,5,26,69,9,Sarmede
61,63,8,49,75,3,110,138,11,Faleria
6,7,0,13,16,2,19,23,2,Tenno
15,14,1,29,12,2,44,26,3,Bione
24,31,6,31,30,5,55,61,11,Predore
194,157,15,160,155,19,354,312,34,Rio Saliceto
171,148,10,148,144,23,319,292,33,Asolo
0,0,0,0,4,0,0,4,0,Selva di Cadore
119,118,15,127,84,22,246,202,37,Odolo
90,86,5,111,91,9,201,177,14,Arcade
50,39,1,42,27,7,92,66,8,Berzo Inferiore
4,2,1,6,5,1,10,7,2,Portigliola
29,27,7,27,30,6,56,57,13,Tarzo
702,811,74,785,726,101,1487,1537,175,Thiene
403,488,36,467,366,36,870,854,72,Pieve di Soligo
3,5,2,3,4,2,6,9,4,Alleghe
33,30,8,32,50,12,65,80,20,Ponderano
46,27,6,40,56,11,86,83,17,Robecco sul Naviglio
30,35,3,28,42,3,58,77,6,Campodoro
26,29,2,39,39,6,65,68,8,Occhiobello
85,75,7,94,104,16,179,179,23,Porlezza
122,104,17,103,121,28,225,225,45,San Colombano al Lambro
701,733,75,795,878,119,1496,1611,194,Rozzano
4,3,1,6,9,1,10,12,2,Faicchio
6,6,1,11,17,3,17,23,4,Sirignano
51,50,12,56,87,31,107,137,43,Villadossola
3,5,0,1,8,2,4,13,2,Villaromagnano
5,8,2,14,7,1,19,15,3,Pavarolo
39,60,4,71,54,13,110,114,17,Montano Lucino
17,10,2,8,8,1,25,18,3,Casaletto di Sopra
40,50,8,56,54,6,96,104,14,Aragona
0,0,0,0,1,1,0,1,1,Tusa
36,54,3,68,52,8,104,106,11,Bova Marina
51,35,5,48,51,7,99,86,12,Linguaglossa
2,2,1,4,1,1,6,3,2,Re
4,1,1,6,9,2,10,10,3,Gairo
0,0,0,1,2,0,1,2,0,Ortueri
13,8,2,14,19,4,27,27,6,Pozzomaggiore
3,4,2,5,24,4,8,28,6,Golfo Aranci
16,15,1,23,43,4,39,58,5,Scilla
9,1,0,5,5,0,14,6,0,Amblar-Don
12,10,2,16,14,4,28,24,6,Castelmauro
7,6,0,6,11,1,13,17,1,Crodo
7,6,1,7,10,2,14,16,3,Vitulano
28,24,4,19,32,3,47,56,7,Belvedere di Spinello
24,19,2,23,17,7,47,36,9,San Vittore del Lazio
76,62,10,67,88,21,143,150,31,Noci
26,16,4,25,28,4,51,44,8,Bella
137,94,14,96,103,30,233,197,44,Castel del Piano
0,0,0,1,3,0,1,3,0,San Sostene
0,0,1,1,1,1,1,1,2,Resia
0,1,1,6,6,1,6,7,2,Laconi
55,62,7,60,96,21,115,158,28,Penne
21,23,1,33,26,4,54,49,5,Fabro
44,40,2,50,52,11,94,92,13,Castell'Arquato
6,2,1,5,6,1,11,8,2,Rionero Sannitico
19,6,3,10,34,6,29,40,9,Sant'Elia Fiumerapido
9,7,3,11,23,5,20,30,8,Buccino
28,24,4,23,31,7,51,55,11,Avigliano Umbro
5,8,1,9,12,4,14,20,5,Santa Maria Maggiore
53,62,5,77,79,12,130,141,17,Rufina
252,243,46,247,264,58,499,507,104,Borgonovo Val Tidone
488,509,72,562,837,187,1050,1346,259,Desenzano del Garda
181,178,16,162,121,18,343,299,34,Piancogno
38,50,7,49,59,15,87,109,22,Monte San Pietrangeli
588,584,62,592,779,145,1180,1363,207,Civitanova Marche
0,0,0,0,0,0,0,0,0,Palmiano
0,1,0,3,3,1,3,4,1,Casaletto Spartano
529,457,60,491,451,89,1020,908,149,Fiorenzuola d'Arda
19,22,2,22,21,2,41,43,4,Sassello
16,23,0,30,51,7,46,74,7,Mattinata
0,0,0,2,2,2,2,2,2,Monchio delle Corti
232,221,24,221,211,48,453,432,72,Albino
404,398,42,394,436,51,798,834,93,Villafranca di Verona
31,23,4,41,28,7,72,51,11,Ururi
33,37,6,36,30,10,69,67,16,Fregona
155,137,16,137,176,42,292,313,58,Marostica
11,10,2,10,12,4,21,22,6,Crognaleto
64,45,5,57,53,7,121,98,12,Serra de' Conti
75,82,10,72,125,26,147,207,36,San Casciano in Val di Pesa
391,337,58,426,506,122,817,843,180,Cecina
10,13,1,13,20,0,23,33,1,Pennabilli
308,326,40,305,306,59,613,632,99,Fiorano Modenese
73,72,16,73,123,22,146,195,38,Amelia
0,1,0,0,6,0,0,7,0,Frigento
0,1,1,1,2,0,1,3,1,Satriano
5,8,0,13,11,3,18,19,3,Busso
21,16,5,17,22,5,38,38,10,Murazzano
19,27,0,29,33,5,48,60,5,Riva presso Chieri
30,21,0,28,29,5,58,50,5,Albiano d'Ivrea
156,149,16,232,201,25,388,350,41,Orbassano
109,104,17,109,103,20,218,207,37,Piazzola sul Brenta
252,279,27,264,308,57,516,587,84,San Miniato
8,11,0,9,13,0,17,24,0,Cassinelle
10,10,0,24,26,1,34,36,1,Lauria
63,54,4,71,85,13,134,139,17,Trinitapoli
11,21,0,32,17,3,43,38,3,Vairano Patenora
55,41,7,50,48,8,105,89,15,Roncofreddo
15,17,4,21,27,4,36,44,8,Monterenzio
8,10,1,8,11,3,16,21,4,Frascarolo
10,9,2,7,8,4,17,17,6,Cabella Ligure
4,4,1,6,5,3,10,9,4,Cervasca
0,1,1,1,2,1,1,3,2,Tiana
26,22,6,68,74,8,94,96,14,Santo Stefano di Camastra
2,2,0,5,3,0,7,5,0,Milo
25,24,7,42,53,8,67,77,15,Pedara
2,0,0,0,0,0,2,0,0,Pescopennataro
179,225,16,178,142,26,357,367,42,Oggiono
209,179,40,249,288,63,458,467,103,Chiaravalle
5,9,0,5,11,0,10,20,0,Mairago
244,213,35,252,355,50,496,568,85,San Giovanni Rotondo
6,18,0,11,12,0,17,30,0,Suello
2,5,1,4,3,1,6,8,2,Zimone
6,2,1,5,6,6,11,8,7,Casale Corte Cerro
55,55,7,70,56,8,125,111,15,Brembio
0,0,0,2,2,0,2,2,0,Bompensiere
8,7,1,11,10,2,19,17,3,Villafranca Sicula
1,0,0,1,2,1,2,2,1,Ucria
8,9,1,5,9,5,13,18,6,Tavigliano
10,10,2,10,16,3,20,26,5,Sandigliano
5,2,0,5,6,0,10,8,0,Gemmano
76,75,14,95,98,29,171,173,43,Spello
10,11,1,14,15,6,24,26,7,Barbarano Romano
1,2,0,1,3,1,2,5,1,Alviano
72,79,20,56,166,48,128,245,68,Assisi
3,6,0,5,19,1,8,25,1,Filadelfia
6,6,0,10,10,1,16,16,1,Monte Marenzo
28,33,3,34,88,18,62,121,21,Monte di Procida
5,2,0,3,2,0,8,4,0,Monte Cavallo
21,14,3,15,27,9,36,41,12,Casole d'Elsa
0,0,0,2,1,0,2,1,0,Morigerati
53,63,13,73,83,33,126,146,46,Baveno
22,15,6,13,25,7,35,40,13,Caiazzo
6,8,1,3,4,1,9,12,2,Crecchio
2,0,1,5,0,2,7,0,3,Torre di Santa Maria
20,20,1,20,14,4,40,34,5,Piubega
7,8,0,10,14,3,17,22,3,Piateda
26,17,1,20,24,3,46,41,4,Commessaggio
275,282,35,277,368,44,552,650,79,Trezzano sul Naviglio
27,22,1,29,44,4,56,66,5,Castello di Cisterna
0,0,0,1,1,0,1,1,0,Poggiodomo
238,263,15,242,251,29,480,514,44,San Giorgio delle Pertiche
36,33,4,40,47,3,76,80,7,Settala
58,50,8,58,64,13,116,114,21,Montopoli in Val d'Arno
16,11,0,17,28,1,33,39,1,Piglio
4,10,1,11,6,2,15,16,3,Ranzanico
111,108,14,101,146,9,212,254,23,Pessano con Bornago
188,229,15,232,282,25,420,511,40,Pero
87,91,6,91,102,16,178,193,22,Villa di Serio
125,151,7,140,160,14,265,311,21,Spino d'Adda
70,65,5,64,63,5,134,128,10,Pieve Porto Morone
12,12,0,8,14,2,20,26,2,Pontebba
334,378,30,402,477,41,736,855,71,Gorgonzola
118,129,12,141,124,15,259,253,27,Volta Mantovana
39,36,4,37,33,6,76,69,10,Badia Calavena
96,109,4,84,76,16,180,185,20,Castellucchio
113,96,12,93,111,13,206,207,25,Monzambano
5,5,1,4,13,1,9,18,2,Frassinoro
131,169,11,141,142,22,272,311,33,Rovello Porro
2,4,0,4,9,1,6,13,1,Graffignano
447,504,36,490,496,70,937,1000,106,San Giovanni Lupatoto
42,99,8,63,111,12,105,210,20,Pantigliate
258,294,21,257,242,44,515,536,65,Terno d'Isola
0,0,1,1,3,1,1,3,2,Ripabottoni
25,28,5,28,19,6,53,47,11,Formigara
4,2,2,5,3,2,9,5,4,Grottole
129,112,12,134,97,14,263,209,26,Mozzanica
499,622,46,403,289,30,902,911,76,Verdellino
15,8,0,9,12,0,24,20,0,Gorno
156,146,19,178,166,27,334,312,46,Cuggiono
192,194,10,169,175,13,361,369,23,Capriate San Gervasio
10,19,3,8,16,4,18,35,7,Visco
6,5,0,3,7,1,9,12,1,Villamarzana
35,48,2,34,63,4,69,111,6,Stimigliano
57,72,6,56,57,10,113,129,16,Torre de' Passeri
16,19,1,12,16,3,28,35,4,Sant'Eusanio del Sangro
72,68,8,64,77,13,136,145,21,Castelbelforte
19,15,2,18,20,3,37,35,5,Agliano Terme
2,2,0,3,3,0,5,5,0,Vottignasco
70,89,5,81,80,9,151,169,14,Breno
4,3,1,11,4,0,15,7,1,Villetta Barrea
3,6,2,5,9,0,8,15,2,Caglio
2,1,0,1,5,3,3,6,3,Foiano di Val Fortore
4,2,0,8,11,3,12,13,3,Foglianise
62,81,13,65,101,20,127,182,33,Solofra
0,0,0,0,3,1,0,3,1,Vagli Sotto
0,0,0,2,1,0,2,1,0,Moransengo
6,14,2,11,8,5,17,22,7,Castel Rocchero
2,4,1,6,11,2,8,15,3,Montemesola
1,2,1,2,6,0,3,8,1,Vercana
39,32,2,34,28,11,73,60,13,Veniano
0,0,1,0,2,1,0,2,2,Castelpetroso
708,633,116,789,830,181,1497,1463,297,Casale Monferrato
35,23,2,30,32,8,65,55,10,Trecenta
13,15,1,11,19,2,24,34,3,Boara Pisani
36,42,1,47,49,9,83,91,10,Altare
12,18,0,14,7,3,26,25,3,Casacalenda
12,12,1,18,11,4,30,23,5,Dignano
5,3,0,2,6,0,7,9,0,San Marzano Oliveto
0,1,0,0,1,0,0,2,0,Coreglia Ligure
4,5,1,6,6,1,10,11,2,Marmentino
55,50,8,73,96,17,128,146,25,Appiano Gentile
19,14,4,15,20,5,34,34,9,Montemagno
96,107,10,100,117,23,196,224,33,Melfi
45,44,8,35,32,7,80,76,15,Rivarolo del Re ed Uniti
61,47,8,45,58,7,106,105,15,Varano Borghi
0,0,0,0,2,0,0,2,0,Lastebasse
162,142,13,145,150,17,307,292,30,Filottrano
24,23,10,29,31,12,53,54,22,Barasso
79,74,7,54,60,7,133,134,14,Costa di Mezzate
4,1,1,0,5,2,4,6,3,Granozzo con Monticello
11,16,2,23,16,4,34,32,6,Vetto
116,103,11,126,112,24,242,215,35,Bellusco
12,7,4,17,19,7,29,26,11,Comabbio
9,7,2,10,10,2,19,17,4,Bornasco
137,134,10,151,118,10,288,252,20,Presezzo
12,19,2,11,16,4,23,35,6,Pincara
599,531,52,648,617,108,1247,1148,160,Fidenza
0,3,0,1,2,0,1,5,0,Nocara
16,18,6,21,24,4,37,42,10,Giove
0,0,0,0,0,0,0,0,0,Blello
9,14,7,17,18,9,26,32,16,Sequals
3,3,1,1,5,0,4,8,1,Tessennano
8,18,2,14,13,1,22,31,3,Gorgoglione
76,58,6,70,76,11,146,134,17,Ceprano
12,14,1,12,15,3,24,29,4,Pisano
34,43,5,38,33,3,72,76,8,Monguzzo
11,11,2,16,19,5,27,30,7,Sagrado
186,174,16,170,192,31,356,366,47,Busto Garolfo
6,3,0,5,5,0,11,8,0,Sant'Eufemia a Maiella
0,0,0,0,1,0,0,1,0,La Magdeleine
48,49,3,38,29,7,86,78,10,Annicco
17,18,2,22,11,4,39,29,6,Cerro Tanaro
30,30,2,33,26,7,63,56,9,Santa Giuletta
0,0,0,0,0,0,0,0,0,Velezzo Lomellina
25,35,3,23,27,1,48,62,4,Mango
57,94,6,97,131,20,154,225,26,Saviano
18,22,5,16,25,4,34,47,9,Villar Dora
42,46,4,59,83,13,101,129,17,Ghemme
89,100,14,103,93,16,192,193,30,Neive
38,26,3,33,56,9,71,82,12,San Ferdinando
76,78,6,88,78,9,164,156,15,Ramacca
196,234,44,186,163,27,382,397,71,Rosolini
19,19,3,30,31,3,49,50,6,Regalbuto
10,9,0,13,25,2,23,34,2,Carosino
109,109,6,98,104,11,207,213,17,Sorisole
27,49,4,29,35,7,56,84,11,Casapesenna
43,37,9,43,50,9,86,87,18,Morazzone
13,9,0,6,17,5,19,26,5,Santa Lucia di Serino
21,27,7,16,26,12,37,53,19,Valentano
87,98,14,101,90,18,188,188,32,Villanova di Camposampiero
40,28,3,41,24,2,81,52,5,Rovescala
28,19,0,32,45,6,60,64,6,Pisticci
4,7,1,7,23,5,11,30,6,Picerno
20,18,1,17,20,2,37,38,3,Cremosano
4,5,0,5,11,1,9,16,1,Pereto
45,42,6,64,157,24,109,199,30,Mugnano di Napoli
71,71,9,75,86,17,146,157,26,Lanzo Torinese
128,147,19,137,184,26,265,331,45,Caltagirone
85,76,14,86,97,12,171,173,26,Cupra Marittima
96,73,10,90,110,23,186,183,33,Concordia Sagittaria
80,70,11,69,82,8,149,152,19,San Polo dei Cavalieri
4,8,0,8,10,1,12,18,1,Druogno
0,0,0,0,0,0,0,0,0,Vigo di Cadore
13,22,4,24,100,16,37,122,20,Procida
8,10,3,16,9,5,24,19,8,Rovasenda
218,172,19,232,304,44,450,476,63,Grugliasco
0,0,0,1,2,0,1,2,0,San Procopio
1439,1667,208,1510,2530,443,2949,4197,651,Reggio di Calabria
38,33,6,43,33,3,81,66,9,Capo di Ponte
15,11,1,17,10,5,32,21,6,Olmeneta
12,17,0,23,15,0,35,32,0,Mesenzana
5,8,2,10,11,2,15,19,4,Salvirola
79,82,11,76,76,9,155,158,20,Romanengo
3,1,1,0,10,1,3,11,2,Paulilatino
0,0,0,0,1,0,0,1,0,Desulo
12,3,0,7,20,1,19,23,1,Isili
4,5,2,7,12,3,11,17,5,Joppolo Giancaxio
0,0,0,0,2,0,0,2,0,Castelletto Uzzone
5,3,0,4,7,2,9,10,2,Longi
4,3,0,3,12,6,7,15,6,Tertenia
84,97,14,131,128,14,215,225,28,Castellammare del Golfo
23,14,5,19,20,3,42,34,8,Porte
3,1,0,5,12,0,8,13,0,Sindia
10,4,0,9,4,1,19,8,1,Macello
0,2,1,0,2,0,0,4,1,Pescaglia
974,903,64,974,885,82,1948,1788,146,Fonte Nuova
74,56,10,69,69,13,143,125,23,Supino
9,12,0,10,18,3,19,30,3,Castiglione d'Orcia
24,14,4,17,23,5,41,37,9,Sersale
3,3,1,5,13,2,8,16,3,Cuglieri
5,6,2,4,5,2,9,11,4,San Giovanni a Piro
33,30,9,40,53,14,73,83,23,Peccioli
363,311,46,367,319,65,730,630,111,Massa Lombarda
124,94,6,111,102,12,235,196,18,Carpaneto Piacentino
2,2,0,3,4,1,5,6,1,Valdidentro
355,326,30,354,327,33,709,653,63,Camisano Vicentino
298,340,25,306,358,39,604,698,64,Civita Castellana
0,1,0,4,3,1,4,4,1,Malito
17,15,1,17,25,2,34,40,3,Altomonte
16,18,1,16,16,3,32,34,4,Casabona
2,0,0,2,6,0,4,6,0,Sant'Agata di Esaro
281,219,22,241,199,28,522,418,50,Novi di Modena
51,42,4,38,60,6,89,102,10,Pianella
72,93,10,82,64,10,154,157,20,Gorgo al Monticano
41,27,9,43,28,13,84,55,22,Scarnafigi
194,163,12,157,133,25,351,296,37,San Benedetto Po
289,206,14,271,173,28,560,379,42,San Damiano d'Asti
34,29,4,43,21,3,77,50,7,Casto
8,4,0,6,7,4,14,11,4,Camino
1,0,0,1,7,4,2,7,4,Portovenere
26,46,14,57,140,24,83,186,38,Bacoli
332,306,52,351,292,56,683,598,108,Quarrata
211,264,36,246,370,57,457,634,93,Anguillara Sabazia
23,15,7,20,28,8,43,43,15,Arce
9,6,0,3,9,2,12,15,2,Pallare
7,9,2,7,22,4,14,31,6,Marano Lagunare
164,144,23,154,182,38,318,326,61,Pietra Ligure
104,122,10,115,103,21,219,225,31,Ceriale
175,176,15,226,206,31,401,382,46,Marcon
0,0,0,4,2,1,4,2,1,Roccaforzata
18,23,6,29,25,11,47,48,17,Bardi
258,287,25,250,344,42,508,631,67,Zagarolo
31,35,0,34,34,5,65,69,5,Bosco Marengo
36,33,2,54,42,9,90,75,11,Roncoferraro
0,1,0,3,4,2,3,5,2,Mornese
0,0,1,1,1,0,1,1,1,Roure
45,74,45,65,70,42,110,144,87,Capoliveri
53,47,4,53,90,24,106,137,28,Camerino
51,30,7,49,42,6,100,72,13,Esanatoglia
257,303,30,313,355,59,570,658,89,San Giovanni in Persiceto
193,205,40,228,298,52,421,503,92,Corato
9,10,0,17,13,1,26,23,1,Rotonda
0,0,0,0,3,0,0,3,0,Mendatica
0,0,0,0,0,0,0,0,0,Montacuto
1,3,1,2,2,1,3,5,2,Feroleto Antico
50,55,5,63,51,5,113,106,10,Monforte d'Alba
43,35,5,48,47,8,91,82,13,Vigone
33,27,3,37,29,3,70,56,6,Envie
179,173,21,174,175,43,353,348,64,Brugnera
2,8,0,7,7,0,9,15,0,Mezzana Bigli
15,18,7,15,19,5,30,37,12,San Lorenzo Dorsino
1038,1061,88,1008,1135,178,2046,2196,266,Conegliano
180,184,26,184,240,36,364,424,62,Giaveno
9,11,4,11,18,3,20,29,7,Castagneto Po
11,8,3,10,24,4,21,32,7,Pralungo
37,32,4,35,28,5,72,60,9,Sestino
9,6,1,5,10,3,14,16,4,Castelvecchio Subequo
120,107,18,134,167,43,254,274,61,Conversano
45,47,7,45,38,3,90,85,10,Valle Lomellina
0,2,0,5,6,0,5,8,0,Domanico
0,1,0,0,5,5,0,6,5,Quarna Sotto
0,0,0,0,0,0,0,0,0,Setzu
127,120,32,149,150,48,276,270,80,Diano Marina
335,561,48,343,812,128,678,1373,176,Aversa
26,21,0,23,37,4,49,58,4,Cantalupo in Sabina
0,2,0,0,0,0,0,2,0,Scontrone
11,7,0,9,9,0,20,16,0,Murialdo
53,48,12,75,78,20,128,126,32,Venosa
32,37,4,39,78,12,71,115,16,Siano
842,1093,80,933,792,90,1775,1885,170,Montecchio Maggiore
12,12,2,17,12,7,29,24,9,Castiglione Chiavarese
5,2,2,6,6,2,11,8,4,San Sossio Baronia
556,519,54,603,557,94,1159,1076,148,Cento
47,66,8,47,44,9,94,110,17,Zermeghedo
28,53,3,35,64,2,63,117,5,Magliano Romano
20,31,4,22,36,4,42,67,8,Sonnino
0,1,1,4,9,4,4,10,5,Parghelia
32,27,6,28,31,11,60,58,17,Nemi
18,21,2,24,15,0,42,36,2,Gaverina Terme
15,18,1,19,32,4,34,50,5,Monteodorisio
35,28,5,37,30,4,72,58,9,Torre de' Roveri
50,40,2,71,49,6,121,89,8,Bressana Bottarone
299,278,20,304,200,39,603,478,59,Fabbrico
10,9,2,6,7,1,16,16,3,San Martino Alfieri
4,6,2,3,11,3,7,17,5,Castelnuovo della Daunia
2,2,0,2,2,0,4,4,0,Cigognola
186,160,24,172,148,32,358,308,56,Pontenure
443,449,53,460,372,52,903,821,105,Ponte San Pietro
0,2,1,4,5,1,4,7,2,Castelnuovo Nigra
9,4,0,11,12,2,20,16,2,Arnad
21,29,4,21,49,7,42,78,11,Brunate
6,3,2,5,5,2,11,8,4,Introd
3,3,1,2,2,3,5,5,4,Orsara Bormida
10,4,0,6,9,0,16,13,0,Campolattaro
6,3,0,7,12,0,13,15,0,Futani
50,57,9,41,107,14,91,164,23,Santa Maria a Vico
56,50,6,51,53,11,107,103,17,Gorla Maggiore
11,9,1,8,10,2,19,19,3,Pozzaglio ed Uniti
1,0,0,1,1,0,2,1,0,Avegno
17,13,2,18,17,2,35,30,4,Vicolungo
2,2,0,4,2,1,6,4,1,Duronia
3,4,1,6,8,5,9,12,6,Treppo Grande
0,3,1,3,3,0,3,6,1,Preone
62,56,12,88,47,11,150,103,23,Narzole
217,231,22,218,387,52,435,618,74,Lainate
6,10,4,8,16,1,14,26,5,Magreglio
5,4,0,8,9,2,13,13,2,Quadrelle
65,64,7,53,55,16,118,119,23,Torre di Mosto
33,25,2,32,35,9,65,60,11,Golasecca
5,3,1,1,2,2,6,5,3,Mulazzo
2,1,0,1,1,0,3,2,0,Torre de' Busi
0,0,1,0,1,0,0,1,1,Sgonico
32,31,2,44,88,16,76,119,18,Curti
75,92,11,73,85,11,148,177,22,Meduna di Livenza
51,42,6,62,30,10,113,72,16,Genola
1,2,2,3,3,1,4,5,3,Gambasca
2,1,0,2,4,0,4,5,0,Gaiola
136,146,3,158,96,14,294,242,17,Palosco
1,6,2,1,10,2,2,16,4,Miasino
19,18,2,11,21,3,30,39,5,Monchiero
6,7,1,6,8,2,12,15,3,Terzolas
68,75,2,59,67,7,127,142,9,Mussolente
24,26,0,28,21,3,52,47,3,Mercenasco
4,3,1,4,9,0,8,12,1,Meana di Susa
71,65,5,71,50,9,142,115,14,Belfiore
2,5,0,3,3,1,5,8,1,Ticengo
13,14,0,18,19,2,31,33,2,Strembo
10,12,2,7,15,2,17,27,4,Campospinoso
3,5,0,2,4,0,5,9,0,Dazio
9,21,3,21,37,6,30,58,9,Pieve Ligure
45,36,3,42,40,4,87,76,7,Truccazzano
11,7,3,8,15,3,19,22,6,Riccia
7,5,0,3,13,3,10,18,3,Borghetto di Vara
66,59,4,76,63,10,142,122,14,Isola Rizza
0,0,0,0,4,0,0,4,0,Albidona
50,51,4,43,36,3,93,87,7,Cison di Valmarino
27,35,2,34,42,15,61,77,17,Fossalta di Portogruaro
2,8,1,5,9,1,7,17,2,Bicinicco
65,71,6,72,59,6,137,130,12,Chiarano
20,20,3,26,21,1,46,41,4,Saliceto
53,51,6,74,57,6,127,108,12,Alano di Piave
161,152,20,170,190,33,331,342,53,Monte Urano
132,120,5,120,113,8,252,233,13,Dello
92,70,5,96,60,9,188,130,14,Miradolo Terme
1,2,1,2,3,1,3,5,2,Mompeo
48,48,2,33,117,13,81,165,15,Sant'Anastasia
3,3,0,3,5,2,6,8,2,Campo di Giove
1,0,0,0,0,1,1,0,1,Aquila d'Arroscia
26,17,4,24,32,7,50,49,11,Valderice
1,2,1,5,2,0,6,4,1,Vicalvi
29,25,1,32,35,7,61,60,8,Pignataro Maggiore
0,0,0,1,6,0,1,6,0,Piraino
2,1,1,2,7,1,4,8,2,San Romano in Garfagnana
1,1,1,2,2,1,3,3,2,Crandola Valsassina
265,252,28,254,237,27,519,489,55,Caerano di San Marco
34,37,3,35,49,11,69,86,14,Riva Ligure
18,20,1,24,16,3,42,36,4,San Cipriano Po
1,1,0,2,1,1,3,2,1,Viola
1,6,3,2,3,4,3,9,7,Chiusanico
53,60,5,71,56,3,124,116,8,Rovolon
1,0,0,0,4,1,1,4,1,Tora e Piccilli
9,6,2,5,10,1,14,16,3,Cortanze
10,4,1,11,9,3,21,13,4,Brunello
11,14,1,4,26,4,15,40,5,Pusiano
32,48,2,52,57,9,84,105,11,Capodrise
74,48,8,47,66,12,121,114,20,Chiesina Uzzanese
8,9,2,2,9,3,10,18,5,Magliolo
48,45,6,54,62,8,102,107,14,Cuveglio
0,0,0,0,1,0,0,1,0,Berzano di Tortona
1,4,1,2,8,3,3,12,4,Spineto Scrivia
30,35,2,29,39,8,59,74,10,Luisago
2,4,0,8,6,1,10,10,1,Polizzi Generosa
42,43,4,43,60,12,85,103,16,Lipari
3,7,2,2,11,4,5,18,6,Bonefro
40,56,3,33,47,8,73,103,11,Pescate
0,0,0,0,0,0,0,0,0,Valfloriana
45,30,3,35,19,4,80,49,7,Ripi
66,55,4,59,60,9,125,115,13,Acri
103,88,8,100,130,29,203,218,37,Cagli
7,5,0,5,9,0,12,14,0,Santo Stefano d'Aveto
68,70,4,53,55,13,121,125,17,Scansano
113,101,24,119,122,30,232,223,54,Santa Maria a Monte
17,14,3,8,9,3,25,23,6,Arborio
72,62,22,80,172,39,152,234,61,Monopoli
18,14,2,12,12,4,30,26,6,Carrosio
3,0,3,3,3,0,6,3,3,Romana
17,18,0,12,11,1,29,29,1,Sciara
29,18,4,28,44,6,57,62,10,Aci Sant'Antonio
1,3,0,3,2,4,4,5,4,Roccavaldina
5,5,0,5,10,0,10,15,0,Mogoro
1,2,0,2,2,0,3,4,0,Bultei
12,13,1,9,8,6,21,21,7,Villa Latina
7,6,5,4,5,5,11,11,10,Preci
163,133,26,164,175,33,327,308,59,Magione
18,20,3,18,22,3,36,42,6,Piantedo
192,259,36,144,350,45,336,609,81,Acerra
45,53,5,50,32,7,95,85,12,Molteno
0,2,0,2,3,0,2,5,0,San Teodoro
39,35,2,46,37,5,85,72,7,Valera Fratta
60,66,7,79,83,11,139,149,18,Aci Catena
12,6,2,7,12,2,19,18,4,Camastra
41,38,5,45,38,2,86,76,7,Sambuca di Sicilia
3,3,0,3,7,3,6,10,3,Santa Cristina Gela
183,345,26,126,172,32,309,517,58,Pachino
15,8,2,11,24,4,26,32,6,Buccheri
3,0,0,3,1,1,6,1,1,Gratteri
3,2,0,2,6,0,5,8,0,Santa Domenica Vittoria
16,8,1,21,24,2,37,32,3,San Piero Patti
16,14,2,10,13,2,26,27,4,Villanova del Sillaro
165,216,20,145,248,35,310,464,55,Marcianise
15,14,2,27,22,5,42,36,7,Crespino
21,18,3,21,101,20,42,119,23,Meta
0,0,1,0,1,0,0,1,1,Goni
3,0,1,2,2,0,5,2,1,Villanovaforru
37,44,8,41,54,10,78,98,18,Poggio Moiano
22,27,5,33,37,8,55,64,13,Mongrando
49,41,7,39,45,12,88,86,19,Fossacesia
13,10,2,13,7,2,26,17,4,Guagnano
46,29,9,36,29,4,82,58,13,Entratico
2,3,1,5,8,1,7,11,2,Monteforte Cilento
72,60,12,69,119,32,141,179,44,Triggiano
6,8,0,8,13,1,14,21,1,Cortale
72,70,8,71,86,23,143,156,31,San Fermo della Battaglia
3,1,0,2,2,1,5,3,1,Poggiridenti
1,1,0,0,4,0,1,5,0,Pratella
166,179,16,192,221,20,358,400,36,Cave
46,37,3,31,55,10,77,92,13,Vitulazio
23,22,1,26,19,2,49,41,3,Romeno
5,4,1,6,4,1,11,8,2,Pedemonte
89,78,12,93,72,10,182,150,22,Minerbe
148,165,20,163,237,26,311,402,46,Cassina de' Pecchi
9,7,1,7,17,2,16,24,3,Pietradefusi
5,5,0,5,8,1,10,13,1,Tufo
24,20,3,16,15,2,40,35,5,Val Liona
138,169,11,181,260,44,319,429,55,Milazzo
0,1,0,1,5,0,1,6,0,Montagnareale
12,5,1,16,6,1,28,11,2,Pimentel
81,82,1,95,58,7,176,140,8,Corteolona e Genzone
51,63,8,33,56,6,84,119,14,Veduggio con Colzano
33,29,3,26,38,4,59,67,7,Boffalora d'Adda
59,53,8,81,108,15,140,161,23,Santa Teresa di Riva
92,97,20,105,143,23,197,240,43,Sciacca
70,44,3,79,85,8,149,129,11,Riesi
20,8,1,13,13,2,33,21,3,Villafrati
3,0,1,2,6,0,5,6,1,Blufi
3,4,0,5,5,2,8,9,2,Tiggiano
61,62,10,73,117,22,134,179,32,Narni
54,57,4,47,51,9,101,108,13,Bagnatica
32,33,13,47,42,18,79,75,31,Coriano
266,233,46,289,283,60,555,516,106,Borgo San Lorenzo
34,20,5,35,23,6,69,43,11,San Costantino Calabro
33,27,6,26,64,22,59,91,28,Calci
10,27,9,8,11,3,18,38,12,Pabillonis
206,196,10,207,163,16,413,359,26,Lodi Vecchio
1,5,0,0,5,1,1,10,1,Colledara
0,1,0,0,6,2,0,7,2,Conca dei Marini
11,6,0,9,5,0,20,11,0,Corleto Monforte
85,58,24,83,71,12,168,129,36,Sellia Marina
19,21,1,23,24,5,42,45,6,Portalbera
5,5,1,6,20,2,11,25,3,Goro
3,5,0,4,7,2,7,12,2,Corana
40,42,9,51,50,18,91,92,27,Casciana Terme Lari
16,11,0,10,13,0,26,24,0,Monte Giberto
0,0,0,0,1,0,0,1,0,San Lorenzo
15,11,2,11,30,12,26,41,14,Pienza
0,0,0,0,0,0,0,0,0,Bema
4,6,0,4,6,1,8,12,1,Cautano
2,1,0,3,3,0,5,4,0,Cittareale
5,5,0,8,5,0,13,10,0,Sassinoro
386,387,27,392,316,29,778,703,56,Camposampiero
321,506,83,251,394,118,572,900,201,Terracina
53,65,8,70,81,20,123,146,28,Agordo
4,6,1,2,8,3,6,14,4,Civitella d'Agliano
9,4,1,6,6,2,15,10,3,Perarolo di Cadore
13,12,1,10,20,2,23,32,3,Grosso
3,4,0,3,4,0,6,8,0,Voltido
3,4,0,2,6,0,5,10,0,Ponzano Monferrato
1,2,1,3,2,2,4,4,3,Challand-Saint-Victor
7,11,0,9,18,2,16,29,2,Quart
8,16,6,12,40,10,20,56,16,Affi
3,2,1,1,2,2,4,4,3,Mompantero
20,28,7,29,43,5,49,71,12,Pavone Canavese
21,25,3,24,30,6,45,55,9,Bubbiano
0,1,0,1,8,0,1,9,0,Sant'Anna Arresi
0,0,0,1,5,0,1,5,0,Silanus
0,0,0,1,0,0,1,0,0,Nule
443,427,78,482,556,141,925,983,219,Bellaria-Igea Marina
5,9,0,11,23,0,16,32,0,Montalbano Elicona
6,8,1,11,21,6,17,29,7,Santa Lucia del Mela
0,4,2,3,20,0,3,24,2,Bompietro
21,18,2,27,36,8,48,54,10,Terralba
245,358,46,235,442,90,480,800,136,Forio
29,36,4,32,25,6,61,61,10,Borgo Chiese
84,67,2,67,74,7,151,141,9,Nole
10,9,1,14,27,3,24,36,4,Girifalco
34,31,0,39,55,5,73,86,5,Troia
6,13,1,11,14,2,17,27,3,Camerata Picena
26,21,8,19,39,6,45,60,14,Cepagatti
17,18,5,14,15,6,31,33,11,Mirabello Monferrato
3,0,0,2,4,1,5,4,1,Ardara
66,39,4,47,42,3,113,81,7,Massa Martana
75,58,8,80,66,19,155,124,27,Taviano
4,3,1,5,9,1,9,12,2,Castronuovo di Sant'Andrea
0,3,1,0,3,0,0,6,1,Tossicia
7,10,0,8,10,0,15,20,0,Alliste
7,2,0,4,7,0,11,9,0,Cerenzia
90,113,5,100,172,17,190,285,22,Trofarello
22,17,4,26,38,5,48,55,9,Viverone
1,1,0,0,0,0,1,1,0,Brognaturo
0,0,0,1,3,2,1,3,2,Cerva
49,41,8,56,52,6,105,93,14,Campomarino
2,1,0,1,2,0,3,3,0,Fardella
43,34,11,50,39,8,93,73,19,Porto Cesareo
16,17,4,20,17,4,36,34,8,Alvito
9,7,1,8,9,0,17,16,1,Serrata
4,3,1,7,7,2,11,10,3,Manoppello
154,173,20,127,110,20,281,283,40,Cittanova
21,23,1,17,34,7,38,57,8,Pinzolo
180,176,26,227,183,25,407,359,51,Gioia del Colle
85,99,6,86,73,6,171,172,12,Castelnuovo Scrivia
13,12,2,10,13,2,23,25,4,Pezzaze
73,52,13,79,63,16,152,115,29,Mosciano Sant'Angelo
7,7,1,13,7,1,20,14,2,Casal Velino
1,2,1,4,5,1,5,7,2,Francavilla Bisio
33,49,24,56,78,40,89,127,64,Gargnano
33,44,8,39,112,38,72,156,46,Arenzano
154,137,22,166,205,44,320,342,66,Collecchio
4,8,2,3,6,2,7,14,4,Montalto delle Marche
2,6,1,8,3,4,10,9,5,Vaglia
71,59,4,80,62,8,151,121,12,Comunanza
587,619,67,544,509,77,1131,1128,144,Viadana
46,53,9,61,62,11,107,115,20,Predazzo
46,41,3,35,48,3,81,89,6,San Martino in Pensilis
9,5,2,8,9,0,17,14,2,Rovegno
35,36,7,45,50,13,80,86,20,Loro Ciuffenna
17,17,2,23,27,1,40,44,3,Ceresole Alba
126,103,10,125,90,8,251,193,18,Sabbio Chiese
16,9,0,12,22,0,28,31,0,Rose
15,16,4,13,18,3,28,34,7,Montecilfone
80,75,15,100,181,47,180,256,62,Portoferraio
2,6,0,1,4,0,3,10,0,Ronco Canavese
0,1,0,0,2,0,0,3,0,Roburent
24,16,3,16,25,4,40,41,7,Curtatone
2,6,3,2,12,1,4,18,4,Gravere
166,161,26,210,336,59,376,497,85,Termoli
58,56,9,69,38,14,127,94,23,Monticiano
79,62,22,73,104,27,152,166,49,Montepulciano
2,4,3,0,7,1,2,11,4,Montazzoli
217,266,12,226,294,30,443,560,42,Riano
144,169,34,175,176,37,319,345,71,Aviano
44,47,12,36,50,13,80,97,25,Tronzano Vercellese
10,4,2,11,6,3,21,10,5,Tramatza
0,0,0,1,1,1,1,1,1,Barrali
38,31,6,24,50,6,62,81,12,Brolo
14,9,2,10,20,2,24,29,4,Lugnano in Teverina
0,0,0,0,0,0,0,0,0,Cenadi
8,12,0,8,6,1,16,18,1,Asigliano Veneto
9,21,1,7,9,3,16,30,4,Latera
4,6,0,6,11,1,10,17,1,Roscigno
37,52,3,53,52,7,90,104,10,Valbrona
100,122,4,133,141,12,233,263,16,Legnaro
10,5,2,10,22,3,20,27,5,Cantiano
17,18,0,14,10,0,31,28,0,Montanera
41,34,6,38,31,10,79,65,16,Ostra Vetere
4,2,0,4,5,0,8,7,0,Quassolo
16,18,1,23,20,3,39,38,4,Monti
3,5,4,7,8,3,10,13,7,Sordevolo
7,11,1,7,6,4,14,17,5,San Bellino
80,77,4,85,78,16,165,155,20,Castel di Sangro
97,92,14,103,157,24,200,249,38,Cariati
505,449,108,618,908,210,1123,1357,318,San Benedetto del Tronto
3,7,3,4,10,2,7,17,5,Castel Vittorio
2,7,0,4,3,0,6,10,0,Ales
25,16,2,12,15,0,37,31,2,Premosello-Chiovenda
42,39,6,50,67,9,92,106,15,Castelnuovo Don Bosco
4,4,0,5,2,2,9,6,2,Villar San Costanzo
116,88,10,103,74,6,219,162,16,Bagnolo Cremasco
71,69,5,84,122,29,155,191,34,Sasso Marconi
23,28,2,28,44,4,51,72,6,Morgex
61,65,4,58,55,10,119,120,14,Cirimido
2,0,0,2,1,0,4,1,0,Sacco
27,18,1,27,20,2,54,38,3,Giussago
2,2,0,3,4,0,5,6,0,Faggeto Lario
0,0,0,4,2,0,4,2,0,Ponti
52,62,8,49,42,10,101,104,18,Filago
4,9,1,9,14,3,13,23,4,Cuasso al Monte
5,4,0,9,9,3,14,13,3,Pesco Sannita
4,2,0,5,4,0,9,6,0,Bisaccia
34,35,3,35,28,2,69,63,5,Cedegolo
0,0,0,3,3,0,3,3,0,Fontainemore
93,104,10,100,90,14,193,194,24,Capriano del Colle
0,0,0,1,1,0,1,1,0,Morro Reatino
1,2,0,0,3,0,1,5,0,Carapelle Calvisio
84,95,7,77,97,13,161,192,20,Guanzate
958,960,119,1017,1122,206,1975,2082,325,Bassano del Grappa
75,56,7,62,132,30,137,188,37,Volterra
0,0,0,0,0,0,0,0,0,Pietracamela
80,88,4,80,115,7,160,203,11,Segni
436,521,35,408,445,43,844,966,78,Sezze
9,13,16,12,29,17,21,42,33,Ghiffa
39,33,4,43,35,2,82,68,6,Carpegna
31,30,3,34,31,3,65,61,6,Casnigo
67,46,3,53,42,6,120,88,9,Barbariga
684,765,63,707,558,93,1391,1323,156,Palazzolo sull'Oglio
80,78,11,73,81,14,153,159,25,Gropello Cairoli
235,247,16,255,196,17,490,443,33,Cologne
75,59,6,57,48,11,132,107,17,San Bassano
3,3,0,1,1,0,4,4,0,Zovencedo
55,59,20,59,77,22,114,136,42,Gradisca d'Isonzo
148,131,7,125,92,8,273,223,15,Pralboino
4,6,1,2,4,1,6,10,2,Costa de' Nobili
32,23,5,32,23,8,64,46,13,Nesso
381,441,63,427,551,86,808,992,149,Brugherio
0,1,0,0,1,0,0,2,0,San Biagio Saracinisco
34,39,0,61,44,12,95,83,12,Orio al Serio
4,4,1,8,12,3,12,16,4,Garbagna Novarese
8,18,1,13,10,6,21,28,7,Carema
0,0,0,0,2,2,0,2,2,Tramonti
105,89,18,97,119,39,202,208,57,Massa Marittima
79,58,11,69,50,10,148,108,21,Capistrello
0,1,0,0,3,1,0,4,1,Melle
0,3,0,0,1,0,0,4,0,Merana
6,7,0,5,8,0,11,15,0,Vaglio Basilicata
0,0,0,0,3,0,0,3,0,Teana
6,3,2,9,18,3,15,21,5,Casalincontrada
18,19,3,14,21,4,32,40,7,Fara Filiorum Petri
0,0,0,0,1,0,0,1,0,Arguello
54,64,4,66,223,74,120,287,78,Torre Annunziata
17,14,1,21,18,1,38,32,2,Vignolo
43,48,7,45,58,14,88,106,21,Binago
5,5,1,8,9,1,13,14,2,Sommo
12,11,2,10,6,4,22,17,6,Ponzano di Fermo
1,3,0,6,9,3,7,12,3,Pacentro
8,14,2,12,25,4,20,39,6,Precenicco
17,31,3,34,44,3,51,75,6,Vizzolo Predabissi
14,14,3,20,19,7,34,33,10,Luvinate
9,12,1,4,13,2,13,25,3,Dragoni
11,8,1,8,13,7,19,21,8,San Tammaro
169,183,17,216,302,29,385,485,46,Venaria Reale
5,4,0,7,9,2,12,13,2,Orio Canavese
39,56,16,40,75,20,79,131,36,Torri del Benaco
75,79,8,81,158,38,156,237,46,Gabicce Mare
23,18,2,29,29,8,52,47,10,Ostellato
69,51,8,66,71,13,135,122,21,Mercato Saraceno
17,21,3,22,27,2,39,48,5,Poggio Nativo
1,0,0,4,2,0,5,2,0,Tovo di Sant'Agata
4,0,1,4,3,3,8,3,4,Forcola
6,5,1,2,9,1,8,14,2,Castelnovetto
235,250,39,255,284,64,490,534,103,Cervignano del Friuli
17,19,1,16,27,3,33,46,4,San Pietro al Natisone
29,28,1,28,40,5,57,68,6,Grotte di Castro
1,2,0,1,17,0,2,19,0,Monteviale
5,0,0,2,2,0,7,2,0,Lumarzo
4,2,0,2,4,1,6,6,1,Carolei
362,319,38,357,307,70,719,626,108,Guastalla
136,117,11,118,110,15,254,227,26,Grassobbio
56,56,3,49,54,8,105,110,11,Levate
0,1,0,1,1,1,1,2,1,Foppolo
16,11,1,20,15,2,36,26,3,Croviana
1,2,1,0,2,2,1,4,3,San Giorgio Morgeto
6,2,0,4,10,1,10,12,1,Buonalbergo
131,122,8,139,123,7,270,245,15,Istrana
69,62,8,60,47,7,129,109,15,Castelcucco
31,26,1,33,28,1,64,54,2,Traona
16,13,0,9,11,0,25,24,0,Rogolo
60,63,9,87,80,25,147,143,34,Majano
25,18,13,24,55,19,49,73,32,Bogliasco
5,8,2,4,9,2,9,17,4,Coreglia Antelminelli
29,31,3,36,36,3,65,67,6,Castions di Strada
41,36,1,46,47,3,87,83,4,Saccolongo
5,4,1,0,10,3,5,14,4,Cercivento
26,27,1,33,21,6,59,48,7,Ceneselli
24,28,2,31,67,12,55,95,14,Cercola
24,23,3,21,29,4,45,52,7,Vitorchiano
111,107,14,116,115,21,227,222,35,Medole
20,20,1,20,23,1,40,43,2,Casalgrasso
1,0,0,0,0,0,1,0,0,Armungia
1,2,0,1,4,0,2,6,0,Oniferi
33,20,11,22,47,7,55,67,18,Sommatino
3,1,1,2,3,0,5,4,1,Morgongiori
54,57,7,63,58,3,117,115,10,Zapponeta
60,51,6,57,55,6,117,106,12,Ordona
18,24,4,18,25,2,36,49,6,Garbagnate Monastero
17,24,4,22,32,3,39,56,7,Pietravairano
5,3,0,4,10,1,9,13,1,Castell'Umberto
82,105,21,99,100,19,181,205,40,Santo Stefano Belbo
7,9,1,13,12,1,20,21,2,Colle Brianza
2,2,1,2,3,0,4,5,1,Segariu
24,21,5,32,34,5,56,55,10,Leonforte
4,0,0,1,4,0,5,4,0,Resuttano
5,8,2,10,13,3,15,21,5,Lascari
1,3,1,4,2,0,5,5,1,Godrano
15,36,5,31,41,11,46,77,16,Sant'Agata li Battiati
387,378,31,404,347,35,791,725,66,Sant'Angelo Lodigiano
92,86,15,89,161,21,181,247,36,Vedano al Lambro
5,5,5,10,15,6,15,20,11,Verucchio
1,1,0,4,2,0,5,3,0,Gasperina
14,8,2,12,7,3,26,15,5,Sant'Andrea del Garigliano
142,139,13,158,150,12,300,289,25,Priverno
47,55,5,66,85,11,113,140,16,Montesarchio
1,2,2,0,8,0,1,10,2,Riola Sardo
13,13,3,17,14,4,30,27,7,Castelnuovo di Farfa
121,123,11,115,116,21,236,239,32,Flero
8,7,3,13,18,5,21,25,8,Uggiano la Chiesa
8,11,2,10,10,1,18,21,3,Montecalvo in Foglia
0,0,0,2,2,1,2,2,1,Piane Crati
29,16,1,24,27,4,53,43,5,Civitella in Val di Chiana
2,2,1,2,9,2,4,11,3,Cambiasca
0,0,0,1,0,0,1,0,0,Terravecchia
17,12,3,17,21,10,34,33,13,Fratta Todina
29,34,4,22,32,0,51,66,4,San Martino al Tagliamento
36,43,4,52,116,16,88,159,20,Mercato San Severino
0,0,0,0,1,0,0,1,0,Cardeto
184,186,17,188,155,33,372,341,50,Pontevico
3,3,1,1,5,3,4,8,4,Caprese Michelangelo
252,284,31,220,206,41,472,490,72,Castelfranco di Sotto
32,36,0,31,25,3,63,61,3,Magnacavallo
54,67,8,86,59,14,140,126,22,Cavriana
19,20,2,22,23,5,41,43,7,Gavello
46,39,2,52,42,4,98,81,6,Anguillara Veneta
6,4,1,4,8,0,10,12,1,Posina
46,54,8,62,55,7,108,109,15,Bolzano Vicentino
30,39,3,54,201,58,84,240,61,Sorrento
233,254,12,226,227,24,459,481,36,Isola della Scala
146,170,14,165,165,31,311,335,45,Carnate
11,29,2,16,23,6,27,52,8,Nazzano
127,90,10,103,79,15,230,169,25,Mapello
18,14,0,27,29,5,45,43,5,Martano
8,7,4,3,16,9,11,23,13,Vallata
21,26,2,30,38,4,51,64,6,Campofelice di Roccella
74,95,11,85,117,15,159,212,26,Assemini
9,4,2,3,10,1,12,14,3,Aggius
56,75,11,76,140,26,132,215,37,Aci Castello
20,23,1,20,38,3,40,61,4,Camposano
33,43,2,30,38,5,63,81,7,Buti
2,4,0,7,3,0,9,7,0,San Nicola da Crissa
24,25,2,26,43,7,50,68,9,Sarsina
103,96,11,100,117,14,203,213,25,Monteroni di Lecce
249,258,18,253,199,25,502,457,43,Verdello
50,41,3,55,40,2,105,81,5,Villa San Giovanni in Tuscia
2,3,0,4,3,0,6,6,0,Verretto
36,17,2,28,19,1,64,36,3,Calto
15,10,2,17,17,4,32,27,6,Rapolla
3,4,0,5,7,2,8,11,2,Brienno
9,6,1,7,9,1,16,15,2,Benna
28,15,1,24,33,6,52,48,7,Butera
22,8,8,14,12,4,36,20,12,Falerna
10,19,1,20,27,5,30,46,6,Teolo
66,50,10,55,45,7,121,95,17,Caramagna Piemonte
0,0,0,0,2,0,0,2,0,Robella
45,39,18,37,57,19,82,96,37,Ospedaletti
9,8,1,7,5,2,16,13,3,Ruffia
72,62,4,83,79,9,155,141,13,Vaiano Cremasco
18,26,5,30,43,9,48,69,14,Collebeato
706,698,46,692,671,61,1398,1369,107,Limbiate
12,25,2,21,18,3,33,43,5,Sennori
103,72,14,97,87,9,200,159,23,Campobello di Licata
163,188,22,126,109,14,289,297,36,Ispica
63,62,10,69,101,10,132,163,20,Favara
1,0,0,1,3,0,2,3,0,Incudine
0,1,0,0,2,0,0,3,0,Cheremule
195,178,32,217,331,47,412,509,79,Francavilla al Mare
4,5,0,4,10,1,8,15,1,Borore
4,1,1,5,13,4,9,14,5,Premolo
125,136,37,101,122,20,226,258,57,Polistena
30,22,4,29,24,8,59,46,12,Altavalle
2,4,0,4,6,2,6,10,2,Savelli
8,12,1,13,15,3,21,27,4,Decollatura
10,12,1,10,18,1,20,30,2,Volturino
3,7,0,7,6,0,10,13,0,Apice
11,6,1,7,8,3,18,14,4,Castelplanio
3,3,1,3,9,0,6,12,1,San Nicola Manfredi
33,32,2,50,62,8,83,94,10,Bojano
1,1,1,0,1,1,1,2,2,Sambuca Pistoiese
71,64,6,77,120,12,148,184,18,Tempio Pausania
24,22,1,25,42,8,49,64,9,Villasimius
71,76,8,96,112,19,167,188,27,San Giustino
92,85,21,85,125,26,177,210,47,Manduria
292,292,45,311,452,91,603,744,136,Bracciano
1,1,0,0,0,0,1,1,0,Filiano
108,123,6,112,109,10,220,232,16,Montalto di Castro
16,9,1,10,11,2,26,20,3,Centola
616,626,72,638,559,95,1254,1185,167,Fucecchio
18,22,8,24,27,5,42,49,13,Soleto
30,27,3,31,40,7,61,67,10,Casali del Manco
16,19,6,12,39,13,28,58,19,Galatone
1,1,0,0,7,1,1,8,1,Lignana
33,20,4,36,18,4,69,38,8,Idro
4,5,1,8,12,1,12,17,2,Specchia
1,1,0,2,3,0,3,4,0,Montedinove
1,1,0,1,0,1,2,1,1,Sant'Olcese
44,33,2,46,36,8,90,69,10,Campomorone
35,18,5,32,29,9,67,47,14,Veroli
281,326,42,302,258,39,583,584,81,Lonato del Garda
236,218,12,217,181,26,453,399,38,Prata di Pordenone
298,284,27,313,313,37,611,597,64,Lastra a Signa
27,28,4,35,48,6,62,76,10,Ripatransone
9,10,2,9,19,3,18,29,5,Simeri Crichi
33,26,3,25,39,2,58,65,5,Pulsano
0,0,0,0,1,4,0,1,4,Ortona dei Marsi
1926,1721,168,1802,1898,277,3728,3619,445,Carpi
17,15,0,21,29,5,38,44,5,Petacciato
67,76,8,73,100,15,140,176,23,Calderara di Reno
135,102,13,130,97,15,265,199,28,Costigliole Saluzzo
81,89,5,71,118,27,152,207,32,Rionero in Vulture
13,6,2,7,9,1,20,15,3,Castellino del Biferno
19,27,1,16,47,2,35,74,3,Recoaro Terme
1,1,1,0,4,1,1,5,2,Monteriggioni
222,205,17,201,185,35,423,390,52,Racconigi
2,7,1,9,14,3,11,21,4,Torricella Sicura
44,44,7,49,43,7,93,87,14,Pieve del Cairo
439,448,54,500,613,79,939,1061,133,Pinerolo
0,0,0,0,0,1,0,0,1,Pertica Alta
0,3,0,2,6,1,2,9,1,Carunchio
5,14,1,6,9,1,11,23,2,Sant'Angelo Le Fratte
122,99,6,108,103,10,230,202,16,Tagliacozzo
8,7,0,9,15,4,17,22,4,Santa Sofia d'Epiro
21,16,1,20,28,4,41,44,5,Mandatoriccio
41,37,3,58,39,12,99,76,15,Valperga
0,0,0,0,0,0,0,0,0,Pamparato
105,107,7,91,76,8,196,183,15,Bariano
60,52,0,52,39,6,112,91,6,Villimpenta
1,2,1,2,3,2,3,5,3,Sauris
116,97,12,99,99,15,215,196,27,Cotignola
144,133,19,137,127,31,281,260,50,Poviglio
254,229,16,239,154,17,493,383,33,Bolgare
28,15,4,25,29,5,53,44,9,Cona
3,3,0,5,9,0,8,12,0,Celenza sul Trigno
5,4,1,9,9,1,14,13,2,Laviano
55,52,6,66,50,7,121,102,13,Cerro Veronese
6,7,0,9,9,2,15,16,2,Castiglione a Casauria
0,0,0,0,1,0,0,1,0,Neirone
316,321,52,317,335,74,633,656,126,Martinsicuro
9,7,0,5,21,3,14,28,3,Neviano
301,315,44,349,400,57,650,715,101,Colleferro
118,102,7,92,117,14,210,219,21,Zero Branco
51,55,3,49,55,10,100,110,13,Cinto Caomaggiore
1,0,0,0,1,0,1,1,0,Costa Serina
85,86,9,59,60,14,144,146,23,Foresto Sparso
479,456,57,476,510,76,955,966,133,Oderzo
4,10,2,8,19,5,12,29,7,Casamarciano
97,106,9,92,87,23,189,193,32,Gazoldo degli Ippoliti
119,96,3,109,89,7,228,185,10,Castello di Godego
0,0,0,0,4,0,0,4,0,Tocco Caudio
179,213,14,173,169,23,352,382,37,Rossano Veneto
158,169,20,176,182,25,334,351,45,Olgiate Olona
19,11,1,14,11,2,33,22,3,Sant'Angelo a Fasanella
117,114,11,117,137,16,234,251,27,San Vendemiano
82,91,6,75,78,10,157,169,16,Casalmoro
217,182,19,219,133,23,436,315,42,Ghisalba
116,112,7,97,94,15,213,206,22,Gazzaniga
1,1,0,1,2,0,2,3,0,Rocchetta Palafea
36,33,0,51,28,3,87,61,3,Linarolo
1,1,0,0,2,0,1,3,0,Cercino
9,7,2,6,7,2,15,14,4,Sinio
1,1,0,1,6,0,2,7,0,Aramengo
227,274,27,205,229,34,432,503,61,Casarsa della Delizia
116,192,10,114,92,7,230,284,17,Casandrino
64,77,3,64,160,29,128,237,32,Casamicciola Terme
8,7,3,5,6,1,13,13,4,Plesio
9,7,0,8,15,1,17,22,1,Borgoratto Alessandrino
122,121,13,112,106,18,234,227,31,Pegognaga
13,15,3,14,16,5,27,31,8,Montebello della Battaglia
7,5,0,4,2,0,11,7,0,Aurigo
0,5,2,2,0,3,2,5,5,Onzo
4,2,3,0,16,4,4,18,7,Pescopagano
39,64,3,43,41,6,82,105,9,Limido Comasco
12,10,2,19,19,5,31,29,7,Calamandrana
15,13,2,24,45,6,39,58,8,Genzano di Lucania
9,8,2,7,13,2,16,21,4,Savignone
13,8,1,8,14,2,21,22,3,Monteleone di Fermo
3,6,0,5,7,0,8,13,0,Arielli
0,0,0,0,0,0,0,0,0,Laghi
21,16,3,29,15,0,50,31,3,Camporotondo di Fiastrone
2,0,0,2,3,0,4,3,0,Castel di Casio
212,256,18,265,345,35,477,601,53,Fiano Romano
116,108,12,104,82,15,220,190,27,Casirate d'Adda
3,1,1,0,3,0,3,4,1,Cusino
17,14,5,5,18,4,22,32,9,Attimis
4,2,1,1,6,0,5,8,1,Roccamorice
0,0,0,0,0,0,0,0,0,Corvara
2,0,0,1,10,1,3,10,1,Ripacandida
15,4,1,10,15,6,25,19,7,Muro Lucano
115,112,9,123,124,16,238,236,25,Provaglio d'Iseo
159,154,11,165,152,33,324,306,44,Torbole Casaglia
12,21,4,20,102,22,32,123,26,Sant'Agnello
180,174,13,190,139,9,370,313,22,Spirano
0,0,0,0,1,0,0,1,0,Moncucco Torinese
92,102,11,118,88,15,210,190,26,Fossalta di Piave
8,3,1,3,9,1,11,12,2,Roccanova
12,16,0,10,8,0,22,24,0,Pellizzano
36,32,5,37,34,3,73,66,8,Porte di Rendena
9,7,2,8,13,5,17,20,7,Acquasanta Terme
11,8,1,12,19,5,23,27,6,Castel Ritaldi
3,1,1,1,2,1,4,3,2,Castel Castagna
91,101,10,110,63,11,201,164,21,Rogno
3,7,1,5,8,4,8,15,5,Riva di Solto
2,3,2,2,3,1,4,6,3,Rocca Pia
0,0,0,0,0,0,0,0,0,Champorcher
5,3,0,2,10,1,7,13,1,Trentinara
28,19,6,23,24,9,51,43,15,Divignano
7,3,1,7,17,3,14,20,4,Giffoni Sei Casali
3,5,0,4,11,4,7,16,4,Castelnuovo Magra
0,0,0,0,2,0,0,2,0,Vezzi Portio
32,30,2,24,28,1,56,58,3,Grontardo
0,2,0,1,7,1,1,9,1,Rocca San Felice
178,211,23,216,312,42,394,523,65,Buccinasco
115,134,13,112,100,17,227,234,30,Brembate di Sopra
8,17,0,17,9,4,25,26,4,Oppido Lucano
15,24,2,24,27,8,39,51,10,San Genesio ed Uniti
16,12,2,16,25,2,32,37,4,Miglianico
12,7,2,6,20,3,18,27,5,Ospedaletto d'Alpinolo
10,11,1,16,12,1,26,23,2,Mornago
8,7,0,9,3,1,17,10,1,Cessole
19,16,1,17,21,4,36,37,5,Castell'Alfero
227,209,17,234,188,31,461,397,48,Boretto
13,12,1,11,14,3,24,26,4,Borgomasino
0,0,1,0,0,0,0,0,1,Sale San Giovanni
45,19,5,46,47,5,91,66,10,San Michele Salentino
0,0,2,1,9,3,1,9,5,Sternatia
6,9,1,6,6,0,12,15,1,Castel Boglione
0,2,1,0,1,0,0,3,1,Pocapaglia
7,8,0,9,7,0,16,15,0,Monteu Roero
295,355,18,212,341,28,507,696,46,Poggiomarino
122,116,10,100,85,11,222,201,21,Brivio
34,39,5,38,35,6,72,74,11,Aicurzio
10,12,4,12,8,6,22,20,10,Pella
7,11,4,12,9,7,19,20,11,Montelupo Albese
6,6,0,6,11,1,12,17,1,Ozegna
28,30,3,33,60,8,61,90,11,Lazzate
0,2,1,0,5,1,0,7,2,Perdifumo
4,5,2,10,6,5,14,11,7,Castellaro
15,19,1,16,25,5,31,44,6,Valverde
1,0,1,1,1,1,2,1,2,Sennariolo
34,24,1,23,21,5,57,45,6,San Filippo del Mela
46,30,4,27,45,9,73,75,13,Viagrande
0,0,0,0,0,0,0,0,0,Loreglia
0,1,0,1,3,1,1,4,1,Zerfaliu
1,0,0,3,7,0,4,7,0,Pago Veiano
21,32,6,31,38,9,52,70,15,Imbersago
251,300,45,275,400,68,526,700,113,Rocca di Papa
37,15,5,23,20,7,60,35,12,Castelliri
35,28,0,43,29,5,78,57,5,Secugnago
2381,2969,229,2531,3318,492,4912,6287,721,Monza
3,5,0,5,5,3,8,10,3,Meana Sardo
96,80,4,110,132,17,206,212,21,Misterbianco
4,1,0,2,5,0,6,6,0,Vita
1,5,0,0,1,0,1,6,0,Capistrano
8,17,1,13,29,8,21,46,9,Capodimonte
23,19,4,23,26,7,46,45,11,Carmignano
194,180,20,199,205,40,393,385,60,Mezzolombardo
0,0,1,1,0,0,1,0,1,Pentone
37,29,1,27,35,6,64,64,7,Ambivere
3,1,0,0,2,0,3,3,0,Pallagorio
97,105,7,112,154,9,209,259,16,Sovico
3,3,0,7,6,0,10,9,0,Cimone
60,55,6,71,78,11,131,133,17,Capraia e Limite
70,75,6,56,81,10,126,156,16,Sant'Antonio Abate
2,1,0,2,4,0,4,5,0,Abriola
4,1,2,4,6,0,8,7,2,Prossedi
32,28,8,36,65,11,68,93,19,Carbonia
10,15,5,15,17,1,25,32,6,Padru
4,0,1,2,0,1,6,0,2,Osidda
4,1,0,6,6,2,10,7,2,San Nicola dell'Alto
44,39,8,53,38,15,97,77,23,Polesine Zibello
10,9,1,12,13,3,22,22,4,Monte Cerignone
46,46,7,55,48,12,101,94,19,Tavullia
224,222,55,254,309,87,478,531,142,Recanati
0,0,1,0,2,1,0,2,2,Penna Sant'Andrea
23,19,2,27,24,2,50,43,4,Cinigiano
13,13,2,16,18,2,29,31,4,Torricella
6,7,3,13,14,7,19,21,10,Lettomanoppello
8,10,3,10,11,2,18,21,5,Cannole
14,12,1,23,29,10,37,41,11,Ferentillo
26,23,3,32,28,6,58,51,9,Montecastrilli
261,229,25,257,239,44,518,468,69,Roncadelle
39,42,4,33,27,0,72,69,4,Ferrera Erbognone
1,3,1,2,7,0,3,10,1,San Lorenzello
97,134,23,83,128,10,180,262,33,San Marcellino
22,14,1,12,17,3,34,31,4,Monteleone d'Orvieto
229,219,12,250,265,46,479,484,58,Carate Brianza
3,4,0,1,5,2,4,9,2,Trarego Viggiona
15,22,2,18,26,9,33,48,11,Polcenigo
19,14,1,9,18,2,28,32,3,San Giorgio della Richinvelda
2,3,0,1,6,1,3,9,1,Santa Cristina d'Aspromonte
12,10,0,7,7,1,19,17,1,Talla
103,110,15,98,141,15,201,251,30,Rocca Priora
14,14,4,19,25,3,33,39,7,Agosta
8,8,0,7,9,0,15,17,0,Sant'Angelo a Cupolo
280,295,12,276,287,23,556,582,35,San Martino di Lupari
61,57,6,50,72,2,111,129,8,Moricone
4,7,1,4,7,2,8,14,3,Orciano Pisano
8,16,1,16,23,3,24,39,4,Corleone
13,8,0,14,10,0,27,18,0,Furore
418,435,66,424,533,95,842,968,161,Vimercate
3,5,6,2,15,6,5,20,12,Guardistallo
1,3,1,3,5,2,4,8,3,Portula
124,113,12,124,132,19,248,245,31,Stornara
1,2,0,0,5,2,1,7,2,Corbara
28,46,8,38,73,10,66,119,18,Arzano
158,163,15,175,123,18,333,286,33,San Paolo d'Argon
162,166,14,178,144,20,340,310,34,Bonate Sopra
14,20,0,11,19,1,25,39,1,Calvene
19,14,1,24,16,2,43,30,3,Luzzana
13,19,1,16,42,7,29,61,8,Casavatore
46,42,7,35,41,3,81,83,10,Carasco
33,28,2,40,38,4,73,66,6,Castelluccio dei Sauri
5,3,0,5,3,0,10,6,0,Rocchetta Ligure
60,49,7,58,42,4,118,91,11,Orio Litta
48,41,5,50,63,17,98,104,22,Albavilla
29,37,1,35,40,3,64,77,4,Brugine
98,87,11,78,75,24,176,162,35,Albizzate
137,123,12,118,82,12,255,205,24,Suisio
0,0,0,1,2,0,1,2,0,Valnegra
24,18,3,23,23,9,47,41,12,Gargallo
2,0,1,1,1,1,3,1,2,Ginestra degli Schiavoni
207,299,39,164,252,59,371,551,98,Modica
27,21,2,20,21,1,47,42,3,Villasor
2,1,0,2,1,4,4,2,4,Orroli
19,13,0,18,17,1,37,30,1,Sant'Antonio di Gallura
32,16,0,32,33,7,64,49,7,Mineo
91,89,11,83,93,5,174,182,16,Santa Sofia
3,0,0,1,2,1,4,2,1,Castelluccio Superiore
22,41,19,33,76,20,55,117,39,Muggia
83,75,6,77,70,14,160,145,20,Arsiero
44,50,4,61,53,13,105,103,17,Castel Guelfo di Bologna
2,7,0,3,5,1,5,12,1,Ono San Pietro
6,3,2,7,6,0,13,9,2,Belmonte del Sannio
1,0,0,0,2,1,1,2,1,Dualchi
21,19,2,18,16,4,39,35,6,Guasila
5,2,0,5,6,0,10,8,0,Aidomaggiore
2,5,1,9,17,1,11,22,2,Gudo Visconti
27,27,5,27,24,7,54,51,12,Schivenoglia
194,189,21,195,182,21,389,371,42,Sant'Agata Bolognese
28,31,4,29,29,8,57,60,12,Turriaco
5,5,1,8,15,3,13,20,4,Villa Estense
196,171,11,178,130,21,374,301,32,San Zenone degli Ezzelini
2,2,0,6,9,0,8,11,0,Pietracatella
44,42,7,52,49,13,96,91,20,Monticelli Brusati
86,72,9,72,89,16,158,161,25,Montenero di Bisaccia
23,22,3,22,37,9,45,59,12,San Gemini
73,83,9,75,85,11,148,168,20,Buttapietra
100,104,8,105,117,17,205,221,25,Pianiga
176,143,9,133,122,11,309,265,20,Offlaga
22,28,1,29,28,4,51,56,5,Angolo Terme
143,162,17,138,175,17,281,337,34,Lariano
211,208,20,203,185,26,414,393,46,Borgosatollo
4,3,0,7,3,0,11,6,0,Bracca
38,38,3,35,24,7,73,62,10,Zenson di Piave
35,39,4,41,46,8,76,85,12,Bellona
8,8,1,5,10,4,13,18,5,Frassineto Po
78,75,4,93,66,5,171,141,9,Villafranca d'Asti
2,2,0,4,6,2,6,8,2,San Potito Sannitico
9,7,1,6,11,0,15,18,1,San Paolo Solbrito
5,8,2,5,4,1,10,12,3,Taipana
12,15,1,14,18,3,26,33,4,Castelguglielmo
1,2,0,2,1,0,3,3,0,Sant'Agapito
11,4,0,5,5,0,16,9,0,Castellazzo Novarese
60,53,5,68,59,8,128,112,13,Magliano de' Marsi
10,26,3,10,10,2,20,36,5,Molino dei Torti
7,8,1,1,7,0,8,15,1,Cervino
22,41,3,25,40,11,47,81,14,Carimate
5,9,3,9,13,5,14,22,8,Lizzanello
4,4,0,3,5,0,7,9,0,Giungano
128,133,17,142,144,25,270,277,42,Gorla Minore
8,10,2,7,11,3,15,21,5,Arignano
0,2,0,0,5,1,0,7,1,Orani
5,11,2,8,9,1,13,20,3,Barone Canavese
1,2,1,5,5,3,6,7,4,Serrenti
238,191,21,213,144,17,451,335,38,Scicli
73,88,14,76,101,18,149,189,32,Patti
1,1,2,1,5,0,2,6,2,Chiaramonti
2,0,0,2,3,1,4,3,1,Osini
0,0,0,0,2,1,0,2,1,Orgosolo
4,2,3,1,5,1,5,7,4,Padria
16,13,1,26,22,1,42,35,2,Molochio
24,23,1,24,24,3,48,47,4,Auletta
21,24,4,28,40,5,49,64,9,Parabita
17,26,3,29,43,7,46,69,10,Roccadaspide
57,45,6,56,58,13,113,103,19,Torgiano
17,26,3,29,46,13,46,72,16,Campo nell'Elba
0,2,1,5,2,0,5,4,1,Cusano Mutri
0,3,0,1,3,1,1,6,1,Pescosolido
127,138,23,112,143,18,239,281,41,Ruvo di Puglia
5,5,1,5,6,3,10,11,4,Viddalba
369,327,24,313,337,31,682,664,55,Valmontone
2,3,0,7,6,2,9,9,2,Bore
51,47,9,78,57,9,129,104,18,Montelupone
1,1,0,2,7,1,3,8,1,Calopezzati
19,22,0,25,38,8,44,60,8,Sant'Agata de' Goti
73,55,10,72,61,13,145,116,23,Casoli
7,8,0,12,9,1,19,17,1,Montiglio Monferrato
5,3,1,2,7,1,7,10,2,Petrella Tifernina
25,24,1,37,45,8,62,69,9,Larino
2,1,1,2,3,2,4,4,3,Abbateggio
1,1,0,1,0,1,2,1,1,Acquaviva d'Isernia
15,13,1,12,12,2,27,25,3,Massignano
0,0,0,1,1,1,1,1,1,Sorbo San Basile
15,14,1,19,18,4,34,32,5,Morano sul Po
0,0,0,0,2,0,0,2,0,Algua
1356,1507,153,1370,1596,191,2726,3103,344,Cologno Monzese
45,36,9,58,32,8,103,68,17,Macerata Feltria
0,0,0,0,1,1,0,1,1,Torella del Sannio
121,147,10,149,159,21,270,306,31,Artena
874,828,115,889,1207,215,1763,2035,330,Empoli
130,121,16,148,174,41,278,295,57,Zola Predosa
1,2,0,1,3,2,2,5,2,Vito d'Asio
0,2,1,3,8,2,3,10,3,Crucoli
27,49,10,60,108,16,87,157,26,Rivalta di Torino
20,12,1,16,17,4,36,29,5,Collecorvino
0,1,0,1,2,0,1,3,0,Faeto
7,8,1,7,11,1,14,19,2,Torano Castello
2,1,0,2,12,2,4,13,2,Verbicaro
17,22,1,21,18,1,38,40,2,Sartirana Lomellina
19,18,5,20,22,4,39,40,9,San Benedetto Val di Sambro
0,0,1,1,1,1,1,1,2,Montefalcone nel Sannio
41,24,6,29,39,5,70,63,11,Occimiano
22,20,4,28,19,2,50,39,6,Pianopoli
12,21,2,5,13,4,17,34,6,Gualdo Cattaneo
31,22,2,36,26,3,67,48,5,Piegaro
161,144,19,157,129,19,318,273,38,Dogliani
94,79,10,87,93,13,181,172,23,Bagni di Lucca
6,7,1,11,14,3,17,21,4,Venarotta
119,109,8,119,128,18,238,237,26,Sommariva del Bosco
11,12,2,10,14,2,21,26,4,Front
68,67,5,68,79,17,136,146,22,San Benigno Canavese
679,766,94,591,467,102,1270,1233,196,Santa Croce sull'Arno
2,5,0,0,3,0,2,8,0,Vilminore di Scalve
2,2,1,5,4,2,7,6,3,Torre San Giorgio
13,19,0,20,9,5,33,28,5,Lavenone
22,13,3,20,15,1,42,28,4,Priero
5,4,0,3,2,0,8,6,0,Isca sullo Ionio
2,8,1,8,8,1,10,16,2,Taurano
6,12,2,7,9,1,13,21,3,Montecorvino Pugliano
21,15,1,19,22,4,40,37,5,Castignano
2,4,0,5,5,2,7,9,2,Valgrana
696,612,65,687,593,106,1383,1205,171,Trecate
8,8,0,8,11,1,16,19,1,Bonemerse
193,192,24,192,145,22,385,337,46,Loreggia
6,4,0,4,9,1,10,13,1,Fino del Monte
262,283,24,251,334,52,513,617,76,Cornaredo
9,4,1,12,3,0,21,7,1,Gignod
0,0,0,0,0,0,0,0,0,Magasa
8,4,0,3,8,0,11,12,0,Ceranesi
22,24,4,14,20,5,36,44,9,Castello d'Agogna
101,122,15,117,150,31,218,272,46,Lomazzo
15,20,5,24,29,6,39,49,11,San Lucido
72,71,18,91,116,20,163,187,38,Sant'Elpidio a Mare
1,0,0,1,2,0,2,2,0,San Biase
18,17,0,12,11,1,30,28,1,Cappella de' Picenardi
0,1,0,0,0,0,0,1,0,Castellero
98,76,5,88,73,7,186,149,12,Cassola
86,96,16,103,116,17,189,212,33,Breganze
25,21,0,20,14,0,45,35,0,Strangolagalli
9,6,1,10,10,2,19,16,3,Pratola Serra
22,27,0,19,24,3,41,51,3,Cossano Belbo
33,30,0,29,54,3,62,84,3,Bosconero
3,6,2,1,4,4,4,10,6,Onano
19,17,2,9,13,2,28,30,4,Trivignano Udinese
7,9,2,14,15,2,21,24,4,Borghetto di Borbera
84,77,9,116,111,25,200,188,34,Medolla
129,107,16,122,123,17,251,230,33,Cordignano
116,99,13,116,110,22,232,209,35,San Secondo Parmense
1,2,2,0,4,1,1,6,3,Cozzo
18,21,3,24,26,9,42,47,12,Briosco
184,155,22,176,163,23,360,318,45,Mareno di Piave
9,12,1,15,11,2,24,23,3,Cencenighe Agordino
6,3,1,5,4,1,11,7,2,Amaroni
28,27,5,23,23,2,51,50,7,Agnosine
10,14,3,16,8,5,26,22,8,Roisan
82,61,7,83,66,11,165,127,18,Borgo Tossignano
24,21,0,27,18,4,51,39,4,Castelletto Stura
33,19,1,29,23,6,62,42,7,San Martino di Venezze
4,9,0,3,1,0,7,10,0,Castelfranco in Miscano
19,9,0,13,9,3,32,18,3,Casalanguida
9,9,2,12,14,2,21,23,4,Verrua Po
41,44,2,40,69,12,81,113,14,San Prisco
1,3,0,1,7,2,2,10,2,Montefusco
5,4,0,4,9,0,9,13,0,Montegrino Valtravaglia
13,14,1,26,15,3,39,29,4,Poggiofiorito
1994,2304,158,2041,2295,244,4035,4599,402,Cinisello Balsamo
39,31,2,46,42,2,85,73,4,Casaletto Vaprio
0,0,0,0,1,0,0,1,0,Perloz
0,2,0,2,7,3,2,9,3,Banzi
7,6,0,11,8,1,18,14,1,Moraro
32,33,1,34,39,3,66,72,4,Montechiaro d'Asti
67,68,8,58,59,5,125,127,13,Mombercelli
62,71,5,64,60,13,126,131,18,Asso
3,2,0,1,2,0,4,4,0,Brissogne
6,0,0,0,4,0,6,4,0,Sangineto
34,34,4,32,37,6,66,71,10,Chiusa di San Michele
25,24,1,27,36,3,52,60,4,Carbonate
1,2,0,3,2,2,4,4,2,Torre Canavese
69,47,3,67,102,14,136,149,17,Monteforte Irpino
6,3,2,11,15,4,17,18,6,Teora
2,0,1,1,0,0,3,0,1,Monrupino
12,10,1,3,24,4,15,34,5,Guardia Sanframondi
16,20,2,19,22,0,35,42,2,Rondissone
7,10,2,6,8,0,13,18,2,Vallo Torinese
3,4,0,2,2,1,5,6,1,Scopa
15,15,1,23,19,6,38,34,7,Villata
0,1,1,4,2,1,4,3,2,Paroldo
0,0,0,1,5,0,1,5,0,Lusernetta
2017,2232,182,2017,2567,277,4034,4799,459,Sesto San Giovanni
0,1,1,0,2,3,0,3,4,Domus de Maria
6,11,2,7,19,2,13,30,4,Santa Flavia
18,20,2,15,31,5,33,51,7,Telti
38,28,6,39,46,5,77,74,11,Macomer
2,2,3,4,8,1,6,10,4,Domusnovas
181,168,18,157,218,34,338,386,52,Villasanta
11,7,1,12,13,1,23,20,2,Torricella in Sabina
0,3,0,0,5,2,0,8,2,Gergei
9,7,0,14,8,0,23,15,0,Reitano
9,2,0,12,30,8,21,32,8,Calascibetta
0,0,0,5,3,1,5,3,1,Montallegro
3,2,0,0,3,0,3,5,0,Abbadia Cerreto
3,2,1,1,5,1,4,7,2,Monte Santa Maria Tiberina
3,5,0,4,2,0,7,7,0,Parenti
14,13,1,15,18,7,29,31,8,Frascineto
5,2,1,4,10,0,9,12,1,Lattarico
43,31,2,35,25,2,78,56,4,Lona-Lases
73,65,15,78,90,19,151,155,34,Chiusi
2,8,1,9,5,0,11,13,1,Roccasecca dei Volsci
27,33,1,40,38,3,67,71,4,Solopaca
84,206,16,69,198,55,153,404,71,Maddaloni
179,171,19,197,176,28,376,347,47,Cornate d'Adda
0,0,0,0,0,1,0,0,1,Rocchetta e Croce
29,23,3,18,23,3,47,46,6,Pastorano
139,147,21,145,129,24,284,276,45,Fara Gera d'Adda
177,208,27,186,365,64,363,573,91,Eboli
6,7,0,3,2,0,9,9,0,Castelsantangelo sul Nera
5,3,0,5,5,2,10,8,2,Caselle in Pittari
3,3,1,5,7,2,8,10,3,Olivadi
53,39,10,42,52,17,95,91,27,Agazzano
216,201,26,205,223,53,421,424,79,Forlimpopoli
39,33,3,38,44,12,77,77,15,Stroncone
12,10,2,8,14,3,20,24,5,Berbenno
0,3,0,2,6,1,2,9,1,Galati Mamertino
1,8,1,2,15,3,3,23,4,Benestare
9,4,0,14,15,2,23,19,2,Valle di Maddaloni
93,105,15,132,139,25,225,244,40,Vigodarzere
79,62,6,75,66,2,154,128,8,Grumolo delle Abbadesse
2,0,0,2,0,1,4,0,1,Morfasso
1,4,0,10,11,2,11,15,2,Cellamare
5,4,0,3,6,7,8,10,7,Carlino
4,1,0,3,4,1,7,5,1,Trevi nel Lazio
190,251,28,214,366,54,404,617,82,Ariccia
1,1,1,1,2,5,2,3,6,San Buono
83,78,2,73,46,4,156,124,6,Monterotondo Marittimo
9,5,1,8,8,2,17,13,3,Castelbellino
1,1,1,2,1,2,3,2,3,Montano Antilia
75,59,2,81,40,4,156,99,6,Pumenengo
181,167,12,194,188,20,375,355,32,Locate di Triulzi
585,649,55,649,780,91,1234,1429,146,Lissone
2,1,0,4,5,0,6,6,0,Bottidda
254,210,40,195,240,45,449,450,85,Licata
12,10,1,21,36,1,33,46,2,Casteltermini
79,80,7,97,90,9,176,170,16,Ravanusa
202,178,12,201,212,26,403,390,38,Ponzano Veneto
2,3,0,3,1,2,5,4,2,Arena
0,1,0,0,4,0,0,5,0,Mamoiada
5,5,3,11,9,2,16,14,5,Torretta
10,7,0,7,10,0,17,17,0,Sant'Alfio
4,3,0,3,9,2,7,12,2,Stintino
28,23,8,36,33,3,64,56,11,Uta
7,6,0,4,10,0,11,16,0,Seminara
4,5,0,2,3,3,6,8,3,Sant'Agata del Bianco
38,53,7,25,33,5,63,86,12,Surbo
6,4,0,10,6,1,16,10,1,Veglio
9,5,1,10,10,3,19,15,4,Strona
8,7,0,14,8,1,22,15,1,Palermiti
0,4,1,1,3,1,1,7,2,Lucito
0,0,1,0,1,0,0,1,1,Asuni
1,3,0,3,5,2,4,8,2,Giave
0,5,0,3,5,2,3,10,2,Tula
3,1,1,3,9,4,6,10,5,Tortorici
95,129,18,78,109,16,173,238,34,Sala Baganza
534,585,71,546,491,94,1080,1076,165,Savignano sul Rubicone
4,0,0,0,5,1,4,5,1,Longano
0,0,0,0,1,0,0,1,0,Prepotto
29,22,4,27,45,2,56,67,6,Santa Caterina Villarmosa
1,0,0,2,1,0,3,1,0,Terragnolo
17,19,1,26,26,7,43,45,8,Monte Romano
4,4,0,4,5,0,8,9,0,Tiglieto
445,397,32,402,332,50,847,729,82,Gardone Val Trompia
83,87,6,82,58,9,165,145,15,Marcheno
26,28,6,25,48,12,51,76,18,Palagiano
234,259,19,235,224,27,469,483,46,Trebaseleghe
29,38,1,45,54,15,74,92,16,Quattro Castella
0,1,0,0,5,1,0,6,1,Lanzada
1014,1167,124,1131,1081,227,2145,2248,351,Sassuolo
316,296,34,307,344,42,623,640,76,Villorba
35,20,4,30,59,8,65,79,12,Oria
14,8,4,18,36,7,32,44,11,Melendugno
225,215,36,258,262,50,483,477,86,Castiglion Fiorentino
49,46,6,54,43,10,103,89,16,Castello di Annone
69,89,8,83,115,18,152,204,26,Pergola
6,5,0,2,2,1,8,7,1,Castelsilano
8,9,0,6,7,0,14,16,0,Valdastico
51,71,5,52,108,22,103,179,27,Pontecagnano Faiano
239,241,42,273,312,68,512,553,110,Valenza
3,2,0,2,4,0,5,6,0,Frabosa Sottana
66,63,16,67,98,27,133,161,43,Carcare
0,1,0,0,1,0,0,2,0,Casalciprano
26,32,15,27,53,26,53,85,41,Cortona
72,69,13,98,84,15,170,153,28,Villastellone
73,67,9,72,57,13,145,124,22,Gioia dei Marsi
31,23,4,26,20,4,57,43,8,Crespadoro
39,32,10,55,73,14,94,105,24,Cumiana
63,62,9,44,54,8,107,116,17,Pancalieri
31,33,1,33,50,7,64,83,8,Perosa Argentina
35,30,6,31,40,7,66,70,13,Brentonico
604,907,101,544,636,114,1148,1543,215,Pontedera
6,7,2,5,12,3,11,19,5,Torchiarolo
2,2,0,4,13,0,6,15,0,Orsara di Puglia
167,170,12,194,194,16,361,364,28,Massafra
13,18,1,25,27,1,38,45,2,Lercara Friddi
0,0,0,1,3,0,1,3,0,Giffone
4,4,0,3,8,0,7,12,0,Tortora
8,9,1,10,14,1,18,23,2,Rocchetta Sant'Antonio
1,1,0,1,2,2,2,3,2,Montegridolfo
79,100,10,87,75,12,166,175,22,Paderno d'Adda
26,16,2,19,36,2,45,52,4,Grumo Appula
333,238,24,276,277,41,609,515,65,Molfetta
1135,1141,166,1214,1908,456,2349,3049,622,Pesaro
0,0,0,0,2,1,0,2,1,Magliano Vetere
97,89,8,109,131,6,206,220,14,Stornarella
1,1,0,2,4,0,3,5,0,Petruro Irpino
137,165,16,164,203,23,301,368,39,Noventa Padovana
166,253,19,151,220,31,317,473,50,Sant'Antimo
12,12,3,16,7,2,28,19,5,Cisterna d'Asti
36,46,5,41,37,3,77,83,8,Lambrugo
2,9,1,6,10,4,8,19,5,Giuliano di Roma
20,16,2,15,14,2,35,30,4,Grana
9,7,4,6,7,5,15,14,9,Caravonica
0,0,0,5,2,1,5,2,1,Gallicchio
0,2,1,2,4,1,2,6,2,Pigra
0,1,0,1,2,0,1,3,0,Civitella Messer Raimondo
0,0,1,1,1,0,1,1,1,Seulo
0,0,0,0,2,2,0,2,2,Busachi
5,2,1,3,4,1,8,6,2,Quagliuzzo
16,18,4,22,22,3,38,40,7,San Nicola Arcella
145,191,18,178,172,26,323,363,44,Torremaggiore
5,10,5,7,17,7,12,27,12,Tricarico
14,9,0,14,11,0,28,20,0,Correzzola
12,12,2,23,22,6,35,34,8,Servigliano
4,5,0,8,8,1,12,13,1,Rea
2,6,8,2,9,4,4,15,12,Rezzo
22,11,3,20,18,0,42,29,3,Oviglio
10,11,4,20,10,2,30,21,6,Ofena
16,10,5,8,8,4,24,18,9,Gizzeria
15,17,0,23,20,5,38,37,5,Tizzano Val Parma
17,22,3,16,38,6,33,60,9,Givoletto
2,7,1,8,8,0,10,15,1,Casalvieri
2,1,0,5,1,2,7,2,2,Brovello-Carpugnino
6,2,0,2,7,0,8,9,0,Melito Irpino
0,0,0,1,2,2,1,2,2,Prezza
70,54,13,71,69,11,141,123,24,Loiano
390,333,40,441,396,75,831,729,115,Acqui Terme
13,12,2,13,22,4,26,34,6,Aiello del Friuli
1259,1253,136,1378,1524,201,2637,2777,337,Busto Arsizio
6,8,0,8,4,1,14,12,1,Cavaglietto
7,5,1,2,8,4,9,13,5,Pasturana
733,640,46,750,524,53,1483,1164,99,Chiari
36,27,4,25,27,2,61,54,6,Moconesi
60,61,9,82,69,15,142,130,24,Capolona
70,64,5,61,62,13,131,126,18,Marone
0,0,0,0,1,0,0,1,0,Terenzo
0,0,1,1,0,1,1,0,2,Arsita
11,11,1,15,10,1,26,21,2,Cunico
13,11,0,12,20,5,25,31,5,Montagna in Valtellina
0,1,0,0,1,1,0,2,1,Stazzona
2,12,2,6,10,1,8,22,3,Gera Lario
2,3,0,0,3,0,2,6,0,Puglianello
188,161,34,198,187,49,386,348,83,Urbania
13,17,1,13,18,8,26,35,9,Polinago
82,88,10,86,108,32,168,196,42,Tarcento
10,9,2,14,10,4,24,19,6,Fiesco
1,1,1,2,11,2,3,12,3,Grumento Nova
107,95,8,100,90,16,207,185,24,Godega di Sant'Urbano
248,268,27,179,287,27,427,555,54,Sarno
0,2,0,2,1,0,2,3,0,Montabone
4,3,0,3,6,3,7,9,3,Castelseprio
0,1,0,4,10,2,4,11,2,Santo Stefano di Cadore
28,33,4,41,43,10,69,76,14,Calalzo di Cadore
11,11,0,7,14,0,18,25,0,Rocca di Cambio
33,18,3,21,25,6,54,43,9,Villa d'Ogna
0,0,0,0,0,0,0,0,0,Calvignano
2,2,2,5,3,0,7,5,2,Serramonacesca
10,9,2,17,18,5,27,27,7,Rodero
0,0,0,0,0,0,0,0,0,Carro
48,75,9,72,141,26,120,216,35,Barano d'Ischia
403,409,31,432,489,64,835,898,95,Cesano Boscone
50,40,9,58,82,15,108,122,24,Galatina
673,797,68,789,1008,140,1462,1805,208,Rho
152,125,4,162,83,12,314,208,16,Pompiano
87,110,7,90,81,9,177,191,16,Merone
2,3,0,2,7,1,4,10,1,San Mango sul Calore
78,103,14,82,74,11,160,177,25,Pisogne
18,10,1,11,17,4,29,27,5,Boca
14,10,4,16,14,0,30,24,4,Pessina Cremonese
1,6,3,4,24,9,5,30,12,Ravello
8,12,4,12,12,2,20,24,6,Bolzano Novarese
0,0,0,0,1,0,0,1,0,Piode
10,12,3,11,12,3,21,24,6,Agrate Conturbia
0,0,0,0,3,0,0,3,0,Lequio Berria
8,4,0,1,12,2,9,16,2,Stroppiana
8,7,0,5,21,5,13,28,5,Caltignaga
13,9,1,10,10,3,23,19,4,Cansano
10,16,1,18,16,2,28,32,3,Fara Vicentino
210,178,10,192,230,19,402,408,29,Sedriano
16,20,2,26,24,2,42,44,4,Mediglia
23,27,4,27,25,4,50,52,8,Candia Lomellina
153,154,32,152,181,49,305,335,81,Cavriago
0,0,0,0,0,0,0,0,0,Monno
3,1,0,1,3,3,4,4,3,Belmonte in Sabina
7,8,1,13,7,0,20,15,1,Gabbioneta-Binanuova
12,16,2,14,20,2,26,36,4,Arre
252,294,42,253,287,45,505,581,87,Trezzo sull'Adda
5,4,0,6,7,2,11,11,2,Bordano
19,7,1,15,12,0,34,19,1,Buonabitacolo
180,165,22,156,133,31,336,298,53,Rolo
232,265,23,292,289,43,524,554,66,Nonantola
2,0,0,0,3,1,2,3,1,Letino
100,94,3,84,97,9,184,191,12,Gricignano di Aversa
155,153,9,151,113,12,306,266,21,Pontirolo Nuovo
79,80,4,86,75,9,165,155,13,Leffe
103,194,15,90,111,25,193,305,40,Grumo Nevano
802,1005,77,876,1015,121,1678,2020,198,Corsico
226,209,29,223,283,32,449,492,61,Pieve Emanuele
0,0,1,1,3,0,1,3,1,Sovramonte
21,16,3,26,12,5,47,28,8,Settime
1,1,0,1,6,0,2,7,0,Tonengo
208,224,27,239,210,32,447,434,59,Castenedolo
10,5,2,5,10,0,15,15,2,Scurzolengo
3,5,0,4,5,2,7,10,2,Pancarana
41,50,2,54,58,8,95,108,10,Boffalora sopra Ticino
8,9,7,5,10,8,13,19,15,Nogaredo
137,131,9,140,110,15,277,241,24,Lograto
55,64,5,70,111,16,125,175,21,Vanzago
0,0,0,1,2,2,1,2,2,Lauco
2,2,2,7,9,2,9,11,4,Villavallelonga
5,3,1,2,11,1,7,14,2,Saint-Marcel
4,3,2,2,3,3,6,6,5,Corna Imagna
13,16,1,20,9,2,33,25,3,Cesana Brianza
0,2,0,3,3,0,3,5,0,Boroneddu
2,6,1,4,18,3,6,24,4,San Pietro Clarenza
37,30,4,48,37,5,85,67,9,Santa Maria di Licodia
0,0,0,0,0,0,0,0,0,Pietraferrazzana
10,6,1,9,6,0,19,12,1,Roccagiovine
0,1,0,1,7,2,1,8,2,Ollastra
3,5,1,6,21,5,9,26,6,Oliena
0,1,0,3,4,1,3,5,1,Capriglia Irpina
0,0,0,0,2,0,0,2,0,Piatto
4,8,1,14,12,5,18,20,6,Atena Lucana
237,194,37,259,221,54,496,415,91,Agliana
51,68,10,65,118,22,116,186,32,San Giovanni la Punta
44,95,18,42,60,9,86,155,27,Partanna
10,12,0,11,13,1,21,25,1,Sala Biellese
27,29,4,43,61,7,70,90,11,Carlentini
6,3,1,20,19,1,26,22,2,Ferla
12,20,3,27,22,5,39,42,8,Castel Giorgio
46,40,2,44,31,4,90,71,6,Fornace
14,22,2,25,43,1,39,65,3,Numana
52,67,5,58,110,22,110,177,27,Melito di Napoli
5,1,0,9,5,1,14,6,1,Santa Croce del Sannio
90,54,12,71,68,13,161,122,25,Ballabio
30,21,14,30,44,15,60,65,29,Maccagno con Pino e Veddasca
136,149,10,126,167,21,262,316,31,Lentate sul Seveso
5,4,0,4,6,1,9,10,1,Castel Campagnano
14,22,3,17,28,10,31,50,13,Monte Grimano Terme
16,21,8,23,24,12,39,45,20,Brusnengo
5,2,2,1,0,2,6,2,4,Terranova Sappo Minulio
62,55,3,71,108,15,133,163,18,Borgaro Torinese
53,49,4,54,55,12,107,104,16,Certosa di Pavia
41,29,4,33,38,10,74,67,14,Roccabianca
86,71,7,96,85,18,182,156,25,Sarteano
31,32,4,41,45,6,72,77,10,Montelanico
106,91,6,82,84,9,188,175,15,Pontinia
41,62,4,64,59,5,105,121,9,Lusia
195,204,21,233,261,41,428,465,62,Nerviano
292,277,17,292,237,25,584,514,42,Solaro
2,4,0,3,7,2,5,11,2,Canterano
29,25,4,22,21,5,51,46,9,Telve
0,0,0,2,2,4,2,2,4,Aviatico
20,14,3,22,19,3,42,33,6,Sarnonico
149,150,26,153,185,35,302,335,61,Castelnuovo del Garda
78,89,14,80,75,11,158,164,25,Villa d'Adda
4,2,0,3,9,3,7,11,3,San Potito Ultra
1,3,1,3,8,2,4,11,3,Montefalcione
13,10,4,14,9,3,27,19,7,Vacri
3,0,0,0,4,3,3,4,3,Luogosano
5,12,10,2,13,8,7,25,18,Griante
10,15,2,15,13,2,25,28,4,Anversa degli Abruzzi
22,7,0,15,11,5,37,18,5,Tornimparte
118,127,11,116,124,6,234,251,17,Santa Giustina in Colle
62,46,12,66,45,12,128,91,24,Diano Castello
3,5,0,4,3,1,7,8,1,Giusvalla
64,56,6,54,37,12,118,93,18,Fiesse
0,0,0,1,2,0,1,2,0,Valmozzola
38,31,1,41,29,3,79,60,4,Alzate Brianza
3,8,1,11,4,4,14,12,5,Cantarana
34,30,4,31,38,4,65,68,8,Cocconato
20,13,4,21,27,2,41,40,6,Corfinio
15,11,0,13,14,1,28,25,1,Celenza Valfortore
75,109,20,70,106,28,145,215,48,Taino
6,13,1,8,14,2,14,27,3,Cavedine
6,6,2,4,6,3,10,12,5,Capriati a Volturno
41,41,5,43,50,13,84,91,18,Bucine
0,0,0,0,0,0,0,0,0,Germagno
20,14,0,18,24,5,38,38,5,Stazzano
27,18,4,19,23,5,46,41,9,Ternate
24,22,4,23,30,7,47,52,11,Cavasso Nuovo
6,1,1,5,5,4,11,6,5,Accettura
44,34,3,32,37,14,76,71,17,Basiliano
25,27,2,21,31,6,46,58,8,Casei Gerola
155,152,5,139,119,8,294,271,13,Riese Pio X
2,1,0,0,2,2,2,3,2,Rivamonte Agordino
0,0,1,0,0,0,0,0,1,Usseaux
213,213,31,201,237,49,414,450,80,San Pietro in Casale
28,27,4,35,22,2,63,49,6,Stefanaconi
27,23,6,26,38,8,53,61,14,Montescudo-Monte Colombo
2,3,0,2,4,0,4,7,0,Cervicati
4,4,1,3,2,4,7,6,5,Mottafollone
90,83,9,84,104,14,174,187,23,Caluso
11,6,0,9,12,4,20,18,4,Capitignano
57,68,3,81,67,11,138,135,14,Trescore Cremasco
119,112,5,132,248,24,251,360,29,Somma Vesuviana
25,39,2,40,46,4,65,85,6,Cisliano
8,5,0,14,22,2,22,27,2,Valsinni
21,29,3,34,36,9,55,65,12,Daverio
21,19,3,19,31,7,40,50,10,Roncaro
13,15,1,10,17,7,23,32,8,Pinarolo Po
20,14,0,14,20,0,34,34,0,Izano
5,8,3,8,8,4,13,16,7,Varmo
1,2,1,0,5,1,1,7,2,Prato Carnico
0,0,0,0,0,0,0,0,0,Carcoforo
12,8,3,11,14,6,23,22,9,Valgioie
2,3,0,2,5,2,4,8,2,Pimonte
5,3,1,4,19,3,9,22,4,Bagnoli Irpino
9,2,2,3,10,1,12,12,3,Pretoro
12,10,0,11,11,1,23,21,1,Santa Maria la Fossa
67,61,11,68,79,15,135,140,26,Cassolnovo
170,151,13,143,160,24,313,311,37,Lurate Caccivio
78,78,3,92,77,10,170,155,13,Sanguinetto
8,8,0,6,11,1,14,19,1,Ghislarengo
5,6,0,10,16,1,15,22,1,Villareggia
116,127,18,150,133,31,266,260,49,Cameri
16,18,0,25,24,6,41,42,6,Priocca
104,122,16,139,134,40,243,256,56,Bellinzago Novarese
15,11,2,8,20,3,23,31,5,Fiano
22,27,0,28,24,4,50,51,4,San Martino dall'Argine
11,7,1,10,10,0,21,17,1,Piea
93,80,6,77,81,15,170,161,21,Fiesso Umbertiano
103,89,12,126,95,15,229,184,27,Landriano
13,7,1,12,12,6,25,19,7,Voghiera
478,469,47,506,618,131,984,1087,178,Lugo
78,78,6,61,69,7,139,147,13,Ossona
11,12,0,17,13,0,28,25,0,Colorina
215,234,15,202,205,19,417,439,34,Cornedo Vicentino
0,2,0,1,3,0,1,5,0,Gambugliano
6,8,3,6,11,2,12,19,5,Catignano
116,132,15,139,128,29,255,260,44,Lovere
6,4,2,14,8,1,20,12,3,Sepino
20,20,5,22,28,3,42,48,8,Campo Ligure
9,9,0,10,19,3,19,28,3,Prata Camportaccio
64,70,3,62,47,6,126,117,9,Pianico
52,48,4,41,37,9,93,85,13,Gazzuolo
105,94,7,101,77,7,206,171,14,Pavone del Mella
36,40,2,30,37,2,66,77,4,Villanova del Ghebbo
9,12,3,17,28,8,26,40,11,Misinto
61,63,21,72,115,26,133,178,47,Padenghe sul Garda
70,76,5,92,81,9,162,157,14,Volpago del Montello
128,145,10,128,119,17,256,264,27,Susegana
1,0,0,1,0,0,2,0,0,Cortandone
13,10,3,13,16,3,26,26,6,Calvagese della Riviera
6,8,0,6,6,0,12,14,0,Serralunga d'Alba
12,18,1,16,11,4,28,29,5,Vessalico
0,0,0,1,1,0,1,1,0,Castelvecchio di Rocca Barbena
11,15,0,13,19,4,24,34,4,Moggio Udinese
90,105,7,71,114,14,161,219,21,Orta di Atella
6,5,3,12,27,3,18,32,6,Corsano
9,5,3,11,16,4,20,21,7,Tovo San Giacomo
10,9,1,7,12,0,17,21,1,Laurino
77,88,10,110,197,23,187,285,33,Casalnuovo di Napoli
30,24,2,32,42,5,62,66,7,Mottola
108,140,14,152,157,14,260,297,28,Vignate
1,2,0,1,7,1,2,9,1,Valdina
273,254,45,290,320,28,563,574,73,Marsala
1,0,0,0,2,0,1,2,0,Loculi
13,7,1,12,18,5,25,25,6,Villarosa
82,98,20,85,63,12,167,161,32,Villabate
5,7,3,12,11,3,17,18,6,Canneto Pavese
10,10,2,14,14,5,24,24,7,Isera
23,40,6,42,33,7,65,73,13,Colognola ai Colli
7,3,0,6,10,2,13,13,2,Tenna
25,25,2,21,22,8,46,47,10,Fanna
12,15,1,9,17,3,21,32,4,Fontanile
5,7,3,9,15,5,14,22,8,Corrido
5,9,2,8,7,1,13,16,3,Navelli
8,6,2,8,12,2,16,18,4,Anzano del Parco
32,41,3,38,41,9,70,82,12,Cucciago
9,6,1,13,11,3,22,17,4,Codevilla
2,4,0,1,6,1,3,10,1,Casapinta
2,13,5,7,26,8,9,39,13,Moltrasio
106,145,9,83,115,8,189,260,17,San Gennaro Vesuviano
35,29,1,39,40,6,74,69,7,Naro
11,13,0,11,13,3,22,26,3,Maletto
3,2,0,4,5,1,7,7,1,Melpignano
18,18,0,18,16,1,36,34,1,Tonco
2,3,0,2,8,1,4,11,1,San Giorgio Monferrato
1,1,0,1,2,1,2,3,1,Monleale
9,6,0,9,13,2,18,19,2,Murisengo
0,0,0,1,0,1,1,0,1,Castelpizzuto
213,194,12,201,222,42,414,416,54,Molinella
6,3,1,6,2,0,12,5,1,Greggio
15,13,2,16,16,2,31,29,4,Santa Marina Salina
6,9,5,8,12,4,14,21,9,Diano San Pietro
27,36,1,32,38,3,59,74,4,Volpedo
6,6,1,7,6,1,13,12,2,Roddi
3,3,0,1,3,2,4,6,2,Doues
0,0,0,0,0,0,0,0,0,Malvicino
63,68,5,65,76,15,128,144,20,Lurago d'Erba
72,77,11,67,71,14,139,148,25,Leverano
3,2,0,2,4,0,5,6,0,Pertusio
6,6,1,3,7,1,9,13,2,Roccafluvione
13,13,3,11,20,5,24,33,8,Villacidro
6,10,1,14,11,1,20,21,2,Bolotana
8,5,4,9,14,1,17,19,5,Narbolia
46,41,5,41,59,21,87,100,26,Raffadali
52,39,2,61,57,7,113,96,9,Palma di Montechiaro
10,5,2,11,3,2,21,8,4,Narcao
24,32,6,20,35,6,44,67,12,Ittiri
2,1,0,10,7,1,12,8,1,Solarussa
42,34,2,46,62,9,88,96,11,Castelbuono
141,123,23,161,111,31,302,234,54,Busca
30,26,6,22,34,7,52,60,13,Tollegno
1,2,0,3,12,3,4,14,3,Santa Giusta
48,55,6,59,62,10,107,117,16,Dro
0,3,0,2,1,2,2,4,2,Caprezzo
206,278,32,215,402,64,421,680,96,Santa Marinella
12,6,4,11,12,4,23,18,8,Radicondoli
3,5,4,8,3,7,11,8,11,Allerona
171,129,28,172,176,43,343,305,71,Cividale del Friuli
0,1,0,0,2,1,0,3,1,Ussassai
4,2,0,4,4,0,8,6,0,Tripi
200,164,22,178,165,29,378,329,51,Goito
0,0,0,0,2,2,0,2,2,Castelvetere in Val Fortore
1,0,1,0,2,1,1,2,2,Fiamignano
33,31,4,45,34,3,78,65,7,Codevigo
3,3,0,0,7,3,3,10,3,Farini
34,35,6,45,51,9,79,86,15,Belvedere Marittimo
17,24,1,14,20,4,31,44,5,Sella Giudicarie
2,1,1,5,0,1,7,1,2,Sessano del Molise
0,1,1,3,2,1,3,3,2,Guardia Piemontese
0,0,0,0,3,1,0,3,1,Castelgrande
0,2,0,1,3,2,1,5,2,Gandellino
15,10,2,9,12,1,24,22,3,Isola del Piano
5,3,1,6,13,2,11,16,3,Lamon
3,6,0,3,7,0,6,13,0,Ossimo
1,1,2,0,6,3,1,7,5,Carezzano
46,36,7,27,43,3,73,79,10,Belvedere Ostrense
102,107,11,117,101,20,219,208,31,Dicomano
0,3,0,6,11,2,6,14,2,Ferrazzano
4,10,1,12,16,2,16,26,3,Monteprandone
1,3,2,2,11,6,3,14,8,Lajatico
155,141,21,154,117,29,309,258,50,Pasiano di Pordenone
0,0,0,0,1,0,0,1,0,Fabbrica Curone
56,60,8,69,89,19,125,149,27,Bobbio
31,29,7,58,70,11,89,99,18,Maglie
1,0,0,0,2,0,1,2,0,Villette
2,2,3,1,6,2,3,8,5,Vazzano
0,0,0,1,1,0,1,1,0,Oltressenda Alta
259,291,26,237,238,28,496,529,54,Musile di Piave
110,120,7,119,91,13,229,211,20,Adro
207,149,32,201,196,40,408,345,72,Traversetolo
5,5,3,12,22,4,17,27,7,Bassignana
251,356,20,307,329,54,558,685,74,Erba
0,1,0,2,8,1,2,9,1,Nociglia
602,560,97,676,684,145,1278,1244,242,Novi Ligure
4,3,1,6,7,3,10,10,4,Fai della Paganella
7,5,2,9,6,1,16,11,3,Campli
309,352,37,317,526,86,626,878,123,Albano Laziale
189,165,21,199,184,44,388,349,65,Borgo San Dalmazzo
90,70,9,67,63,14,157,133,23,Gandino
5,6,0,10,5,3,15,11,3,Colletorto
16,17,3,24,19,3,40,36,6,Marcaria
15,14,1,16,18,4,31,32,5,San Germano Chisone
5,4,1,4,4,2,9,8,3,Verrua Savoia
13,22,2,15,26,0,28,48,2,San Calogero
5,2,0,2,0,0,7,2,0,Prali
3,1,0,5,1,2,8,2,2,Cintano
9,6,2,8,7,0,17,13,2,Braone
17,18,2,25,31,4,42,49,6,Lama Mocogno
5,1,0,0,3,1,5,4,1,Invorio
231,199,22,234,236,55,465,435,77,Anzola dell'Emilia
37,56,7,44,57,13,81,113,20,Suvereto
267,220,12,235,213,24,502,433,36,Quinto di Treviso
0,0,0,1,5,0,1,5,0,Davoli
62,49,4,59,51,4,121,100,8,Cupello
20,12,5,22,26,2,42,38,7,Sorano
5,4,3,3,4,1,8,8,4,Altavilla Monferrato
7,6,0,3,11,2,10,17,2,Novi Velia
4,3,0,3,11,0,7,14,0,Camugnano
41,35,5,35,44,5,76,79,10,Parre
8,9,3,6,12,5,14,21,8,Pezzana
1,1,1,4,5,2,5,6,3,Sedini
3,3,0,6,3,0,9,6,0,Muros
10,10,0,11,20,2,21,30,2,Trappeto
41,41,6,51,86,18,92,127,24,Fiumefreddo di Sicilia
7,1,0,0,4,2,7,5,2,Campofiorito
3,1,1,0,12,2,3,13,3,Santa Maria Coghinas
18,17,2,17,21,4,35,38,6,Budoni
75,113,11,77,62,11,152,175,22,Cassago Brianza
4,5,1,9,18,1,13,23,2,Nuxis
16,20,3,26,25,3,42,45,6,Ponte
23,14,1,12,17,3,35,31,4,Vico nel Lazio
12,10,3,11,16,2,23,26,5,Torri in Sabina
75,83,9,82,72,12,157,155,21,Somaglia
1,1,1,1,2,0,2,3,1,Montefiore Conca
1,1,0,2,2,0,3,3,0,Bortigiadas
19,23,5,14,20,7,33,43,12,San Pietro in Lama
7,7,1,12,11,2,19,18,3,Burgio
8,7,4,6,11,2,14,18,6,Baucina
6,6,0,10,22,2,16,28,2,Sortino
8,5,0,11,8,1,19,13,1,Pietraperzia
39,53,2,52,61,7,91,114,9,Casorezzo
15,8,3,20,35,6,35,43,9,Troina
0,0,0,1,2,0,1,2,0,Isnello
35,22,3,33,43,7,68,65,10,Roccalumera
302,271,34,304,252,35,606,523,69,Calolziocorte
88,69,6,79,71,7,167,140,13,Guardamiglio
1,1,0,4,2,2,5,3,2,Zubiena
3,5,1,7,14,4,10,19,5,Mormanno
0,0,0,0,3,2,0,3,2,Cis
18,23,1,15,14,3,33,37,4,Arlena di Castro
7,6,0,5,12,3,12,18,3,Montecarlo
5,4,0,5,5,0,10,9,0,Configni
30,28,3,23,38,4,53,66,7,Pisoniano
6,1,1,5,16,3,11,17,4,Marrubiu
0,1,1,2,3,1,2,4,2,Samugheo
1,1,0,3,7,2,4,8,2,Zeddiani
50,57,5,53,57,9,103,114,14,Roncello
0,1,0,1,1,2,1,2,2,Donato
70,73,6,77,92,11,147,165,17,Cannara
101,71,10,110,148,18,211,219,28,Abbadia San Salvatore
1,4,0,0,5,0,1,9,0,Farindola
25,11,2,26,24,3,51,35,5,Riparbella
89,115,10,114,209,22,203,324,32,Ottaviano
7,10,1,6,9,2,13,19,3,Canosa Sannita
207,154,15,170,144,19,377,298,34,Campagnola Emilia
17,12,1,14,20,4,31,32,5,Giuliano Teatino
17,13,2,16,34,4,33,47,6,Calvi Risorta
1,4,2,4,10,2,5,14,4,Ruviano
1,1,0,3,2,0,4,3,0,Grotteria
4,4,0,3,5,0,7,9,0,Montemignaio
18,25,4,24,13,4,42,38,8,Redondesco
86,71,7,84,80,15,170,151,22,Bastiglia
4,2,1,6,3,0,10,5,1,Trasaghis
7,8,1,10,12,0,17,20,1,Vermiglio
89,86,7,155,349,47,244,435,54,Casoria
11,8,2,12,4,1,23,12,3,Force
158,183,14,159,224,47,317,407,61,Chianciano Terme
113,97,9,116,112,16,229,209,25,Barberino di Mugello
20,13,1,13,9,3,33,22,4,Stenico
3,2,1,6,6,0,9,8,1,Sfruz
1,1,0,2,1,0,3,2,0,Marcedusa
49,36,11,35,35,4,84,71,15,Acquedolci
145,145,12,146,162,22,291,307,34,Castel di Lama
32,29,5,33,34,7,65,63,12,Santa Fiora
14,11,0,13,25,2,27,36,2,Contursi Terme
7,2,0,0,3,0,7,5,0,San Giovanni Lipioni
382,356,52,363,477,99,745,833,151,Cesenatico
0,0,0,1,1,0,1,1,0,Rocca d'Arce
1,1,0,3,1,0,4,2,0,Rasura
23,21,4,26,34,13,49,55,17,Ronchis
27,17,2,32,30,3,59,47,5,Pastrengo
101,133,8,99,81,7,200,214,15,Credaro
9,6,2,6,9,3,15,15,5,Novaledo
12,15,1,18,14,6,30,29,7,Tresivio
0,1,0,3,2,1,3,3,1,Vighizzolo d'Este
15,11,1,14,21,5,29,32,6,Zeccone
1,1,1,1,4,1,2,5,2,Rocca Imperiale
15,11,1,18,11,0,33,22,1,Cassano Valcuvia
13,13,7,18,19,7,31,32,14,Cervo
5,10,0,9,6,0,14,16,0,Spessa
0,0,0,0,2,0,0,2,0,Camandona
2,6,1,2,4,1,4,10,2,Landiona
3,3,0,1,4,0,4,7,0,Gadoni
317,320,43,250,241,31,567,561,74,Modugno
181,158,33,198,302,86,379,460,119,Gubbio
18,14,2,22,21,0,40,35,2,Gropparello
272,292,11,300,427,40,572,719,51,Andria
22,17,2,24,10,2,46,27,4,Taibon Agordino
36,43,2,39,50,5,75,93,7,Gaggio Montano
698,621,41,723,769,91,1421,1390,132,Chieri
5,4,3,3,5,2,8,9,5,Ello
5,2,2,5,3,4,10,5,6,Manocalzati
1,0,0,2,5,1,3,5,1,Cercepiccola
18,17,1,19,15,6,37,32,7,Colonno
1,3,0,3,11,1,4,14,1,Claino con Osteno
5,4,0,5,9,1,10,13,1,Villalago
2,1,0,8,11,0,10,12,0,Montefalcone di Val Fortore
3,2,0,2,1,0,5,3,0,Fara Olivana con Sola
11,9,1,8,24,8,19,33,9,Altavilla Irpina
34,46,1,33,37,0,67,83,1,Villa di Briano
0,1,0,6,3,1,6,4,1,Spigno Saturnia
5,6,1,2,13,2,7,19,3,Marsicovetere
16,14,7,19,20,8,35,34,15,Tremosine sul Garda
10,6,0,10,9,1,20,15,1,Cerano d'Intelvi
4,2,1,2,6,1,6,8,2,San Martino d'Agri
9,10,2,8,15,0,17,25,2,Ripalimosani
67,68,5,75,58,9,142,126,14,La Valletta Brianza
177,183,32,177,194,60,354,377,92,Codroipo
164,151,27,168,154,36,332,305,63,Lavis
1,0,1,2,7,0,3,7,1,Sant'Angelo a Scala
2,1,2,5,4,3,7,5,5,Poggio Bustone
221,201,23,186,163,27,407,364,50,Grumello del Monte
0,0,0,0,1,0,0,1,0,Chiusano d'Asti
0,0,0,0,0,0,0,0,0,Drenchia
18,23,5,37,19,5,55,42,10,Solto Collina
193,175,15,200,212,43,393,387,58,Bagnolo in Piano
104,80,14,97,90,11,201,170,25,Gualtieri
67,62,11,63,72,16,130,134,27,Follina
89,73,16,79,100,22,168,173,38,Vergiate
4,1,0,1,4,0,5,5,0,Albi
0,1,2,0,9,8,0,10,10,Tronzano Lago Maggiore
36,45,1,39,38,11,75,83,12,Solagna
114,111,12,139,114,17,253,225,29,Nervesa della Battaglia
0,0,0,0,1,0,0,1,0,Ornica
8,6,3,9,17,1,17,23,4,Comignago
74,93,10,89,100,21,163,193,31,Torrebelvicino
22,15,2,28,20,3,50,35,5,Salassa
21,29,3,33,53,8,54,82,11,Spinazzola
13,13,1,8,21,8,21,34,9,Ventasso
1,0,0,0,2,1,1,2,1,Moio de' Calvi
8,8,0,5,10,2,13,18,2,Pescocostanzo
378,349,35,424,636,92,802,985,127,Collegno
13,14,4,14,19,4,27,33,8,Orino
60,120,11,81,178,26,141,298,37,Qualiano
31,21,3,16,22,3,47,43,6,Rapagnano
0,0,0,0,1,0,0,1,0,Cella Dati
39,31,6,46,33,6,85,64,12,Tollo
1,1,0,2,0,0,3,1,0,Bosnasco
1,0,0,0,1,0,1,1,0,Altilia
3,4,0,1,3,4,4,7,4,Quindici
218,235,15,195,172,24,413,407,39,Carobbio degli Angeli
2,1,0,1,5,0,3,6,0,San Chirico Nuovo
4,3,0,5,8,3,9,11,3,Lapio
17,16,1,16,17,2,33,33,3,Lizzano in Belvedere
15,11,0,10,9,2,25,20,2,Zuccarello
0,7,1,1,7,1,1,14,2,Galliavola
13,19,0,13,20,0,26,39,0,Riofreddo
246,231,15,235,163,27,481,394,42,Chiuduno
104,123,9,100,114,20,204,237,29,Magnago
0,1,2,0,1,4,0,2,6,Labro
8,27,2,14,26,9,22,53,11,Serrara Fontana
6,5,1,3,4,2,9,9,3,Fragneto l'Abate
6,5,0,7,11,2,13,16,2,Coseano
12,13,1,14,12,2,26,25,3,Salbertrand
14,20,2,14,20,3,28,40,5,Bruzolo
26,17,3,28,26,5,54,43,8,San Michele di Serino
0,2,2,2,4,0,2,6,2,Novalesa
7,2,1,3,8,3,10,10,4,Canistro
13,20,1,20,23,6,33,43,7,Rodello
8,8,2,4,9,2,12,17,4,Castiglione di Garfagnana
7,15,1,11,17,0,18,32,1,Longone al Segrino
37,38,2,53,49,6,90,87,8,Monte Cremasco
130,118,4,144,153,13,274,271,17,San Giorgio su Legnano
1,4,0,1,1,0,2,5,0,Serri
24,26,5,18,51,10,42,77,15,Sinnai
5,8,2,3,8,3,8,16,5,Codrongianos
7,7,1,2,12,1,9,19,2,Portoscuso
12,6,1,12,10,0,24,16,1,Alessandria della Rocca
4,6,0,8,5,1,12,11,1,Vernate
398,465,35,457,448,54,855,913,89,Melegnano
199,173,11,201,118,18,400,291,29,Brignano Gera d'Adda
949,966,84,931,840,122,1880,1806,206,Castiglione delle Stiviere
29,28,1,26,25,4,55,53,5,Vistarino
14,16,0,13,12,4,27,28,4,Monticelli Pavese
123,104,6,112,81,11,235,185,17,Ospedaletto Euganeo
2,0,1,1,1,0,3,1,1,Vervio
268,210,42,242,227,56,510,437,98,Cairo Montenotte
18,30,2,20,50,10,38,80,12,Laigueglia
4,3,1,3,10,0,7,13,1,San Felice del Molise
84,63,8,79,55,7,163,118,15,Oggiona con Santo Stefano
2,0,0,2,4,1,4,4,1,San Pietro Infine
22,13,5,30,12,4,52,25,9,Andrano
4,5,2,11,9,2,15,14,4,Castrignano de' Greci
60,65,15,55,87,17,115,152,32,Casarano
2,5,0,2,13,4,4,18,4,Palagianello
1,3,0,2,3,0,3,6,0,Garaguso
447,305,36,355,248,33,802,553,69,Prevalle
8,8,0,7,11,0,15,19,0,Vodo Cadore
234,189,10,198,119,12,432,308,22,Urago d'Oglio
54,43,10,57,48,13,111,91,23,San Giorgio Ionico
58,76,16,73,87,22,131,163,38,Moniga del Garda
54,43,11,54,69,14,108,112,25,Almenno San Bartolomeo
103,109,6,113,71,8,216,180,14,Mornico al Serio
10,9,4,12,14,8,22,23,12,Piazza Brembana
213,234,18,218,210,32,431,444,50,Cerro Maggiore
114,90,12,87,69,16,201,159,28,Cessalto
30,29,2,21,16,3,51,45,5,Casteldidone
234,237,19,245,295,36,479,532,55,Gussago
0,0,1,2,4,0,2,4,1,Scampitella
0,0,2,1,1,1,1,1,3,Beverino
31,44,3,41,38,5,72,82,8,Arzago d'Adda
9,38,9,19,100,25,28,138,34,Cortina d'Ampezzo
3,5,0,3,5,3,6,10,3,Patrica
27,25,0,42,28,3,69,53,3,Custonaci
1,4,1,1,6,2,2,10,3,Erice
18,16,9,15,33,11,33,49,20,Pula
87,69,10,88,84,20,175,153,30,Ville d'Anaunia
106,91,17,105,165,36,211,256,53,Sora
2,4,2,2,4,0,4,8,2,Colfelice
44,41,1,40,48,8,84,89,9,Contigliano
16,9,5,14,26,7,30,35,12,Cascia
14,18,3,18,36,8,32,54,11,Calitri
170,193,25,145,232,36,315,425,61,Morlupo
409,414,35,362,474,49,771,888,84,Cisterna di Latina
713,845,61,734,967,100,1447,1812,161,Aprilia
273,262,27,248,298,57,521,560,84,Castelfidardo
190,196,31,189,232,42,379,428,73,Fontanafredda
1414,1127,147,1454,1422,311,2868,2549,458,Foligno
99,126,11,135,130,40,234,256,51,Cadelbosco di Sopra
801,745,58,768,610,93,1569,1355,151,Suzzara
4,0,0,2,3,0,6,3,0,Roseto Capo Spulico
35,29,9,29,39,6,64,68,15,Scanzano Jonico
0,0,0,1,2,1,1,2,1,Andali
1,1,0,2,3,1,3,4,1,Santo Stefano di Rogliano
2,0,1,0,4,1,2,4,2,Macugnaga
0,0,0,0,0,1,0,0,1,Proceno
158,192,30,202,200,54,360,392,84,Noceto
62,47,3,55,52,4,117,99,7,Tursi
573,542,98,607,852,203,1180,1394,301,Fano
0,1,0,0,0,0,0,1,0,Palizzi
546,494,61,546,660,147,1092,1154,208,Vittorio Veneto
20,17,3,23,20,1,43,37,4,Bosco Chiesanuova
52,54,6,46,68,16,98,122,22,Santa Giustina
93,81,12,102,149,22,195,230,34,Porto Viro
34,36,3,27,36,1,61,72,4,Castelletto d'Orba
1,3,0,2,7,1,3,10,1,Gressoney-Saint-Jean
1,0,0,2,3,1,3,3,1,Valgrisenche
3,7,1,6,7,2,9,14,3,Borghetto d'Arroscia
14,11,2,15,13,4,29,24,6,Bellante
5,3,0,6,10,1,11,13,1,Mombaroccio
12,12,2,15,32,8,27,44,10,Pollone
1,1,0,0,3,1,1,4,1,Coli
26,22,2,23,30,5,49,52,7,Montefiore dell'Aso
9,8,0,11,11,2,20,19,2,Cercemaggiore
8,9,0,7,10,0,15,19,0,San Giovanni Incarico
0,1,0,0,1,0,0,2,0,Bognanco
0,0,0,0,0,0,0,0,0,Minucciano
35,33,5,33,75,10,68,108,15,San Vito dei Normanni
56,77,10,75,55,11,131,132,21,Fontanelle
108,111,14,122,114,16,230,225,30,Cavallermaggiore
9,13,2,14,21,4,23,34,6,Asigliano Vercellese
5,5,1,7,5,0,12,10,1,San Martino Canavese
8,1,0,3,4,2,11,5,2,Rosciano
632,597,48,584,624,78,1216,1221,126,Valdagno
21,23,3,20,18,4,41,41,7,Rossana
0,0,1,0,0,0,0,0,1,Pezzolo Valle Uzzone
218,198,22,190,163,30,408,361,52,Dronero
2,1,0,4,5,1,6,6,1,Fresonara
11,8,0,9,19,2,20,27,2,Riomaggiore
1,0,0,1,2,0,2,2,0,Ala di Stura
0,0,0,0,0,0,0,0,0,Pramollo
16,31,4,24,39,8,40,70,12,Pecetto Torinese
3,3,1,3,5,1,6,8,2,Sonico
597,575,56,612,534,66,1209,1109,122,Lumezzane
1,3,3,1,3,1,2,6,4,Filignano
68,70,8,76,132,8,144,202,16,Vieste
15,9,2,7,20,3,22,29,5,Ticineto
13,14,1,18,13,2,31,27,3,Moncrivello
0,1,0,0,1,0,0,2,0,Isola di Fondra
46,41,1,39,31,1,85,72,2,Borgo di Terzo
158,188,22,175,164,33,333,352,55,Ostiglia
82,90,7,83,67,14,165,157,21,Delebio
257,208,11,206,120,11,463,328,22,Roccafranca
7,4,0,5,6,1,12,10,1,Mazzo di Valtellina
84,119,14,131,139,23,215,258,37,San Vittore Olona
20,28,2,18,27,4,38,55,6,Colle Umberto
0,1,0,0,2,0,0,3,0,Vallesaccarda
64,64,5,80,49,9,144,113,14,Lurano
25,20,0,26,13,3,51,33,3,Vallio Terme
6,4,0,8,5,2,14,9,2,Voltago Agordino
33,42,5,38,65,15,71,107,20,Oriolo Romano
94,90,7,86,85,8,180,175,15,Pramaggiore
41,26,5,45,51,13,86,77,18,Marta
6,5,0,6,5,0,12,10,0,Bagnaria
679,745,67,676,603,77,1355,1348,144,Treviglio
11,11,1,7,13,0,18,24,1,Fresagrandinaria
2,2,0,2,4,0,4,6,0,San Pietro di Feletto
189,178,25,189,187,26,378,365,51,Cornuda
21,25,2,24,31,4,45,56,6,Gravellona Lomellina
109,91,21,101,84,25,210,175,46,Gussola
30,32,4,39,40,5,69,72,9,Valbrembo
9,11,1,5,9,1,14,20,2,Ranzo
5,1,0,0,4,1,5,5,1,Palmoli
10,6,1,5,10,1,15,16,2,Papozze
323,320,24,356,285,38,679,605,62,Travagliato
325,283,25,279,256,36,604,539,61,Colorno
109,113,15,110,109,21,219,222,36,Ravarino
3,2,0,1,7,0,4,9,0,Loiri Porto San Paolo
81,71,7,83,91,10,164,162,17,Biancavilla
28,31,2,34,48,7,62,79,9,Vignole Borbera
29,37,4,36,62,14,65,99,18,Cinisi
41,27,5,40,65,8,81,92,13,Termini Imerese
0,1,0,0,1,1,0,2,1,Genoni
1,0,0,3,6,1,4,6,1,Villanova Monteleone
45,48,2,43,60,4,88,108,6,Sant'Eufemia d'Aspromonte
7,8,4,6,9,4,13,17,8,Pignataro Interamna
35,24,6,42,31,3,77,55,9,Amaseno
138,161,23,161,293,45,299,454,68,Bisceglie
33,34,5,27,43,11,60,77,16,Caldarola
281,369,20,337,448,41,618,817,61,Guidonia Montecelio
12,18,0,14,18,1,26,36,1,Vallefiorita
0,0,0,0,2,3,0,2,3,Aglientu
6,5,2,6,18,3,12,23,5,Scorrano
4,14,3,12,33,21,16,47,24,Positano
7,9,2,13,20,7,20,29,9,Murlo
1,9,0,4,11,1,5,20,1,Corleto Perticara
2,5,2,5,3,3,7,8,5,Rumo
10,9,0,11,13,2,21,22,2,Songavazzo
9,14,1,15,21,4,24,35,5,Cutrofiano
8,7,2,13,11,1,21,18,3,Montemilone
4,6,0,12,9,0,16,15,0,Bagnoli del Trigno
5,3,0,2,4,0,7,7,0,Tramonti di Sotto
42,23,5,27,29,9,69,52,14,Sant'Onofrio
29,28,8,21,16,4,50,44,12,Supersano
52,68,11,90,299,62,142,367,73,Torre del Greco
44,52,6,49,39,5,93,91,11,Gianico
97,79,12,94,90,10,191,169,22,San Giorgio Piacentino
93,95,9,104,89,15,197,184,24,Quero Vas
0,0,0,0,0,0,0,0,0,Odalengo Piccolo
374,395,32,346,361,53,720,756,85,Manerbio
56,65,12,49,68,15,105,133,27,Cassine
2,1,0,0,1,0,2,2,0,Castelletto Merli
1,5,0,5,6,1,6,11,1,Viarigi
6,11,2,11,17,2,17,28,4,Solero
5,5,5,5,16,3,10,21,8,Bonassola
92,145,32,141,414,105,233,559,137,Pozzuoli
242,313,30,307,423,47,549,736,77,Genzano di Roma
18,26,2,20,22,5,38,48,7,Sant'Albano Stura
1,0,2,0,2,3,1,2,5,Roseto Valfortore
78,64,12,55,68,18,133,132,30,Trecastelli
17,10,1,23,24,5,40,34,6,Minervino Murge
56,64,8,68,65,13,124,129,21,Montaione
8,7,1,5,10,0,13,17,1,Motta Santa Lucia
17,5,3,12,9,1,29,14,4,Guardavalle
102,90,8,121,153,19,223,243,27,Orte
0,2,0,2,2,1,2,4,1,Carona
1,3,0,5,1,0,6,4,0,Marzi
102,81,14,101,71,12,203,152,26,Zocca
8,20,3,14,21,5,22,41,8,Valle di Cadore
3,6,1,6,9,6,9,15,7,Pellegrino Parmense
104,109,16,111,146,22,215,255,38,Besana in Brianza
166,133,24,147,157,31,313,290,55,Cerreto d'Esi
32,20,1,47,82,10,79,102,11,Sapri
68,69,7,69,77,11,137,146,18,Vidigulfo
356,282,37,343,312,49,699,594,86,Stradella
0,0,1,2,5,1,2,5,2,Tornolo
46,46,3,51,45,7,97,91,10,Peveragno
26,26,2,23,31,0,49,57,2,Paesana
173,139,17,165,147,38,338,286,55,Borgo Valsugana
19,13,2,13,32,4,32,45,6,Val della Torre
102,104,7,100,107,9,202,211,16,Carbonera
132,119,16,140,154,31,272,273,47,Carignano
24,15,0,15,11,0,39,26,0,Masio
0,0,0,0,2,0,0,2,0,Rotzo
32,30,4,33,24,10,65,54,14,Pray
138,156,13,142,111,18,280,267,31,Sovere
195,239,31,185,232,34,380,471,65,Bitonto
46,44,14,72,108,19,118,152,33,Francavilla Fontana
23,19,0,19,25,2,42,44,2,Collio
9,8,3,12,10,5,21,18,8,Vernasca
5,11,2,10,28,2,15,39,4,Baldissero Torinese
0,0,0,2,11,0,2,11,0,Siurgus Donigala
30,37,3,39,88,13,69,125,16,Gravina di Catania
0,0,0,2,1,3,2,1,3,Tratalias
1,0,0,1,6,2,2,6,2,Ilbono
3,5,0,6,6,0,9,11,0,Cossoine
0,1,0,0,1,0,0,2,0,Silius
1,0,0,0,1,0,1,1,0,Calanna
3,3,0,2,5,1,5,8,1,Terranova dei Passerini
79,68,11,84,82,17,163,150,28,Bassano Romano
94,102,10,80,84,15,174,186,25,Renate
14,21,1,39,31,2,53,52,3,Racalmuto
31,13,1,13,13,1,44,26,2,Santa Elisabetta
117,95,15,104,132,29,221,227,44,Pozzallo
39,40,2,35,51,6,74,91,8,Lierna
14,20,2,11,26,4,25,46,6,Spadafora
37,33,2,36,36,8,73,69,10,Dervio
13,8,1,10,17,2,23,25,3,Delianuova
170,150,23,160,194,34,330,344,57,Morciano di Romagna
5,6,1,3,6,1,8,12,2,Paludi
24,27,4,30,44,8,54,71,12,Calcinaia
2,1,1,2,3,4,4,4,5,Nonio
3,4,0,3,0,0,6,4,0,Campomaggiore
575,516,79,696,928,163,1271,1444,242,Montecatini-Terme
0,0,1,2,2,2,2,2,3,Camburzano
1,7,0,7,8,4,8,15,4,Gerano
116,92,17,119,118,20,235,210,37,Passignano sul Trasimeno
7,4,1,7,15,2,14,19,3,Cropani
127,150,30,162,274,88,289,424,118,Domodossola
39,44,3,39,42,9,78,86,12,Torre San Patrizio
16,11,7,21,37,8,37,48,15,San Pancrazio Salentino
1,2,0,1,2,0,2,4,0,Casalvecchio Siculo
82,85,1,85,87,14,167,172,15,Poncarale
3,5,1,4,6,1,7,11,2,Monterchi
15,12,4,12,28,12,27,40,16,Rosignano Marittimo
0,0,0,0,1,0,0,1,0,Pozzaglia Sabina
2,2,2,1,12,1,3,14,3,Arpaise
15,17,2,19,16,4,34,33,6,Salara
84,83,7,84,67,13,168,150,20,Isola Vicentina
41,32,7,43,47,13,84,79,20,Gossolengo
85,74,12,78,97,18,163,171,30,Trezzano Rosa
105,88,17,104,82,19,209,170,36,Casaleone
13,11,1,16,13,2,29,24,3,Torrice
11,11,1,15,14,2,26,25,3,Trovo
3,4,1,1,5,1,4,9,2,Ponte Nizza
29,31,0,27,16,1,56,47,1,Montegaldella
4,3,0,3,7,2,7,10,2,Scaletta Zanclea
96,78,14,84,94,14,180,172,28,Avola
29,37,4,40,42,9,69,79,13,Montorio Romano
21,17,7,26,47,4,47,64,11,Frattaminore
7,9,0,9,7,3,16,16,3,Vigolo
0,0,0,0,2,1,0,2,1,Caspoggio
159,166,15,173,182,30,332,348,45,Torre Boldone
8,11,2,10,10,0,18,21,2,Cortiglione
20,16,3,25,26,4,45,42,7,San Lorenzo al Mare
0,0,0,0,1,0,0,1,0,Pedesina
5,10,1,7,19,1,12,29,2,Ronago
27,30,5,43,18,8,70,48,13,Massa Fermana
53,74,11,47,92,12,100,166,23,Azzate
9,11,1,9,10,1,18,21,2,Cazzago Brabbia
13,33,5,44,126,34,57,159,39,San Giorgio a Cremano
0,1,0,0,2,1,0,3,1,Torrioni
4,0,0,3,2,0,7,2,0,Stio
76,77,4,68,87,14,144,164,18,Marnate
0,0,0,4,2,0,4,2,0,Capizzi
6,3,0,10,12,3,16,15,3,Petralia Sottana
34,31,5,56,73,4,90,104,9,Porto Torres
1,1,2,2,6,6,3,7,8,Marciana
6,9,2,8,16,3,14,25,5,Atella
190,181,29,211,259,36,401,440,65,Porto Mantovano
15,26,5,18,23,6,33,49,11,Besenello
0,1,0,1,1,0,1,2,0,Serralunga di Crea
281,257,21,274,257,37,555,514,58,Broni
0,1,0,1,3,1,1,4,1,Nemoli
4,7,1,6,9,2,10,16,3,San Cristoforo
71,65,4,57,88,19,128,153,23,San Prospero
2,2,0,4,10,1,6,12,1,Samatzai
9,5,0,5,12,5,14,17,5,Calvello
90,76,5,108,118,18,198,194,23,Minerbio
212,270,19,221,239,43,433,509,62,Sesto Calende
15,18,1,18,24,1,33,42,2,Eupilio
24,43,1,18,20,2,42,63,3,Cavaglio d'Agogna
1,0,0,1,1,0,2,1,0,Prasco
52,45,4,44,44,4,96,89,8,Santa Maria di Sala
396,363,37,425,289,47,821,652,84,Calcinato
6,9,2,15,19,4,21,28,6,Faedis
2,2,0,4,5,0,6,7,0,Bossico
79,67,7,105,116,20,184,183,27,Ceccano
3,9,2,9,8,1,12,17,3,Villanova d'Ardenghi
2,0,0,3,5,1,5,5,1,Santa Margherita di Staffora
73,79,11,83,63,9,156,142,20,Mairano
28,40,6,33,51,5,61,91,11,Limone sul Garda
18,21,2,13,27,7,31,48,9,Cavriglia
201,151,6,215,153,12,416,304,18,Belgioioso
132,147,18,142,163,32,274,310,50,Casteggio
125,134,39,119,176,40,244,310,79,Laveno-Mombello
10,12,0,11,5,1,21,17,1,Rezzago
20,15,0,11,17,3,31,32,3,Tagliolo Monferrato
18,22,3,19,19,5,37,41,8,Vignale Monferrato
12,18,0,17,14,0,29,32,0,Rocca di Botte
3,2,0,1,9,4,4,11,4,Montesano Salentino
0,2,1,0,4,2,0,6,3,Sant'Ambrogio sul Garigliano
47,38,12,36,46,20,83,84,32,Albissola Marina
12,2,3,5,4,4,17,6,7,Miranda
3,1,0,2,7,2,5,8,2,Taranta Peligna
25,24,2,35,26,5,60,50,7,San Giorgio a Liri
156,139,12,156,173,22,312,312,34,Poggio a Caiano
57,58,5,64,64,8,121,122,13,Airasca
8,7,4,10,5,2,18,12,6,Cessapalombo
0,1,0,0,4,0,0,5,0,Rocca Santa Maria
0,1,0,0,1,0,0,2,0,Carpineto della Nora
0,0,0,0,0,0,0,0,0,Bormida
8,4,0,8,17,4,16,21,4,Castelforte
282,324,22,309,358,35,591,682,57,Giussano
8,6,0,12,28,4,20,34,4,San Cipriano Picentino
1,2,0,3,3,0,4,5,0,Albaredo Arnaboldi
8,5,0,8,7,2,16,12,2,Raveo
390,305,33,365,227,36,755,532,69,Castrezzato
7,5,1,13,16,5,20,21,6,Alezio
44,35,13,43,47,14,87,82,27,Pozzolengo
44,51,2,42,41,5,86,92,7,Berlingo
215,203,20,185,150,24,400,353,44,Trissino
102,106,10,102,90,19,204,196,29,Montespertoli
87,119,7,94,109,7,181,228,14,Gallicano nel Lazio
223,175,12,214,171,31,437,346,43,Reggiolo
2,1,0,1,1,0,3,2,0,Olivola
22,20,10,25,30,18,47,50,28,Porto Valtravaglia
116,107,14,125,112,17,241,219,31,Aulla
3,3,2,1,4,0,4,7,2,Monfumo
18,10,2,16,30,5,34,40,7,Sovicille
100,91,10,91,103,24,191,194,34,Fiscaglia
35,26,3,16,26,4,51,52,7,Cingia de' Botti
7,5,0,7,9,1,14,14,1,Gombito
7,6,0,8,12,1,15,18,1,Torricella Peligna
0,1,0,1,6,1,1,7,1,Jacurso
86,83,18,93,97,25,179,180,43,Tricesimo
19,24,1,21,16,2,40,40,3,Barni
104,146,15,152,158,33,256,304,48,Castellarano
22,19,4,29,20,4,51,39,8,Pianfei
0,2,0,1,4,0,1,6,0,Feisoglio
1,1,0,1,1,0,2,2,0,Montezemolo
0,0,2,0,7,0,0,7,2,Lisio
2,0,0,0,2,2,2,2,2,Camerata Cornello
55,47,20,55,71,31,110,118,51,Menaggio
22,25,6,25,44,7,47,69,13,Uscio
27,20,1,14,30,5,41,50,6,Teglio Veneto
1,1,0,3,11,2,4,12,2,Frasso Telesino
9,18,1,11,19,2,20,37,3,Liveri
11,9,1,11,8,4,22,17,5,Fragneto Monforte
4,3,2,3,25,1,7,28,3,Praiano
116,145,18,129,265,55,245,410,73,Ischia
7,13,4,4,7,3,11,20,7,Savogna d'Isonzo
43,56,8,59,60,11,102,116,19,Sovizzo
3,6,0,3,4,1,6,10,1,Buriasco
17,24,1,25,21,0,42,45,1,Limatola
6,8,2,2,19,7,8,27,9,San Martino Valle Caudina
144,149,18,155,202,52,299,351,70,Borgosesia
6,3,0,3,6,0,9,9,0,Lamporo
7,2,1,7,5,0,14,7,1,Monteverde
0,1,1,2,5,0,2,6,1,Laerru
44,39,6,68,103,14,112,142,20,Lentini
2,1,0,0,1,0,2,2,0,Maccastorna
83,68,13,110,251,41,193,319,54,Formia
167,165,43,179,309,73,346,474,116,Giulianova
16,19,1,11,17,2,27,36,3,Ospedaletto
46,46,6,39,53,18,85,99,24,Bagno di Romagna
1,9,1,7,19,1,8,28,2,Massa di Somma
11,12,3,11,8,4,22,20,7,Casorzo
74,74,11,99,106,23,173,180,34,Ponte Buggianese
7,9,4,4,12,4,11,21,8,Colleretto Giacosa
18,18,4,21,25,7,39,43,11,Cervarese Santa Croce
5,5,0,9,3,1,14,8,1,Alzano Scrivia
13,11,2,7,14,2,20,25,4,Inarzo
56,55,5,49,48,7,105,103,12,Lurago Marinone
16,10,0,16,12,0,32,22,0,Bitti
2,0,0,1,3,0,3,3,0,Palazzo Adriano
101,95,13,102,180,19,203,275,32,Augusta
30,31,0,48,27,6,78,58,6,Andezeno
102,88,10,90,101,22,192,189,32,Torrita di Siena
17,20,4,18,54,9,35,74,13,Crispiano
559,496,64,587,481,97,1146,977,161,Castel San Giovanni
421,405,33,445,418,39,866,823,72,Mortara
3,3,0,2,1,2,5,4,2,Casalino
8,7,3,10,6,4,18,13,7,Piana Crixia
0,0,0,0,1,0,0,1,0,Longone Sabino
2,3,0,8,5,0,10,8,0,Cerveno
142,118,26,108,160,34,250,278,60,Todi
25,16,2,17,19,5,42,35,7,Bargagli
75,68,14,74,72,8,149,140,22,Sannicandro di Bari
13,4,1,10,17,2,23,21,3,Alessano
85,75,8,75,92,11,160,167,19,Chignolo Po
25,26,4,31,52,7,56,78,11,Villafranca Tirrena
1,0,1,0,3,0,1,3,1,Flussio
4,3,1,8,2,0,12,5,1,Ottana
21,15,1,31,43,8,52,58,9,Tremestieri Etneo
1,2,0,3,6,2,4,8,2,Marianopoli
5,4,2,4,2,2,9,6,4,Piscinas
0,0,0,0,0,0,0,0,0,Monteleone Rocca Doria
8,4,1,12,5,0,20,9,1,Casalbore
39,39,3,28,21,0,67,60,3,Petrosino
35,56,4,47,96,16,82,152,20,Baronissi
12,15,2,17,26,4,29,41,6,Cagnano Varano
44,55,10,46,82,15,90,137,25,Piedimonte Matese
95,99,3,107,72,9,202,171,12,Airuno
0,1,0,0,3,3,0,4,3,Fordongianus
5,1,1,2,5,0,7,6,1,Onifai
29,27,1,43,22,4,72,49,5,Locatello
55,39,7,63,41,14,118,80,21,Introbio
27,20,4,22,46,6,49,66,10,Canicattini Bagni
2,3,0,2,3,0,4,6,0,Mongiuffi Melia
57,39,5,46,32,9,103,71,14,Livraga
46,51,3,37,75,6,83,126,9,Caponago
3,7,0,4,12,5,7,19,5,Calvi dell'Umbria
35,35,3,59,42,8,94,77,11,Pollenza
27,33,5,30,79,9,57,112,14,Calvizzano
1,1,0,5,2,0,6,3,0,Dorio
0,2,0,0,3,1,0,5,1,Apollosa
2,1,0,3,7,0,5,8,0,Piana di Monte Verna
1,1,0,2,0,0,3,1,0,Anela
109,97,7,119,113,7,228,210,14,Monterosi
0,2,0,1,5,1,1,7,1,Tissi
3,0,0,0,1,0,3,1,0,Arola
236,311,25,228,287,25,464,598,50,Marcellina
35,27,3,46,81,10,81,108,13,Giffoni Valle Piana
3,0,1,2,3,1,5,3,2,Salle
1,2,0,1,5,0,2,7,0,Roccagloriosa
0,0,0,0,2,0,0,2,0,Brittoli
89,88,8,82,99,19,171,187,27,Felino
14,14,0,23,19,2,37,33,2,Cortenova
3,1,1,4,4,1,7,5,2,San Giorgio La Molara
546,613,59,590,748,115,1136,1361,174,Seregno
23,13,3,29,41,9,52,54,12,San Pietro Vernotico
296,278,27,260,236,39,556,514,66,Valmadrera
1,1,0,1,2,1,2,3,1,Francolise
45,49,5,64,70,8,109,119,13,Sgurgola
6,6,1,3,6,0,9,12,1,Carinola
12,16,2,24,18,0,36,34,2,Sant'Ippolito
163,176,9,164,178,22,327,354,31,Vigasio
1,2,0,1,5,0,2,7,0,Grezzana
128,116,7,120,111,25,248,227,32,Soncino
98,94,10,105,87,10,203,181,20,Agnadello
41,55,3,49,47,5,90,102,8,Brogliano
35,24,0,30,30,4,65,54,4,Terrazzo
153,122,9,142,100,13,295,222,22,Cividate al Piano
17,17,1,22,19,2,39,36,3,Mercatello sul Metauro
3,5,0,4,7,2,7,12,2,Langosco
19,13,3,13,19,5,32,32,8,Zeme
3,4,1,6,10,3,9,14,4,Villa di Chiavenna
86,132,19,101,96,15,187,228,34,San Giorgio di Nogaro
14,12,1,10,12,4,24,24,5,Borca di Cadore
46,39,3,34,38,3,80,77,6,Pressana
6,8,0,12,10,2,18,18,2,Alonte
33,26,4,20,42,4,53,68,8,Sospiro
0,0,1,0,3,0,0,3,1,Orero
247,264,25,245,191,17,492,455,42,Fonte
22,16,1,18,32,9,40,48,10,Masone
5,7,2,7,8,1,12,15,3,Montebuono
2,5,1,2,4,0,4,9,1,Erbezzo
126,278,33,96,204,39,222,482,72,San Nicola la Strada
6,12,2,16,17,4,22,29,6,Muro Leccese
0,4,1,3,2,0,3,6,1,Rognano
0,1,1,3,1,0,3,2,1,Montesegale
25,19,4,21,26,8,46,45,12,Quingentole
40,59,2,65,55,4,105,114,6,Cenate Sotto
23,15,0,23,19,2,46,34,2,Villanova Marchesana
376,381,34,367,389,67,743,770,101,Meda
10,16,5,14,14,7,24,30,12,Cisano sul Neva
24,24,6,45,70,17,69,94,23,Albinea
49,36,5,42,30,10,91,66,15,Baldichieri d'Asti
108,103,6,108,104,11,216,207,17,Villaverla
1,5,0,1,2,0,2,7,0,Villaga
31,35,5,46,23,5,77,58,10,Megliadino San Vitale
2,0,0,0,3,0,2,3,0,Omignano
3,1,0,2,3,0,5,4,0,Molina Aterno
6,8,1,6,5,2,12,13,3,Losine
2,2,0,3,3,1,5,5,1,Montecorice
29,23,0,27,26,3,56,49,3,San Gregorio d'Ippona
5,5,1,7,20,5,12,25,6,Castelsardo
2,1,1,3,8,2,5,9,3,Sardara
0,0,0,0,1,0,0,1,0,Callabiana
595,814,49,609,501,45,1204,1315,94,Vittoria
5,1,0,4,5,1,9,6,1,Castronovo di Sicilia
1,6,0,2,7,9,3,13,9,Bruzzano Zeffirio
4,10,0,13,4,1,17,14,1,Formigliana
0,0,0,0,1,0,0,1,0,Pietraroja
5,4,0,8,4,1,13,8,1,Mombello di Torino
67,79,8,76,68,9,143,147,17,Botricello
53,48,3,52,48,9,105,96,12,Cervaro
41,37,5,33,40,7,74,77,12,Denno
38,36,3,29,24,8,67,60,11,Castagneto Carducci
179,149,21,183,224,46,362,373,67,Pontassieve
3,1,0,8,12,1,11,13,1,Torralba
1,1,0,0,3,0,1,4,0,San Vero Milis
19,18,4,32,28,12,51,46,16,Barile
11,14,3,10,30,5,21,44,8,Campagna
36,33,4,34,54,5,70,87,9,Casola Valsenio
7,11,1,15,14,4,22,25,5,Prignano sulla Secchia
40,48,2,47,53,0,87,101,2,Allumiere
13,10,1,18,20,5,31,30,6,Acerenza
30,41,4,41,54,2,71,95,6,Rosolina
0,0,0,0,0,0,0,0,0,Vallarsa
3,11,3,9,27,5,12,38,8,Stigliano
48,54,8,65,70,14,113,124,22,Vernio
12,7,1,11,11,6,23,18,7,Scheggia e Pascelupo
47,47,2,43,60,5,90,107,7,Poggio Imperiale
1,0,0,2,1,0,3,1,0,Anoia
66,79,5,57,102,18,123,181,23,Siderno
0,0,1,0,0,1,0,0,2,Valfornace
20,17,1,18,25,2,38,42,3,Palazzolo Vercellese
3,2,0,2,7,0,5,9,0,Tambre
7,4,1,4,4,0,11,8,1,Branzi
9,14,0,8,3,0,17,17,0,Sanza
29,24,3,29,21,5,58,45,8,Malonno
1,0,0,3,5,1,4,5,1,Cimbergo
135,119,16,150,158,29,285,277,45,Badia Polesine
62,41,11,45,41,6,107,82,17,Pieve di Teco
5,9,0,4,12,1,9,21,1,Palazzuolo sul Senio
5,3,0,6,9,0,11,12,0,Fiastra
32,54,5,25,32,7,57,86,12,Bitetto
4,3,0,4,5,0,8,8,0,Lappano
89,102,5,107,73,14,196,175,19,Castelvetro di Modena
23,29,6,14,40,11,37,69,17,Caldonazzo
1,3,0,5,12,1,6,15,1,Mele
66,50,7,48,64,8,114,114,15,Gavi
5,1,0,1,2,0,6,3,0,San Pietro Avellana
2,3,0,7,5,1,9,8,1,Monsampietro Morico
16,13,1,15,29,1,31,42,2,Trana
0,3,3,4,8,2,4,11,5,Camerota
16,13,2,17,40,7,33,53,9,Crevoladossola
135,128,14,144,111,20,279,239,34,Cortemaggiore
36,23,1,29,32,4,65,55,5,Castel del Rio
8,9,0,8,19,4,16,28,4,Terricciola
213,202,21,221,279,52,434,481,73,Mirano
614,535,44,662,636,93,1276,1171,137,Mirandola
354,375,42,316,343,61,670,718,103,Albenga
2,5,2,9,8,3,11,13,5,Vernante
53,46,7,81,108,41,134,154,48,Copparo
87,98,7,99,99,12,186,197,19,Sona
3,2,2,4,5,2,7,7,4,Casola in Lunigiana
0,2,1,4,4,1,4,6,2,Francavilla Angitola
0,1,0,0,1,0,0,2,0,Montefelcino
120,120,14,132,117,21,252,237,35,Serramazzoni
20,15,1,14,30,3,34,45,4,Quiliano
0,0,0,0,0,1,0,0,1,Craco
15,1,2,7,10,2,22,11,4,Salandra
5,6,1,4,6,2,9,12,3,San Leo
8,6,1,5,10,2,13,16,3,Vauda Canavese
142,144,15,146,141,15,288,285,30,Pratovecchio Stia
0,0,0,0,1,0,0,1,0,Gosaldo
8,15,0,13,15,3,21,30,3,Sanfront
186,195,14,229,154,21,415,349,35,Trino
2,1,1,0,5,1,2,6,2,Ronsecco
0,0,0,0,0,0,0,0,0,Valleve
2,2,1,4,2,1,6,4,2,Montaguto
7,12,1,10,27,5,17,39,6,Contrada
3,2,0,1,7,0,4,9,0,San Mauro la Bruca
4,4,0,5,4,3,9,8,3,San Mauro Cilento
177,207,14,206,191,21,383,398,35,Fino Mornasco
2,0,0,0,1,0,2,1,0,Morbello
22,20,1,25,31,4,47,51,5,Cartura
176,158,18,157,144,16,333,302,34,Castel d'Ario
3,4,0,3,5,2,6,9,2,Cerete
39,41,8,49,27,10,88,68,18,Nibionno
2,2,2,2,3,0,4,5,2,Gioia Sannitica
1,1,0,3,3,0,4,4,0,Aiello del Sabato
10,11,4,11,20,2,21,31,6,Maltignano
2,2,0,2,10,1,4,12,1,Salcito
1,1,0,2,3,0,3,4,0,Gaby
115,122,13,120,81,10,235,203,23,Gambara
8,10,1,7,11,2,15,21,3,Albonese
5,6,3,6,15,1,11,21,4,Vezzano Ligure
10,6,1,12,20,1,22,26,2,Moliterno
18,28,1,23,19,1,41,47,2,Castegnero
5,12,2,10,21,2,15,33,4,Acuto
16,23,1,30,27,3,46,50,4,Scurcola Marsicana
0,0,0,1,1,1,1,1,1,Cortazzone
0,0,0,0,1,1,0,1,1,Conca Casale
2,1,0,4,0,0,6,1,0,Torrebruna
1,4,0,2,4,1,3,8,1,Ocre
808,778,73,896,990,155,1704,1768,228,Jesi
5,9,0,7,7,2,12,16,2,Casaprota
32,32,2,41,37,9,73,69,11,Tito
19,21,1,19,34,2,38,55,3,Correzzana
8,14,6,8,17,4,16,31,10,Domaso
7,7,1,13,30,11,20,37,12,Trecase
2,1,0,1,4,1,3,5,1,Ravascletto
4,6,1,7,15,5,11,21,6,Cornale e Bastida
190,149,12,194,116,27,384,265,39,Vestone
8,18,1,15,12,3,23,30,4,Strozza
80,69,10,85,92,12,165,161,22,Genazzano
51,59,6,55,46,7,106,105,13,San Pietro Mussolino
202,172,14,193,207,27,395,379,41,Botticino
8,4,0,7,2,0,15,6,0,Campiglione Fenile
161,157,16,167,138,26,328,295,42,Cerano
7,6,0,6,8,1,13,14,1,Etroubles
16,17,4,19,16,5,35,33,9,Spinetoli
65,63,7,65,66,11,130,129,18,Mondolfo
3,5,1,11,6,0,14,11,1,Cerreto di Spoleto
31,39,0,29,36,10,60,75,10,Castellina in Chianti
55,51,8,51,72,18,106,123,26,San Felice del Benaco
4,2,1,5,9,2,9,11,3,Grosotto
12,17,3,23,32,10,35,49,13,Grassano
44,27,4,31,50,6,75,77,10,Cantello
48,78,7,66,151,20,114,229,27,Quarto
24,30,5,33,32,5,57,62,10,Rotondi
122,124,8,129,92,12,251,216,20,Massanzago
435,408,29,442,477,53,877,885,82,Magenta
6,7,1,5,8,4,11,15,5,Cazzano Sant'Andrea
1,3,1,2,1,1,3,4,2,Monastero di Vasco
18,16,2,14,25,4,32,41,6,San Gillio
0,1,0,3,3,0,3,4,0,Casaleggio Boiro
4,2,0,2,3,0,6,5,0,Quinto Vercellese
5,9,0,2,3,0,7,12,0,Robecco Pavese
0,0,0,1,0,0,1,0,0,Turrivalignani
2,3,3,0,9,3,2,12,6,Ameno
103,122,15,125,120,28,228,242,43,Boves
0,0,0,0,0,0,0,0,0,Massello
2,1,3,3,6,1,5,7,4,Borriana
0,1,0,0,2,0,0,3,0,Scala
1,3,0,1,2,1,2,5,1,Alpette
91,116,6,120,137,20,211,253,26,Druento
24,26,1,23,28,3,47,54,4,San Cipirello
15,15,4,30,38,4,45,53,8,Balestrate
31,25,0,35,44,4,66,69,4,Paceco
1,3,1,0,2,1,1,5,2,Gonnoscodina
0,0,1,0,4,2,0,4,3,Donori
2,0,0,3,3,0,5,3,0,Suelli
1,1,0,0,3,0,1,4,0,Teti
327,339,15,361,367,47,688,706,62,Nova Milanese
1,1,2,4,4,1,5,5,3,Senerchia
1,2,0,2,2,0,3,4,0,Caposele
73,69,4,80,71,13,153,140,17,Sordio
133,111,18,150,110,18,283,221,36,Olgiate Molgora
1,0,0,0,0,2,1,0,2,Civitaluparella
67,48,5,53,54,9,120,102,14,Castiglione d'Adda
40,43,3,49,26,5,89,69,8,Sirone
9,7,0,11,12,3,20,19,3,Collepardo
0,0,0,1,4,1,1,4,1,Villasalto
72,83,13,65,87,5,137,170,18,Orosei
6,4,0,8,14,0,14,18,0,Campofranco
10,13,3,12,34,7,22,47,10,San Gregorio di Catania
5,6,0,12,8,0,17,14,0,Raddusa
6,6,3,4,9,3,10,15,6,Sinagra
3,1,0,3,3,1,6,4,1,San Mauro Castelverde
155,123,9,168,169,23,323,292,32,Floridia
5,5,0,10,12,1,15,17,1,Cassaro
20,24,4,24,37,3,44,61,7,Barrafranca
1,1,0,3,6,2,4,7,2,Platania
2,1,1,0,5,2,2,6,3,Serrone
8,7,0,11,20,3,19,27,3,Fauglia
0,0,0,0,5,0,0,5,0,Siamanna
0,0,0,0,2,0,0,2,0,Nurallao
3,2,0,1,2,0,4,4,0,Perdaxius
76,67,5,78,72,11,154,139,16,Grottazzolina
71,79,11,85,102,13,156,181,24,Busnago
47,51,5,58,64,10,105,115,15,Cappelle sul Tavo
59,58,13,64,49,9,123,107,22,Gaiole in Chianti
12,18,3,22,22,9,34,40,12,Celico
451,373,52,410,371,57,861,744,109,Montemurlo
8,12,3,3,19,4,11,31,7,Belgirate
34,31,2,34,54,15,68,85,17,Vigarano Mainarda
0,6,0,0,2,0,0,8,0,Cino
70,69,6,80,59,5,150,128,11,Pojana Maggiore
84,94,12,96,153,25,180,247,37,Fiuggi
254,288,34,281,366,49,535,654,83,Novate Milanese
87,79,5,76,71,15,163,150,20,Volano
90,96,11,88,107,13,178,203,24,Caprino Veronese
13,10,1,10,13,4,23,23,5,Castello-Molina di Fiemme
16,13,3,21,23,6,37,36,9,Sanluri
90,61,9,72,65,15,162,126,24,Roccastrada
10,10,1,13,14,1,23,24,2,Molveno
28,30,6,27,37,8,55,67,14,Cassacco
13,12,2,14,17,6,27,29,8,Casale Marittimo
102,119,8,121,117,12,223,236,20,San Zeno Naviglio
12,16,1,17,33,7,29,49,8,Ragogna
4,4,0,25,26,2,29,30,2,Fontanarosa
15,15,5,16,36,3,31,51,8,Valmorea
2,1,0,5,3,1,7,4,1,Villa Sant'Angelo
1,0,0,0,0,0,1,0,0,Vizzola Ticino
134,107,11,120,103,16,254,210,27,Bozzolo
1,0,1,1,1,2,2,1,3,Trivigliano
32,37,6,39,33,9,71,70,15,Bereguardo
151,171,9,176,157,22,327,328,31,Stra
31,22,2,23,24,1,54,46,3,Bastida Pancarana
23,18,3,20,30,2,43,48,5,Arba
35,32,3,39,34,7,74,66,10,Bosisio Parini
3,2,1,2,6,0,5,8,1,Vidracco
7,7,1,9,34,3,16,41,4,Aidone
3,5,1,11,16,2,14,21,3,Atrani
433,371,61,425,391,90,858,762,151,Umbertide
81,97,21,65,161,46,146,258,67,Orvieto
34,46,0,57,43,4,91,89,4,Mesoraca
6,5,0,2,8,1,8,13,1,Ricadi
35,57,4,34,64,20,69,121,24,Nicotera
0,1,0,3,1,0,3,2,0,Montegioco
9,5,2,8,4,1,17,9,3,Sanzeno
475,549,55,549,770,110,1024,1319,165,Marino
152,192,21,164,200,37,316,392,58,Medicina
0,2,0,1,1,3,1,3,3,Roccavivara
10,4,0,5,8,0,15,12,0,Frascaro
284,274,27,311,281,43,595,555,70,Crevalcore
21,11,1,26,7,2,47,18,3,Riace
4,2,0,4,8,0,8,10,0,Ovodda
4,2,0,2,4,0,6,6,0,Roccella Valdemone
0,1,0,1,7,0,1,8,0,Sutera
2,3,1,4,9,0,6,12,1,Morino
0,4,0,1,2,0,1,6,0,Issime
25,30,16,31,52,18,56,82,34,Carlazzo
12,7,1,10,10,1,22,17,2,Torrevecchia Teatina
7,13,3,13,19,4,20,32,7,Montalenghe
15,8,0,7,12,4,22,20,4,Monteu da Po
4,6,0,7,9,1,11,15,1,Ceres
0,0,0,0,2,0,0,2,0,Ollolai
341,317,42,304,309,55,645,626,97,Comiso
0,0,0,0,0,0,0,0,0,Ailoche
30,20,1,30,35,3,60,55,4,Casteldaccia
1,2,0,2,4,1,3,6,1,Bonarcado
9,6,3,15,9,5,24,15,8,Caulonia
50,55,2,67,58,6,117,113,8,Dimaro Folgarida
13,19,3,14,15,6,27,34,9,Ascea
478,538,83,479,677,172,957,1215,255,Senigallia
20,12,0,17,22,7,37,34,7,Guardea
2,4,3,5,9,3,7,13,6,Esperia
2,1,0,0,5,2,2,6,2,Trontano
0,0,0,0,0,1,0,0,1,Valgoglio
25,4,0,1,3,0,26,7,0,San Pietro Apostolo
279,279,30,267,304,61,546,583,91,Certaldo
0,0,0,3,8,1,3,8,1,Chiaromonte
1,0,1,2,6,4,3,6,5,Arzana
0,3,0,2,3,0,2,6,0,Belmonte Calabro
45,62,15,46,109,17,91,171,32,Santa Teresa Gallura
3,2,0,2,5,1,5,7,1,Baragiano
270,231,29,265,291,39,535,522,68,Cittadella
8,3,1,10,14,2,18,17,3,Santa Severina
26,34,4,36,62,8,62,96,12,Marina di Gioiosa Ionica
654,655,66,729,922,168,1383,1577,234,Casalecchio di Reno
161,190,11,175,202,20,336,392,31,Capena
4,3,0,2,7,1,6,10,1,Schiavi di Abruzzo
2,6,2,9,14,5,11,20,7,Statte
3,10,0,8,12,4,11,22,4,Mendicino
12,15,1,23,28,6,35,43,7,Radda in Chianti
210,226,26,233,264,53,443,490,79,Cordenons
46,38,8,47,103,23,93,141,31,Monte Argentario
1,0,1,0,0,0,1,0,1,Villamiroglio
46,22,2,40,41,12,86,63,14,Amandola
71,68,11,73,74,11,144,142,22,Vicchio
21,27,2,16,25,7,37,52,9,Pieve Fosciana
10,18,1,16,24,2,26,42,3,Soriano Calabro
109,80,11,101,128,19,210,208,30,Deruta
1,1,1,0,0,3,1,1,4,Trambileno
0,1,0,2,3,2,2,4,2,Taleggio
120,120,13,120,159,14,240,279,27,Nepi
191,251,18,271,396,74,462,647,92,Chioggia
282,255,37,271,282,57,553,537,94,Alzano Lombardo
2,3,1,7,6,1,9,9,2,Chiusi della Verna
266,281,35,243,196,32,509,477,67,Vobarno
7,6,5,9,20,1,16,26,6,Morciano di Leuca
257,280,30,293,299,69,550,579,99,Malnate
52,59,8,54,67,14,106,126,22,Pieve di Cadore
0,1,2,0,2,2,0,3,4,Settefrati
12,12,0,9,25,2,21,37,2,San Bartolomeo in Galdo
24,28,3,29,22,4,53,50,7,Toano
47,36,1,47,49,12,94,85,13,Argelato
4,12,0,10,18,4,14,30,4,Valdengo
0,0,0,0,1,0,0,1,0,Curino
5,2,0,6,10,0,11,12,0,Claut
3,4,0,2,9,2,5,13,2,Cellarengo
336,285,38,340,321,90,676,606,128,Feltre
61,55,8,76,68,13,137,123,21,Manta
29,16,5,23,24,6,52,40,11,Baiso
7,6,1,4,7,0,11,13,1,Levone
115,118,10,115,124,21,230,242,31,Luserna San Giovanni
15,12,0,10,12,0,25,24,0,Vezza d'Oglio
93,62,4,88,84,8,181,146,12,Copertino
18,12,2,14,25,4,32,37,6,Candela
9,14,4,12,20,2,21,34,6,Ischitella
4,4,0,2,2,1,6,6,1,Serrastretta
22,22,2,17,37,6,39,59,8,Acquaviva Picena
38,49,4,57,59,9,95,108,13,Cortemilia
0,0,0,2,6,1,2,6,1,Schilpario
0,1,0,0,3,1,0,4,1,Livinallongo del Col di Lana
0,0,0,0,0,0,0,0,0,Vocca
20,18,3,14,27,7,34,45,10,Armeno
6,6,0,5,15,4,11,21,4,Domicella
194,189,17,191,188,35,385,377,52,Arluno
54,42,5,39,36,7,93,78,12,San Maurizio d'Opaglio
11,11,0,17,16,0,28,27,0,Gaiba
14,10,0,16,9,0,30,19,0,Inverno e Monteleone
1,1,0,0,2,0,1,3,0,Montebruno
4,3,1,5,7,4,9,10,5,Crosio della Valle
1,1,0,0,0,0,1,1,0,Oyace
42,45,13,45,60,18,87,105,31,Comerio
42,42,4,46,47,6,88,89,10,Castiglion Fibocchi
36,43,3,41,36,4,77,79,7,Ortovero
0,0,0,0,1,0,0,1,0,Montechiaro d'Acqui
4,1,0,5,4,1,9,5,1,Secinaro
57,48,1,68,42,5,125,90,6,Albuzzano
6,6,5,9,7,3,15,13,8,Ari
2,2,0,5,5,3,7,7,3,Palanzano
1,2,0,1,2,0,2,4,0,Cinte Tesino
3,5,1,10,5,1,13,10,2,Deiva Marina
75,85,5,85,81,9,160,166,14,Liscate
751,757,54,687,773,96,1438,1530,150,Desio
3,7,1,11,7,1,14,14,2,Mozzagrogna
17,16,1,16,18,0,33,34,1,Azzio
3,3,0,5,10,1,8,13,1,Vibonati
121,118,14,144,130,26,265,248,40,Casalgrande
3,4,0,4,14,0,7,18,0,Sante Marie
5,9,1,13,21,7,18,30,8,Canaro
0,0,0,1,1,0,1,1,0,Cantalupo nel Sannio
13,13,2,14,24,3,27,37,5,San Paolo Bel Sito
2,4,0,4,4,1,6,8,1,Cinaglio
96,100,15,115,151,23,211,251,38,Avigliana
7,5,1,3,11,1,10,16,2,Chiomonte
9,13,3,13,16,1,22,29,4,Sizzano
10,9,2,8,9,1,18,18,3,Brione
52,49,10,39,69,24,91,118,34,Porto Ceresio
0,0,0,0,0,0,0,0,0,Balme
7,4,3,6,10,4,13,14,7,Montecatini Val di Cecina
134,112,16,125,111,25,259,223,41,Nuvolento
0,4,0,4,7,0,4,11,0,Tarano
41,28,9,35,36,8,76,64,17,Scafa
20,16,3,20,20,8,40,36,11,Corigliano d'Otranto
5,7,3,2,5,3,7,12,6,Seborga
13,13,1,17,16,3,30,29,4,Toffia
3,5,2,4,12,3,7,17,5,Forni di Sopra
5,5,2,2,5,2,7,10,4,Corsione
40,45,3,44,42,5,84,87,8,Valfenera
50,75,14,52,52,13,102,127,27,Millesimo
17,14,1,8,15,2,25,29,3,Castiglione del Genovesi
44,50,10,42,63,13,86,113,23,Pescina
9,23,4,26,17,4,35,40,8,Beregazzo con Figliaro
10,9,4,9,12,5,19,21,9,Silvano Pietra
9,2,0,13,14,4,22,16,4,Cellino San Marco
21,20,2,22,13,3,43,33,5,Sassetta
3,3,0,2,5,0,5,8,0,Montaldo Roero
61,57,8,58,64,14,119,121,22,Grinzane Cavour
47,41,7,45,29,6,92,70,13,Farigliano
16,11,1,11,13,2,27,24,3,Rocca de' Baldi
25,23,0,34,35,3,59,58,3,Foglizzo
7,9,1,5,7,3,12,16,4,Palazzo Canavese
3,1,1,0,1,2,3,2,3,Sover
2,1,0,1,1,0,3,2,0,Derovere
0,0,0,0,0,0,0,0,0,Castello dell'Acqua
213,207,10,207,132,16,420,339,26,Covo
20,16,2,20,12,4,40,28,6,Frontone
248,227,29,272,257,43,520,484,72,Gambettola
4,3,0,2,3,0,6,6,0,Zenevredo
129,165,14,111,193,16,240,358,30,Sacrofano
394,379,33,367,373,44,761,752,77,Rezzato
126,138,11,113,92,10,239,230,21,Arcene
10,6,4,5,7,4,15,13,8,Stellanello
50,99,23,47,77,18,97,176,41,Buttrio
16,16,1,19,16,3,35,32,4,Torrazza Coste
6,8,1,10,15,2,16,23,3,Lenola
43,55,9,25,28,3,68,83,12,Grazzanise
5,2,0,3,2,0,8,4,0,Arcinazzo Romano
3,1,0,5,8,2,8,9,2,Collarmele
42,50,1,57,47,9,99,97,10,Almenno San Salvatore
388,372,26,392,298,35,780,670,61,Trescore Balneario
30,23,0,35,28,5,65,51,5,Cenate Sopra
25,37,1,39,38,3,64,75,4,Sustinente
0,2,0,2,2,1,2,4,1,San Pietro di Cadore
1,5,1,2,11,4,3,16,5,Caprarica di Lecce
2,2,0,8,9,1,10,11,1,Zungoli
1,1,0,2,0,0,3,1,0,Serole
149,143,42,159,217,73,308,360,115,Luino
44,47,11,40,68,17,84,115,28,Spotorno
14,5,2,10,15,4,24,20,6,Civitella Roveto
6,15,0,15,18,1,21,33,1,Barolo
28,30,1,30,20,3,58,50,4,Canda
1,2,0,0,8,3,1,10,3,Castel Baronia
61,41,7,47,34,13,108,75,20,Pomponesco
0,0,0,0,0,0,0,0,0,Massiola
61,64,5,56,57,10,117,121,15,Feletto
12,18,3,22,15,3,34,33,6,Gerre de' Caprioli
6,4,0,6,7,0,12,11,0,Castel di Iudica
10,13,3,18,18,4,28,31,7,Collesano
0,1,0,0,1,0,0,2,0,Torre di Ruggiero
0,0,2,1,2,0,1,2,2,Pazzano
51,48,7,54,70,15,105,118,22,Primiero San Martino di Castrozza
12,4,2,9,8,1,21,12,3,Tre Ville
3,6,1,4,1,1,7,7,2,Villa San Pietro
4,5,2,12,21,6,16,26,8,Seravezza
52,52,4,69,68,7,121,120,11,Blera
20,22,3,16,20,10,36,42,13,Bettona
50,46,4,51,55,5,101,101,9,Serracapriola
17,17,4,13,28,4,30,45,8,Thiesi
12,6,1,10,14,3,22,20,4,Badesi
12,10,0,7,9,2,19,19,2,Monte Roberto
2,0,0,1,3,1,3,3,1,Rometta
1,0,0,2,3,1,3,3,1,Putifigari
93,94,12,97,73,9,190,167,21,Civitella di Romagna
293,223,14,258,220,54,551,443,68,Portomaggiore
12,11,3,13,16,4,25,27,7,Borgia
9,2,1,1,7,1,10,9,2,Neviano degli Arduini
8,9,4,16,10,4,24,19,8,Gualdo
0,2,0,1,0,0,1,2,0,Balmuccia
3,6,1,4,7,3,7,13,4,Rocchetta a Volturno
329,300,35,325,340,50,654,640,85,Valsamoggia
3,2,0,0,1,0,3,3,0,Panni
59,72,8,82,86,22,141,158,30,Monte San Pietro
5,2,2,7,6,0,12,8,2,Sinopoli
3,6,0,4,9,0,7,15,0,Miglionico
19,20,4,29,31,8,48,51,12,Basaluzzo
106,86,7,88,162,38,194,248,45,Caorle
12,14,6,17,18,12,29,32,18,Apricale
144,119,11,162,121,21,306,240,32,Anagni
3,4,1,5,5,3,8,9,4,Squillace
3,0,1,0,2,2,3,2,3,Cevo
10,4,0,11,8,3,21,12,3,San Rufo
0,0,0,2,1,0,2,1,0,Santa Brigida
168,165,13,176,182,27,344,347,40,Cavarzere
98,76,7,109,96,12,207,172,19,Bomporto
104,113,8,108,136,25,212,249,33,Pieve di Cento
180,141,17,178,156,26,358,297,43,Noicattaro
9,17,5,18,21,5,27,38,10,Dozza
22,21,3,17,28,8,39,49,11,Valduggia
23,26,1,16,25,3,39,51,4,Bosio
18,20,0,23,20,3,41,40,3,Cesana Torinese
8,3,1,5,12,0,13,15,1,Sciolze
5,2,0,2,7,3,7,9,3,Postua
19,22,2,23,19,2,42,41,4,Montereale
25,33,3,25,29,3,50,62,6,Barisciano
1,1,0,6,12,2,7,13,2,Civitanova del Sannio
6,3,2,4,18,6,10,21,8,Borno
6,9,3,6,15,7,12,24,10,Ficulle
5,11,2,6,24,10,11,35,12,Auronzo di Cadore
17,13,3,15,21,1,32,34,4,Villar Focchiardo
5,9,3,12,33,7,17,42,10,Roccapiemonte
1,2,1,2,8,1,3,10,2,Sturno
34,36,4,43,43,9,77,79,13,Maida
136,119,14,123,128,32,259,247,46,Pratola Peligna
105,100,11,122,141,35,227,241,46,Argenta
7,2,2,6,8,5,13,10,7,Alfedena
0,0,0,0,1,1,0,1,1,San Nazzaro Val Cavargna
101,108,21,133,125,27,234,233,48,Romentino
32,28,6,38,45,7,70,73,13,Pozzonovo
3,1,2,3,7,7,6,8,9,Costarainera
0,7,9,5,6,8,5,13,17,Nasino
134,131,11,155,119,22,289,250,33,Roverbella
242,212,27,224,179,36,466,391,63,Luzzara
59,57,4,55,64,12,114,121,16,Arosio
2,3,2,2,5,0,4,8,2,Gordona
12,13,3,9,15,1,21,28,4,Scaldasole
18,17,1,14,23,2,32,40,3,Pesche
4,2,1,5,2,2,9,4,3,Anzola d'Ossola
5,7,0,9,6,0,14,13,0,Mezzano
43,34,8,40,42,5,83,76,13,Nanto
41,34,0,38,25,1,79,59,1,Vigano San Martino
154,137,11,127,206,35,281,343,46,Angri
20,17,3,35,67,15,55,84,18,San Giorgio del Sannio
2,2,0,1,2,1,3,4,1,Nibbiola
0,0,1,0,1,1,0,1,2,Briaglia
102,107,10,112,118,13,214,225,23,San Possidonio
49,44,11,56,55,5,105,99,16,Cicagna
5,3,0,5,5,0,10,8,0,Civitella Casanova
12,9,0,8,10,2,20,19,2,Borgo San Siro
27,36,0,29,26,7,56,62,7,Caslino d'Erba
0,2,0,0,3,0,0,5,0,Malborghetto Valbruna
3,2,1,3,9,0,6,11,1,San Benedetto Ullano
3,9,1,6,7,1,9,16,2,Grazzano Badoglio
15,10,5,12,14,4,27,24,9,Arvier
41,48,2,52,43,3,93,91,5,Brandico
0,1,1,0,1,3,0,2,4,Valle dell'Angelo
23,23,3,24,37,7,47,60,10,Montorfano
5,7,1,5,6,1,10,13,2,Lucoli
50,64,13,67,122,30,117,186,43,Nocera Superiore
3,0,0,1,6,0,4,6,0,Guardia Perticara
13,11,1,19,12,2,32,23,3,Masi
9,20,8,9,30,8,18,50,16,Cusago
3,5,2,1,6,4,4,11,6,Gagliano Aterno
9,4,1,6,17,1,15,21,2,Grottolella
32,31,4,32,33,6,64,64,10,Cuvio
18,21,6,20,45,5,38,66,11,Santo Stefano al Mare
5,4,1,5,10,0,10,14,1,Moruzzo
4,5,0,1,5,1,5,10,1,Belmonte Piceno
36,24,6,26,32,7,62,56,13,Ortucchio
17,13,1,16,16,0,33,29,1,Novello
1,2,1,1,2,1,2,4,2,Morimondo
268,315,26,285,421,46,553,736,72,Vimodrone
195,175,15,181,181,25,376,356,40,Fiesso d'Artico
22,18,2,18,20,4,40,38,6,San Giorio di Susa
2,2,0,4,4,1,6,6,1,Chianocco
0,0,0,1,3,0,1,3,0,Mandello Vitta
25,26,1,25,31,5,50,57,6,Cerro al Lambro
115,125,7,116,161,28,231,286,35,Boscoreale
57,57,8,57,81,10,114,138,18,Alta Valle Intelvi
15,12,3,12,13,3,27,25,6,Pieve d'Olmi
17,21,2,13,16,3,30,37,5,Sedegliano
14,30,3,24,48,6,38,78,9,Rosta
17,16,3,15,14,5,32,30,8,Persico Dosimo
7,15,1,22,17,0,29,32,1,Angiari
20,12,7,21,9,6,41,21,13,Civezza
5,7,3,14,25,4,19,32,7,Valledoria
11,8,2,18,20,3,29,28,5,Santa Venerina
1,1,2,1,2,3,2,3,5,Giuliana
24,24,5,20,35,4,44,59,9,Torrenova
5,1,1,1,10,0,6,11,1,Milena
14,22,1,27,19,3,41,41,4,Rignano Garganico
164,148,13,172,169,21,336,317,34,Usmate Velate
30,28,0,21,28,3,51,56,3,Castelnuovo Bocca d'Adda
0,1,0,2,4,1,2,5,1,Maiolo
11,12,2,12,14,6,23,26,8,Ronco Biellese
49,41,8,54,45,6,103,86,14,Borgo San Giovanni
89,100,16,120,94,13,209,194,29,Borghetto Lodigiano
4,5,0,2,6,2,6,11,2,Zumaglia
6,13,3,4,10,1,10,23,4,Varenna
4,3,0,3,2,1,7,5,1,Valle San Nicolao
3,8,2,10,8,0,13,16,2,Loceri
3,1,2,1,4,1,4,5,3,Villaperuccio
4,1,0,3,6,0,7,7,0,Barumini
2,3,1,6,8,0,8,11,1,Ortacesus
0,0,0,0,0,3,0,0,3,Borgomezzavalle
96,81,4,97,102,9,193,183,13,Castel Madama
96,102,3,95,83,3,191,185,6,Roccagorga
64,69,14,72,75,16,136,144,30,Corropoli
1,4,0,3,13,3,4,17,3,Colliano
20,19,3,31,23,2,51,42,5,Coggiola
11,12,2,19,17,6,30,29,8,Lacedonia
23,22,5,21,21,8,44,43,13,Seggiano
1,6,0,1,4,1,2,10,1,Cavedago
210,317,4,148,185,17,358,502,21,Palma Campania
0,0,0,0,1,0,0,1,0,Intragna
19,16,2,18,25,4,37,41,6,Morsano al Tagliamento
88,134,6,68,122,16,156,256,22,San Cipriano d'Aversa
83,52,10,74,45,7,157,97,17,Castelnuovo di Val di Cecina
17,19,0,18,21,3,35,40,3,Sambuci
5,26,2,17,19,3,22,45,5,Lardirago
184,151,14,136,158,38,320,309,52,Poggio Rusco
58,65,6,76,42,6,134,107,12,Veronella
154,142,8,120,143,15,274,285,23,Mozzecane
32,30,2,38,34,5,70,64,7,Montopoli di Sabina
7,10,2,9,13,2,16,23,4,Appignano del Tronto
298,322,33,324,420,55,622,742,88,Garbagnate Milanese
29,28,1,32,18,1,61,46,2,Vestenanova
9,5,0,14,4,2,23,9,2,Castione Andevenno
97,118,4,84,85,8,181,203,12,Comun Nuovo
7,9,3,5,17,4,12,26,7,Porpetto
6,1,0,2,3,0,8,4,0,Rabbi
1141,1199,147,1192,1257,263,2333,2456,410,Faenza
30,17,3,22,13,2,52,30,5,San Gregorio da Sassola
7,12,0,15,16,1,22,28,1,Ozzero
10,11,0,9,6,2,19,17,2,Mantello
106,79,20,101,123,28,207,202,48,Tirano
0,0,0,0,0,0,0,0,0,Tartano
175,157,13,187,187,33,362,344,46,Soliera
758,800,70,766,644,69,1524,1444,139,San Bonifacio
9,24,3,16,29,4,25,53,7,Roncegno Terme
27,25,3,27,44,3,54,69,6,Caltrano
2,1,0,1,1,0,3,2,0,Montorio nei Frentani
3,5,0,3,4,0,6,9,0,Rivello
62,49,19,51,67,27,113,116,46,Tuoro sul Trasimeno
20,11,3,26,36,9,46,47,12,Calimera
5,4,0,4,4,0,9,8,0,Berzo Demo
109,95,12,124,112,22,233,207,34,Marmirolo
86,66,10,81,60,19,167,126,29,Cene
386,372,32,417,385,49,803,757,81,Bovolone
72,46,13,56,46,18,128,92,31,Pedaso
2,1,0,1,1,0,3,2,0,Tonezza del Cimone
72,49,2,55,53,3,127,102,5,Tocco da Casauria
131,94,9,114,78,20,245,172,29,Casaloldo
6,15,2,9,24,3,15,39,5,Cellere
5,3,0,5,4,1,10,7,1,Longhena
7,4,3,6,13,3,13,17,6,Palombaro
16,14,2,12,36,6,28,50,8,Aquileia
140,128,20,188,192,40,328,320,60,Adria
29,25,3,29,14,5,58,39,8,Isola del Cantone
3,8,1,5,9,3,8,17,4,Rocchetta Nervina
191,187,22,192,137,35,383,324,57,Lonate Pozzolo
0,0,0,0,0,0,0,0,0,Maissana
75,41,12,60,62,9,135,103,21,Locorotondo
18,12,0,19,29,4,37,41,4,Agnone
15,17,4,24,25,4,39,42,8,Sant'Elena
4,6,1,4,6,1,8,12,2,Poggio San Lorenzo
1,4,2,2,6,1,3,10,3,Castelvetere sul Calore
15,25,2,18,58,7,33,83,9,Cimitile
10,8,2,19,24,9,29,32,11,Rodi Garganico
167,153,19,170,150,32,337,303,51,Conselice
8,13,3,16,19,1,24,32,4,Civezzano
46,79,15,50,111,25,96,190,40,Anacapri
9,3,2,4,7,0,13,10,2,Pastena
7,8,1,11,17,4,18,25,5,Villesse
10,7,0,16,8,0,26,15,0,Bolano
990,959,123,1066,1273,292,2056,2232,415,Imola
206,180,27,220,199,38,426,379,65,Conselve
42,33,6,48,45,7,90,78,13,Casalfiumanese
69,62,13,86,114,30,155,176,43,Lavena Ponte Tresa
70,56,8,74,74,17,144,130,25,Vicopisano
33,28,3,29,30,5,62,58,8,Chieve
0,0,0,0,0,0,0,0,0,Vignola-Falesina
0,3,0,1,1,0,1,4,0,Bergolo
19,12,1,21,20,2,40,32,3,Bizzarone
10,8,0,9,10,0,19,18,0,Pofi
99,97,14,114,149,26,213,246,40,Acquaviva delle Fonti
118,140,18,154,224,34,272,364,52,Montelupo Fiorentino
869,645,111,802,642,107,1671,1287,218,Altamura
4,7,4,2,8,1,6,15,5,Soveria Mannelli
109,145,23,122,156,32,231,301,55,Locri
1,3,0,4,3,0,5,6,0,Cimolais
10,9,1,12,9,1,22,18,2,Montemitro
11,8,0,6,10,1,17,18,1,Paterno
2,2,1,5,11,2,7,13,3,Vernazza
80,60,4,76,90,25,156,150,29,San Quirico d'Orcia
17,20,0,20,14,3,37,34,3,Oglianico
115,95,11,117,132,34,232,227,45,Gattinara
2,1,2,2,5,6,4,6,8,Marliana
116,99,19,129,122,18,245,221,37,Cassano delle Murge
104,69,8,86,76,14,190,145,22,Rapolano Terme
21,19,4,28,23,5,49,42,9,Fiuminata
23,15,1,22,44,16,45,59,17,Sessa Aurunca
66,58,6,72,85,13,138,143,19,Camerano
29,18,4,31,28,1,60,46,5,Capalbio
0,2,0,1,4,1,1,6,1,Radicofani
6,7,0,5,14,2,11,21,2,Dorgali
63,54,11,60,78,8,123,132,19,Palau
0,1,0,3,6,1,3,7,1,Cancellara
13,9,0,13,14,4,26,23,4,Borgorose
316,281,29,311,244,46,627,525,75,Langhirano
206,184,31,229,249,50,435,433,81,Latisana
16,13,0,22,14,5,38,27,5,Ziano di Fiemme
50,35,4,40,26,9,90,61,13,Storo
0,0,0,0,2,0,0,2,0,Viggianello
21,17,1,18,23,4,39,40,5,Pomarico
106,92,13,91,109,19,197,201,32,Sissa Trecasali
157,163,18,189,224,47,346,387,65,Budrio
42,29,9,39,69,16,81,98,25,Giovinazzo
1,2,0,2,3,0,3,5,0,Tramonti di Sopra
2,3,0,3,4,0,5,7,0,Staiti
6,6,0,3,1,1,9,7,1,Rive
532,535,59,582,645,88,1114,1180,147,Mira
6,6,0,4,3,0,10,9,0,Ceto
49,67,7,58,41,7,107,108,14,Felizzano
49,70,15,71,81,17,120,151,32,Nago-Torbole
13,11,1,16,13,1,29,24,2,Bergamasco
6,7,0,3,3,1,9,10,1,Alice Bel Colle
22,15,3,21,35,5,43,50,8,Lioni
98,91,5,98,106,7,196,197,12,Sant'Angelo in Vado
26,26,7,45,45,7,71,71,14,Rossiglione
17,10,2,13,17,2,30,27,4,Accadia
97,88,18,88,130,62,185,218,80,Varazze
182,129,17,160,138,21,342,267,38,Canneto sull'Oglio
36,43,3,36,54,7,72,97,10,Pioraco
6,6,0,12,6,4,18,12,4,Ussita
63,48,8,62,55,6,125,103,14,Moncalvo
11,7,1,6,18,2,17,25,3,Teglio
67,89,3,96,95,12,163,184,15,Livigno
11,5,1,12,4,4,23,9,5,San Giuliano del Sannio
13,19,3,10,15,1,23,34,4,Fontaneto d'Agogna
2,3,0,5,3,1,7,6,1,Montemonaco
107,114,18,102,103,26,209,217,44,Pontecurone
713,941,122,726,1041,212,1439,1982,334,Carrara
1,2,1,4,2,1,5,4,2,San Damiano Macra
46,28,3,39,47,6,85,75,9,Agugliano
93,85,11,107,92,13,200,177,24,Cingoli
2,5,1,3,32,5,5,37,6,Civitella del Tronto
53,63,8,73,79,20,126,142,28,Isola del Liri
10,9,0,6,17,6,16,26,6,Aprigliano
41,30,4,36,38,13,77,68,17,Casina
8,13,3,10,16,1,18,29,4,Niella Tanaro
339,315,33,318,312,56,657,627,89,Azzano Decimo
2,1,0,0,2,1,2,3,1,Montelongo
67,59,10,75,60,7,142,119,17,Oulx
376,359,23,393,471,42,769,830,65,Chivasso
234,300,25,270,335,43,504,635,68,Rignano Flaminio
136,143,19,139,130,25,275,273,44,Sannazzaro de' Burgondi
22,17,4,25,17,5,47,34,9,Chiusdino
14,14,1,24,26,2,38,40,3,Serre
25,21,1,37,39,8,62,60,9,Candiolo
160,133,13,155,159,27,315,292,40,Nave
52,42,4,45,51,4,97,93,8,Pescasseroli
29,28,10,28,35,7,57,63,17,Vicoforte
105,118,14,129,123,22,234,241,36,Susa
110,103,31,119,112,30,229,215,61,Bussoleno
41,39,5,40,55,12,81,94,17,Saluggia
3,8,0,5,14,0,8,22,0,Vistrorio
19,14,1,18,12,2,37,26,3,Lequio Tanaro
235,259,46,258,381,87,493,640,133,Arona
0,0,1,0,0,2,0,0,3,Nureci
0,0,0,0,2,1,0,2,1,Masullas
81,54,4,61,62,8,142,116,12,Torregrotta
0,1,0,0,0,1,0,1,1,Borutta
8,6,1,9,15,1,17,21,2,Montedoro
12,18,1,9,19,4,21,37,5,Ussana
1,2,0,0,11,0,1,13,0,Uri
2,2,2,2,8,2,4,10,4,Cardedu
4,7,1,6,6,2,10,13,3,Colle Sannita
16,11,1,6,11,3,22,22,4,Leni
2,4,0,1,1,1,3,5,1,Cottanello
37,44,7,38,31,7,75,75,14,Senna Lodigiana
4,2,0,3,4,0,7,6,0,Cessaniti
59,42,3,63,43,5,122,85,8,Pasturo
2,1,1,0,6,0,2,7,1,Nuragus
124,142,10,144,114,14,268,256,24,Osnago
28,25,1,31,35,2,59,60,3,Mussomeli
10,14,2,8,22,5,18,36,7,Valledolmo
0,0,0,5,2,1,5,2,1,Acquaviva Platani
7,5,0,4,9,3,11,14,3,Altofonte
21,14,2,12,19,9,33,33,11,Montalto Uffugo
47,38,8,44,32,1,91,70,9,Pognano
111,122,14,105,147,23,216,269,37,Caivano
18,13,1,8,15,3,26,28,4,Riardo
0,0,0,1,0,0,1,0,0,Marcetelli
2,0,0,0,1,0,2,1,0,Turri
0,0,0,0,0,0,0,0,0,Morterone
33,29,4,28,33,7,61,62,11,Ponza
32,21,1,15,22,0,47,43,1,Spongano
0,0,0,0,0,1,0,0,1,Calvera
9,12,2,12,18,3,21,30,5,Perledo
12,9,3,7,6,2,19,15,5,Netro
11,8,2,11,11,1,22,19,3,Alanno
2,0,1,6,9,3,8,9,4,Palena
24,25,2,31,25,9,55,50,11,Valfabbrica
6,10,3,11,15,2,17,25,5,Casanova Lonati
3,2,0,4,2,3,7,4,3,Santa Caterina Albanese
14,15,1,14,26,4,28,41,5,Camparada
1,3,0,3,9,2,4,12,2,Bivongi
22,26,5,33,22,1,55,48,6,Castello di Brianza
70,102,12,100,128,32,170,230,44,San Vincenzo
79,72,7,70,68,10,149,140,17,Verderio
25,19,2,20,23,4,45,42,6,Ceresara
4,2,0,5,1,0,9,3,0,Cervara di Roma
0,0,1,2,1,0,2,1,1,Filettino
11,18,2,25,20,2,36,38,4,Granze
76,93,8,78,91,6,154,184,14,San Giorgio in Bosco
43,34,4,37,32,5,80,66,9,Villanova sull'Arda
15,16,1,14,18,3,29,34,4,Povegliano
1,2,0,2,4,1,3,6,1,Raviscanina
256,275,22,270,349,57,526,624,79,Campagnano di Roma
51,47,5,49,61,12,100,108,17,Forano
24,13,1,19,24,5,43,37,6,Castel San Lorenzo
1,1,1,2,2,0,3,3,1,Marano di Valpolicella
3,4,0,2,4,0,5,8,0,Postalesio
5,4,2,5,13,3,10,17,5,Paternopoli
0,0,0,1,2,0,1,2,0,Gerola Alta
0,1,1,1,3,0,1,4,1,Tadasuni
106,92,6,76,95,18,182,187,24,Verano Brianza
1,0,1,0,2,2,1,2,3,Villa Collemandina
6,7,4,13,16,8,19,23,12,Oggebbio
1,1,0,2,2,0,3,3,0,Massazza
2,2,0,1,3,0,3,5,0,Verzegnis
81,86,14,97,106,19,178,192,33,Manerba del Garda
274,307,22,257,289,34,531,596,56,Vaprio d'Adda
74,66,14,81,129,26,155,195,40,Vallecrosia
214,209,28,212,246,36,426,455,64,Bagnacavallo
84,101,15,81,119,23,165,220,38,Angera
11,18,1,11,23,3,22,41,4,Lozzo Atestino
13,11,0,20,20,2,33,31,2,San Vito di Fagagna
38,33,7,44,54,7,82,87,14,Macerata Campania
8,9,0,12,9,1,20,18,1,Castelletto Molina
0,2,0,0,2,0,0,4,0,San Ponso
31,33,5,41,63,17,72,96,22,Monreale
36,30,2,33,62,6,69,92,8,Randazzo
7,10,2,6,9,2,13,19,4,Pozzilli
130,132,27,142,170,27,272,302,54,Ostuni
1,2,0,5,5,1,6,7,1,Balvano
46,41,11,39,67,20,85,108,31,Montalcino
159,199,31,177,249,57,336,448,88,Toscolano-Maderno
1,1,3,1,7,2,2,8,5,Vasia
76,49,7,65,60,12,141,109,19,Firenzuola
5,2,0,5,8,2,10,10,2,Telve di Sopra
2,0,0,1,1,0,3,1,0,Sant'Angelo Limosano
0,3,0,0,0,1,0,3,1,Ferruzzano
14,16,2,24,22,3,38,38,5,Quargnento
73,80,15,90,110,22,163,190,37,Caneva
44,34,9,45,49,11,89,83,20,Robilante
37,32,2,41,34,3,78,66,5,Morozzo
9,7,1,9,9,0,18,16,1,Borgiallo
8,15,4,9,15,7,17,30,11,Chianni
5,2,1,2,3,1,7,5,2,Mezzana Mortigliengo
317,362,38,336,416,86,653,778,124,Formigine
39,44,12,33,36,4,72,80,16,Misilmeri
4,12,2,2,12,0,6,24,2,Monastir
73,73,10,64,78,15,137,151,25,San Benedetto dei Marsi
21,16,2,19,20,1,40,36,3,Ricengo
5,5,0,2,10,3,7,15,3,Villanova Solaro
42,23,5,47,39,9,89,62,14,Villa Castelli
80,61,9,73,56,7,153,117,16,Monghidoro
16,11,2,20,10,3,36,21,5,Giacciano con Baruchella
11,12,1,8,10,0,19,22,1,Montalto Pavese
44,52,4,61,69,10,105,121,14,Taglio di Po
29,23,3,36,33,7,65,56,10,Piedimonte San Germano
26,24,2,17,47,7,43,71,9,Baiano
6,7,2,8,19,3,14,26,5,Roccamonfina
4,10,2,10,13,1,14,23,3,Cremenaga
12,13,2,12,14,4,24,27,6,Mezzanego
54,36,4,43,50,3,97,86,7,Antrodoco
50,53,7,75,54,13,125,107,20,Sale Marasino
6,2,1,1,3,0,7,5,1,Ruoti
7,11,1,3,7,2,10,18,3,Mongardino
0,5,0,4,7,1,4,12,1,Ailano
40,27,6,34,40,9,74,67,15,Castronno
15,14,1,11,14,4,26,28,5,Bubbio
11,6,1,8,13,2,19,19,3,Castagnito
8,4,1,8,7,1,16,11,2,Dambel
40,39,4,42,49,11,82,88,15,Cordovado
24,20,2,28,70,7,52,90,9,Tricase
7,8,1,2,11,5,9,19,6,Colli sul Velino
28,21,4,37,23,6,65,44,10,Bovolenta
154,185,14,175,209,24,329,394,38,Formello
5,8,2,4,10,4,9,18,6,Brezzo di Bedero
64,83,12,85,81,14,149,164,26,Nove
18,15,1,10,17,4,28,32,5,Oliveto Citra
94,96,6,102,114,13,196,210,19,Brandizzo
94,96,19,88,138,21,182,234,40,Rivanazzano Terme
32,38,4,40,51,13,72,89,17,Limana
104,100,6,134,125,35,238,225,41,Villa Guardia
77,88,7,72,83,14,149,171,21,Polesella
11,18,1,14,17,2,25,35,3,Monasterolo del Castello
29,25,1,30,28,7,59,53,8,Quinto Vicentino
11,9,4,12,14,6,23,23,10,San Vito al Torre
218,254,16,227,290,32,445,544,48,Bovisio-Masciago
109,99,8,118,92,12,227,191,20,Lomagna
10,8,1,14,13,2,24,21,3,Charvensod
2,1,0,1,2,1,3,3,1,Champdepraz
5,5,0,7,5,1,12,10,1,Salcedo
21,32,12,33,42,20,54,74,32,Bodio Lomnago
0,0,0,0,2,0,0,2,0,Bonifati
58,56,9,72,66,20,130,122,29,Carnago
10,12,3,14,16,3,24,28,6,Valle Salimbene
47,41,9,52,67,19,99,108,28,Brebbia
7,8,0,5,5,3,12,13,3,Cressa
4,2,1,5,14,7,9,16,8,Castrignano del Capo
25,25,5,27,27,4,52,52,9,Torricella del Pizzo
9,4,0,9,12,3,18,16,3,Farra d'Isonzo
0,0,0,0,0,0,0,0,0,Propata
31,35,6,39,83,18,70,118,24,Tolmezzo
109,122,15,141,296,65,250,418,80,Porto San Giorgio
139,136,13,129,102,17,268,238,30,Canonica d'Adda
6,11,1,11,11,2,17,22,3,Barete
13,13,0,4,20,1,17,33,1,Caderzone Terme
8,12,1,15,23,2,23,35,3,Villarbasse
30,41,0,33,45,9,63,86,9,Rubiana
19,24,2,16,24,1,35,48,3,Sestriere
26,33,1,35,31,0,61,64,1,Virle Piemonte
12,16,1,9,29,4,21,45,5,Nebbiuno
3,2,0,3,2,2,6,4,2,Perito
12,8,0,15,10,0,27,18,0,Chambave
25,23,4,27,25,6,52,48,10,Filattiera
1,2,0,3,5,3,4,7,3,Torraca
147,110,7,139,178,29,286,288,36,Capranica
0,3,0,3,4,0,3,7,0,Acquaviva Collecroce
859,847,89,931,1122,149,1790,1969,238,Moncalieri
29,29,0,30,31,5,59,60,5,Calvatone
40,38,4,55,37,8,95,75,12,Stienta
0,0,1,0,0,0,0,0,1,Montemezzo
0,4,5,1,5,5,1,9,10,Baunei
86,79,6,67,88,7,153,167,13,Appignano
0,1,0,0,3,0,0,4,0,Nomaglio
0,1,0,1,2,1,1,3,1,Isole Tremiti
96,124,12,104,111,13,200,235,25,Ribera
2,0,1,0,7,2,2,7,3,San Fratello
4,16,24,5,20,30,9,36,54,Airole
9,5,0,8,21,1,17,26,1,Ragalna
242,188,34,219,273,66,461,461,100,Giarre
1,0,0,1,0,0,2,0,0,Esterzili
3,1,1,4,8,2,7,9,3,Filogaso
7,5,3,12,11,1,19,16,4,Quincinetto
49,39,3,42,42,9,91,81,12,Loro Piceno
9,6,1,12,9,0,21,15,1,Malvito
99,92,3,71,53,8,170,145,11,Orzivecchi
226,222,27,250,209,31,476,431,58,Noventa Vicentina
63,47,10,57,75,14,120,122,24,Sant'Agata sul Santerno
0,0,0,0,0,0,0,0,0,Civo
15,23,1,20,32,0,35,55,1,Arzergrande
1,3,0,1,4,0,2,7,0,Val di Nizza
15,18,0,9,22,3,24,40,3,Ischia di Castro
33,18,3,30,15,1,63,33,4,Grone
9,8,0,12,10,0,21,18,0,Alagna
174,135,12,150,150,29,324,285,41,Lendinara
85,77,5,99,87,6,184,164,11,Rosate
235,251,24,227,188,15,462,439,39,Albano Sant'Alessandro
30,21,5,33,27,2,63,48,7,San Vito Chietino
2,3,0,1,5,0,3,8,0,Samolaco
46,33,4,49,20,3,95,53,7,Casalmorano
27,25,1,37,28,7,64,53,8,Grumello Cremonese ed Uniti
3,0,0,3,5,3,6,5,3,Caggiano
1,1,0,0,2,0,1,3,0,Ciorlano
10,10,0,6,9,0,16,19,0,Baia e Latina
259,294,15,257,276,31,516,570,46,Campodarsego
56,64,7,58,70,18,114,134,25,Gazzada Schianno
0,1,0,0,2,1,0,3,1,Rialto
3,4,2,10,9,1,13,13,3,Ampezzo
5,4,2,5,8,4,10,12,6,Pollica
42,40,4,49,65,15,91,105,19,Polla
5,6,1,10,5,1,15,11,2,Pognana Lario
59,54,4,44,48,6,103,102,10,Bulgarograsso
297,295,14,262,200,17,559,495,31,Cologno al Serio
10,7,2,8,9,2,18,16,4,Borgo Velino
3,4,0,2,4,0,5,8,0,Volpeglino
9,10,2,10,8,3,19,18,5,Credera Rubbiano
4,3,1,7,7,1,11,10,2,Scheggino
43,50,9,44,61,9,87,111,18,Coazze
150,169,10,165,130,11,315,299,21,Isorella
0,1,0,3,2,0,3,3,0,Moriondo Torinese
88,85,8,93,121,13,181,206,21,Banchette
63,63,8,67,63,10,130,126,18,Miane
7,3,1,7,14,0,14,17,1,Ventimiglia di Sicilia
7,3,0,7,8,2,14,11,2,Militello Rosmarino
0,0,0,1,3,1,1,3,1,Mongiana
8,6,1,13,14,2,21,20,3,Gangi
86,94,4,94,96,8,180,190,12,Mazzarrone
26,24,0,34,34,6,60,58,6,Cinquefrondi
0,1,1,0,8,1,0,9,2,Placanica
4,1,1,1,2,2,5,3,3,Simbario
141,112,32,132,132,35,273,244,67,Trevi
31,28,6,37,53,15,68,81,21,Bagnoregio
8,11,1,5,17,2,13,28,3,Carassai
27,40,6,30,123,34,57,163,40,Ercolano
20,17,1,28,27,4,48,44,5,Tavoleto
23,22,8,28,40,8,51,62,16,Remanzacco
1,0,0,1,5,0,2,5,0,Fonni
1,3,1,3,11,2,4,14,3,Seneghe
105,83,7,105,122,9,210,205,16,Monte San Savino
107,87,5,117,120,17,224,207,22,Asciano
1,3,0,2,2,0,3,5,0,Vione
0,0,0,1,1,1,1,1,1,Prascorsano
46,40,5,42,41,7,88,81,12,Vigolzone
0,1,0,0,4,1,0,5,1,Corniglio
8,14,3,14,21,7,22,35,10,Castione della Presolana
10,7,0,12,8,4,22,15,4,Sporminore
48,27,5,45,70,8,93,97,13,Pontecorvo
0,1,0,0,2,0,0,3,0,Magnano
0,2,0,1,1,0,1,3,0,Anzi
7,5,2,2,5,2,9,10,4,Pettinengo
40,39,8,41,48,11,81,87,19,Rottofreno
138,136,7,137,174,22,275,310,29,Fabrica di Roma
84,64,11,82,86,17,166,150,28,Soriano nel Cimino
5,5,0,4,7,0,9,12,0,Latronico
22,16,1,21,18,3,43,34,4,Scurelle
92,92,9,84,99,11,176,191,20,Villanova d'Asti
19,19,2,29,36,5,48,55,7,Sant'Arsenio
4,6,0,5,11,3,9,17,3,La Thuile
110,93,12,116,124,19,226,217,31,Arquata Scrivia
0,1,0,0,2,2,0,3,2,Castelli
122,123,9,127,111,14,249,234,23,Apricena
15,27,7,24,41,4,39,68,11,Cavallino
18,25,0,16,35,7,34,60,7,Folgaria
68,60,10,71,57,13,139,117,23,Alseno
2,1,0,5,1,0,7,2,0,Acceglio
19,23,5,13,24,4,32,47,9,San Canzian d'Isonzo
312,278,33,314,338,55,626,616,88,Pavullo nel Frignano
12,5,0,2,9,0,14,14,0,Macchia d'Isernia
328,317,34,310,300,64,638,617,98,Nizza Monferrato
8,10,0,11,12,2,19,22,2,Montepaone
12,5,2,14,11,3,26,16,5,Gromo
26,21,1,32,39,3,58,60,4,Ardesio
287,265,37,288,237,50,575,502,87,Fermignano
17,11,1,10,19,1,27,30,2,Montoggio
199,174,15,189,209,40,388,383,55,Taggia
30,23,4,32,20,3,62,43,7,Tavernole sul Mella
3,3,2,8,11,3,11,14,5,Pignola
1,2,0,1,0,0,2,2,0,San Lorenzo Bellizzi
3,1,1,5,8,1,8,9,2,Lerma
0,0,0,0,0,1,0,0,1,Mongiardino Ligure
86,60,9,69,93,9,155,153,18,Castelnuovo di Garfagnana
2,2,0,3,8,2,5,10,2,Villar Pellice
44,42,6,44,57,5,88,99,11,Magliano Sabina
0,1,0,0,1,0,0,2,0,Castroregio
111,73,10,106,75,23,217,148,33,Montorio al Vomano
11,10,1,12,16,1,23,26,2,Saludecio
149,137,19,154,148,34,303,285,53,Induno Olona
3,5,0,5,20,3,8,25,3,Curinga
7,4,0,5,4,0,12,8,0,Montenerodomo
277,254,23,248,235,36,525,489,59,Meldola
18,23,2,19,20,4,37,43,6,Poggio Torriana
0,1,0,1,0,0,1,1,0,Bresimo
74,77,6,86,119,12,160,196,18,Vinovo
93,80,39,103,193,72,196,273,111,Bordighera
9,15,1,8,22,1,17,37,2,Lombardore
0,0,0,0,0,0,0,0,0,Frassinetto
6,11,0,7,13,1,13,24,1,Locana
47,40,2,59,54,11,106,94,13,Galliera
42,40,5,56,65,9,98,105,14,Maslianico
77,97,16,77,123,27,154,220,43,Sedico
2,3,0,9,8,0,11,11,0,Piaggine
636,578,69,636,618,127,1272,1196,196,Porto Sant'Elpidio
612,531,63,613,733,110,1225,1264,173,Alba
79,83,13,91,118,23,170,201,36,Ozzano dell'Emilia
8,13,1,12,17,2,20,30,3,Roccabruna
23,18,1,13,23,3,36,41,4,Venasca
59,70,7,65,73,15,124,143,22,Varzi
3,2,0,4,5,1,7,7,1,Lunamatrona
287,329,40,355,497,71,642,826,111,Bollate
1,1,0,1,3,1,2,4,1,Burcei
9,6,0,16,36,7,25,42,7,Vizzini
11,3,0,6,9,2,17,12,2,Pannarano
0,0,0,2,2,0,2,2,0,Bulzi
12,8,1,19,22,5,31,30,6,Cabras
0,0,0,0,1,0,0,1,0,Siddi
4,2,0,6,8,2,10,10,2,Carife
4,3,1,1,14,2,5,17,3,Andretta
2,0,0,6,6,0,8,6,0,Sesto Campano
0,0,0,0,2,0,0,2,0,Sant'Elena Sannita
9,10,2,8,12,3,17,22,5,Villa Santa Maria
4,5,0,0,4,0,4,9,0,Montevecchia
15,14,2,22,28,4,37,42,6,Calangianus
3,2,0,2,3,0,5,5,0,Cerami
4,3,1,7,6,1,11,9,2,Casargo
251,260,18,258,263,32,509,523,50,Alcamo
110,123,23,149,126,29,259,249,52,Bovezzo
8,5,1,5,10,1,13,15,2,Moggio
17,14,2,21,16,3,38,30,5,Pieve Fissiraga
1,0,0,1,1,0,2,1,0,Laino Castello
0,4,2,3,7,3,3,11,5,Drena
16,15,0,18,9,2,34,24,2,Montieri
3,5,0,5,10,1,8,15,1,Gerocarne
8,5,0,9,6,1,17,11,1,Castilenti
70,61,10,66,55,10,136,116,20,Piobbico
4,8,0,4,6,1,8,14,1,Pietrarubbia
56,49,12,74,67,19,130,116,31,Montale
16,14,2,13,13,5,29,27,7,Montefranco
9,5,0,9,4,2,18,9,2,Carpineto Sinello
33,30,3,44,32,7,77,62,10,Carbonara al Ticino
14,12,6,16,17,3,30,29,9,Fossato di Vico
21,26,3,18,65,7,39,91,10,Castel San Giorgio
126,181,9,69,132,18,195,313,27,Bovalino
4,6,0,3,9,1,7,15,1,Cremeno
784,687,61,702,681,60,1486,1368,121,Montichiari
42,73,1,36,56,1,78,129,2,Villa Literno
55,50,8,61,53,7,116,103,15,Stanghella
26,19,1,18,14,1,44,33,2,Ponso
115,112,5,108,97,8,223,209,13,Grisignano di Zocco
130,165,15,179,146,32,309,311,47,Marano Vicentino
38,28,1,34,51,6,72,79,7,Campello sul Clitunno
87,74,11,100,83,18,187,157,29,Larciano
112,139,11,157,206,37,269,345,48,Peschiera Borromeo
21,21,2,25,27,6,46,48,8,Retorbido
11,24,0,22,22,1,33,46,1,Paolisi
1145,1379,107,1058,891,107,2203,2270,214,Arzignano
0,0,0,0,3,0,0,3,0,Foza
60,78,5,85,92,21,145,170,26,Arzachena
3,3,1,2,6,1,5,9,2,Sant'Alessio in Aspromonte
6,4,1,9,9,0,15,13,1,Sedilo
8,8,0,16,13,1,24,21,1,Greccio
0,5,1,8,27,3,8,32,4,Arbus
44,43,15,41,137,31,85,180,46,Forte dei Marmi
2,1,1,3,10,1,5,11,2,Borbona
62,83,2,67,100,6,129,183,8,Rosarno
8,5,0,7,27,7,15,32,7,Amorosi
4,2,0,5,6,0,9,8,0,Botrugno
5,4,1,8,13,2,13,17,3,Andalo
3,1,0,1,2,0,4,3,0,Ponna
2,1,0,0,5,1,2,6,1,Pietrastornina
0,2,0,3,2,0,3,4,0,Lavarone
40,50,2,47,54,5,87,104,7,Dresano
3,5,0,5,2,0,8,7,0,Colledimezzo
30,31,9,30,53,9,60,84,18,Biandronno
2,3,2,6,9,1,8,12,3,Casale Litta
45,40,6,44,38,10,89,78,16,Piasco
26,23,1,24,27,3,50,50,4,Cercenasco
33,26,5,36,97,11,69,123,16,Boscotrecase
7,12,7,7,18,1,14,30,8,Usini
88,98,21,116,223,68,204,321,89,Alghero
371,377,36,386,550,71,757,927,107,Civitavecchia
447,362,61,455,608,168,902,970,229,Spoleto
1,1,0,3,5,1,4,6,1,San Nazzaro
94,68,8,77,84,19,171,152,27,Norcia
13,14,0,22,27,3,35,41,3,Sondalo
236,267,25,207,260,34,443,527,59,Porcia
11,5,3,11,19,6,22,24,9,Gagliano del Capo
1,1,3,1,3,4,2,4,7,Olivetta San Michele
28,28,0,25,19,8,53,47,8,Belforte all'Isauro
251,270,26,261,229,25,512,499,51,Costa Volpino
102,124,17,132,212,25,234,336,42,San Mauro Torinese
61,59,5,78,87,15,139,146,20,Bientina
59,46,2,59,41,5,118,87,7,Marene
412,369,32,389,303,55,801,672,87,Altopascio
2,1,1,2,3,2,4,4,3,Sellano
818,745,55,678,482,74,1496,1227,129,Rovato
25,25,4,19,31,6,44,56,10,Bellano
0,0,0,1,4,2,1,4,2,Mandas
19,13,2,17,15,2,36,28,4,Senna Comasco
14,11,0,20,21,0,34,32,0,San Pietro al Tanagro
9,15,1,18,22,6,27,37,7,Isola d'Asti
26,30,1,22,53,4,48,83,5,Uggiate-Trevano
34,37,3,25,22,4,59,59,7,Bordolano
42,36,3,47,33,5,89,69,8,Visano
88,99,10,99,136,29,187,235,39,Santo Stefano di Magra
58,60,7,70,66,17,128,126,24,Cellatica
19,17,6,16,17,8,35,34,14,Giustino
8,9,0,9,8,0,17,17,0,Riolunato
415,377,30,343,346,53,758,723,83,Fondi
27,38,1,25,37,2,52,75,3,Monte San Biagio
77,82,12,79,87,28,156,169,40,Lavello
134,148,14,166,181,47,300,329,61,Montecchio Emilia
49,43,2,46,42,5,95,85,7,Poggio Picenze
62,52,9,63,127,11,125,179,20,Mesagne
22,23,4,17,28,7,39,51,11,Albiolo
3,2,0,1,1,0,4,3,0,Antrona Schieranco
4,5,0,9,6,1,13,11,1,Archi
75,77,7,48,54,5,123,131,12,Cancello ed Arnone
70,65,11,61,54,19,131,119,30,Mogliano
275,337,34,348,466,87,623,803,121,San Lazzaro di Savena
24,19,1,20,22,4,44,41,5,Piacenza d'Adige
193,189,19,220,185,31,413,374,50,Cislago
15,16,6,18,17,10,33,33,16,Boissano
463,606,67,478,756,105,941,1362,172,Nettuno
0,0,0,0,0,0,0,0,0,Molise
2,2,0,2,7,1,4,9,1,Cossano Canavese
78,73,9,94,82,20,172,155,29,Venegono Inferiore
7,4,1,6,6,1,13,10,2,Carpignano Salentino
8,4,1,8,9,6,16,13,7,Paduli
2,2,0,1,0,0,3,2,0,Mombaldone
1,0,1,2,4,0,3,4,1,Carpinone
176,163,15,175,152,27,351,315,42,Zanica
1,4,0,3,11,1,4,15,1,Caprie
20,28,0,40,34,6,60,62,6,Balangero
28,41,6,31,49,11,59,90,17,Borgofranco d'Ivrea
220,248,28,243,265,32,463,513,60,Agrate Brianza
16,8,2,21,24,2,37,32,4,Cerchio
11,11,2,11,14,2,22,25,4,Barbianello
0,0,0,1,1,0,1,1,0,Smerillo
85,89,8,85,72,10,170,161,18,Buscate
6,3,0,5,6,0,11,9,0,Magliano di Tenna
194,189,22,165,181,25,359,370,47,Canale
17,15,2,18,20,3,35,35,5,Torreano
13,14,11,14,30,15,27,44,26,Terzo d'Aquileia
12,9,2,12,18,3,24,27,5,Venticano
55,51,6,46,57,13,101,108,19,Talmassons
5,3,1,5,1,1,10,4,2,Challand-Saint-Anselme
17,13,2,12,5,1,29,18,3,Castellafiume
1,2,1,2,4,2,3,6,3,Castelvecchio Calvisio
45,44,15,50,70,16,95,114,31,Budoia
21,20,4,17,21,6,38,41,10,Rifreddo
194,190,12,181,177,21,375,367,33,Gerenzano
4,4,0,4,7,2,8,11,2,Settimo Rottaro
124,141,19,141,149,30,265,290,49,Gravellona Toce
4,8,0,12,22,2,16,30,2,San Secondo di Pinerolo
2,3,1,3,3,0,5,6,1,Garzigliana
2,1,0,2,3,0,4,4,0,Torcegno
98,111,7,121,111,20,219,222,27,Poirino
16,19,2,16,17,2,32,36,4,Pocenia
37,32,3,29,31,1,66,63,4,San Giovanni del Dosso
41,28,4,43,24,7,84,52,11,San Pietro di Morubio
6,8,1,4,3,0,10,11,1,Perano
106,98,10,103,88,11,209,186,21,Ronco all'Adige
30,27,1,28,29,5,58,56,6,Bagnoli di Sopra
15,15,1,26,14,2,41,29,3,Mezzanino
110,97,11,101,123,21,211,220,32,San Polo d'Enza
44,38,5,42,40,7,86,78,12,Breda di Piave
74,69,12,58,74,11,132,143,23,Borso del Grappa
129,113,11,107,84,15,236,197,26,Casalbuttano ed Uniti
9,5,1,14,13,1,23,18,2,Trivento
343,348,25,340,402,55,683,750,80,Cormano
3,3,2,2,5,1,5,8,3,Zuglio
123,118,11,129,124,20,252,242,31,Manzano
84,88,14,113,110,18,197,198,32,Baricella
0,0,0,1,7,0,1,7,0,Caloveto
42,46,3,44,57,4,86,103,7,San Marco Evangelista
2,4,0,1,4,1,3,8,1,Polino
29,25,5,43,29,8,72,54,13,Valtopina
10,9,1,13,11,6,23,20,7,Peia
149,147,21,154,137,25,303,284,46,Ceggia
8,0,0,2,4,0,10,4,0,Rigolato
0,1,0,0,1,0,0,2,0,Colle d'Anchise
9,14,2,10,13,4,19,27,6,Frisa
315,280,32,310,259,53,625,539,85,Villa Carcina
56,51,7,41,59,5,97,110,12,Bracigliano
40,42,5,43,55,5,83,97,10,Vallerano
108,88,6,94,99,10,202,187,16,Trevignano
80,105,7,112,90,7,192,195,14,Maserada sul Piave
20,20,3,22,29,7,42,49,10,Castel Frentano
14,18,4,24,25,6,38,43,10,Villa di Tirano
25,24,8,24,22,4,49,46,12,Palestro
42,41,6,29,25,13,71,66,19,Malegno
8,5,0,5,9,1,13,14,1,Frassinello Monferrato
6,8,2,2,6,1,8,14,3,Treiso
8,14,1,17,16,0,25,30,1,Albugnano
3,4,1,3,4,1,6,8,2,Pulfero
4,9,4,4,5,2,8,14,6,Roccavignale
9,14,1,19,23,9,28,37,10,Besano
22,13,1,8,14,0,30,27,1,Cursi
7,4,3,5,4,5,12,8,8,Castelnovo del Friuli
0,2,1,2,2,0,2,4,1,Saint-Nicolas
0,0,0,1,2,0,1,2,0,Saint-Denis
15,8,2,14,16,0,29,24,2,Mignano Monte Lungo
0,0,0,0,1,0,0,1,0,Revigliasco d'Asti
