Laurea_Maschi,Laurea_Femmine,Laurea_Totale,Diploma_Maschi,Diploma_Femmine,Diploma_Totale,Licenza Media_Maschi,Licenza Media_Femmine,Licenza Media_Totale,Licenza Elementare_Maschi,Licenza Elementare_Femmine,Licenza Elementare_Totale,Alfabeti_Maschi,Alfabeti_Femmine,Alfabeti_Totale,Analfabeti_Maschi,Analfabeti_Femmine,Analfabeti_Totale,Comune
2280,2610,4890,5149,5432,10581,3962,3599,7561,2052,2957,5009,970,1357,2327,268,325,593,Agrigento
3622,4349,7971,9276,10030,19306,9173,9148,18321,4368,6872,11240,1537,2038,3575,196,381,577,Alessandria
6897,8225,15122,14348,14745,29093,10442,9553,19995,5911,9541,15452,2182,3242,5424,102,187,289,Ancona
1970,2328,4298,4159,4419,8578,4737,4893,9630,2324,3627,5951,837,1106,1943,64,160,224,Aosta
4673,6127,10800,11923,12251,24174,10281,8590,18871,5297,8259,13556,1832,2861,4693,88,214,302,Arezzo
2892,3402,6294,7423,7286,14709,4722,4372,9094,2883,4234,7117,980,1637,2617,52,124,176,Ascoli Piceno
3185,3825,7010,8722,8746,17468,8648,9172,17820,4620,6777,11397,1692,2154,3846,207,412,619,Asti
4429,5300,9729,8224,8506,16730,5047,4768,9815,2329,3961,6290,1120,1753,2873,113,328,441,Avellino
21011,23634,44645,39562,40458,80020,35446,32195,67641,19893,29701,49594,7880,11045,18925,1232,2316,3548,Bari
1924,2134,4058,4338,4482,8820,2751,2836,5587,1395,2682,4077,589,677,1266,34,33,67,Belluno
3822,4628,8450,8025,8025,16050,5914,5662,11576,2716,4450,7166,1173,1654,2827,175,442,617,Benevento
10753,11823,22576,17059,18462,35521,13023,13938,26961,6052,11000,17052,2777,3051,5828,164,239,403,Bergamo
2531,2917,5448,6153,6470,12623,5868,6044,11912,3190,5211,8401,1000,1336,2336,126,242,368,Biella
37392,44683,82075,51920,56161,108081,40470,38770,79240,22328,36224,58552,8114,11216,19330,532,1021,1553,Bologna
13549,15805,29354,26558,27854,54412,24007,23884,47891,11928,20330,32258,4741,5159,9900,366,499,865,Brescia
3468,4233,7701,11973,11891,23864,11164,9964,21128,5760,8869,14629,2423,3476,5899,337,746,1083,Brindisi
13889,17675,31564,20614,23506,44120,18884,18648,37532,8460,12824,21284,3237,4735,7972,476,690,1166,Cagliari
2922,3691,6613,7837,8194,16031,7735,7454,15189,4440,5964,10404,1893,2690,4583,377,570,947,Caltanissetta
3377,4344,7721,6965,6896,13861,4397,4066,8463,2148,3406,5554,918,1296,2214,64,166,230,Campobasso
6631,7789,14420,12388,12970,25358,7806,7476,15282,3473,5768,9241,1817,2420,4237,166,512,678,Caserta
15399,18580,33979,35069,37965,73034,44927,41747,86674,21604,31633,53237,9983,13214,23197,2189,2795,4984,Catania
5792,7294,13086,13381,13833,27214,9016,7555,16571,4808,6869,11677,2156,3132,5288,393,899,1292,Catanzaro
3372,4062,7434,7371,7299,14670,5215,4614,9829,3047,4426,7473,1065,1754,2819,92,263,355,Chieti
6203,6684,12887,11963,13316,25279,10614,10457,21071,5575,8460,14035,1956,2292,4248,114,251,365,Como
5530,6836,12366,9720,10656,20376,7308,6266,13574,3606,5475,9081,1784,2711,4495,290,778,1068,Cosenza
4247,4934,9181,9732,9922,19654,6962,6865,13827,3969,7356,11325,1259,1440,2699,67,140,207,Cremona
2795,3470,6265,7424,7521,14945,6271,5276,11547,3602,4974,8576,1696,2155,3851,224,489,713,Crotone
3248,3635,6883,6924,7482,14406,6122,5984,12106,2959,5029,7988,1242,1277,2519,61,152,213,Cuneo
1417,1564,2981,3197,3570,6767,3448,3019,6467,1573,2669,4242,563,843,1406,96,157,253,Enna
1462,1746,3208,2754,2866,5620,2083,1835,3918,1216,1814,3030,541,856,1397,27,82,109,Fermo
8273,10000,18273,14322,14819,29141,9662,9943,19605,6197,10405,16602,1824,3146,4970,121,216,337,Ferrara
31643,38925,70568,49613,56846,106459,40580,36660,77240,22247,35458,57705,8350,10832,19182,670,982,1652,Firenze
7577,9354,16931,20826,20637,41463,19158,16719,35877,9471,14578,24049,3973,5646,9619,615,1224,1839,Foggia
3001,3424,6425,7356,7788,15144,5579,4875,10454,2921,4445,7366,1075,1548,2623,59,212,271,Frosinone
38032,44083,82115,88367,96227,184594,75854,75583,151437,39257,60607,99864,13779,17590,31369,1649,2993,4642,Genova
2171,2554,4725,6046,6165,12211,4896,4899,9795,1739,2946,4685,707,794,1501,37,45,82,Gorizia
3381,4452,7833,9371,10129,19500,8336,7276,15612,4166,6795,10961,1465,2258,3723,90,168,258,Grosseto
2056,2502,4558,6003,6327,12330,5488,5353,10841,2768,3951,6719,962,1242,2204,79,141,220,Imperia
1545,1826,3371,2790,2821,5611,1899,1611,3510,1012,1492,2504,439,542,981,41,80,121,Isernia
3597,4503,8100,6081,5895,11976,3356,2970,6326,1664,2511,4175,693,862,1555,23,50,73,L'Aquila
4869,5574,10443,14389,14793,29182,12297,11265,23562,5713,10577,16290,2045,2695,4740,122,189,311,La Spezia
5736,6426,12162,12877,13634,26511,9190,8841,18031,4204,6316,10520,1931,2565,4496,100,268,368,Latina
7633,9174,16807,12092,13247,25339,8379,8281,16660,4617,7776,12393,2044,2892,4936,281,558,839,Lecce
3125,3586,6711,6947,6850,13797,6241,6012,12253,3255,5518,8773,1157,1249,2406,62,103,165,Lecco
8289,9879,18168,23152,24283,47435,22383,19974,42357,11094,16718,27812,3879,5746,9625,253,400,653,Livorno
2897,3267,6164,6706,6852,13558,4938,4831,9769,2564,4370,6934,977,1190,2167,52,94,146,Lodi
5193,6350,11543,12281,13948,26229,11054,9050,20104,6120,9372,15492,1896,2135,4031,109,129,238,Lucca
3002,3602,6604,4517,4990,9507,3204,2905,6109,2044,3099,5143,695,1206,1901,36,49,85,Macerata
3526,4147,7673,5884,6603,12487,4318,4331,8649,2331,4443,6774,786,974,1760,66,83,149,Mantova
3838,4359,8197,9172,9436,18608,6828,5479,12307,3364,4698,8062,1710,2480,4190,174,365,539,Matera
14318,17858,32176,32008,31708,63716,32402,29946,62348,13471,21020,34491,6131,7758,13889,771,1158,1929,Messina
128464,140086,268550,180948,198244,379192,138830,150737,289567,62323,97139,159462,31153,36416,67569,2534,3987,6521,Milano
11960,14416,26376,23920,24437,48357,18644,17853,36497,11483,17163,28646,4300,5216,9516,264,466,730,Modena
53977,62182,116159,115928,123849,239777,148889,130261,279150,72050,110725,182775,30757,41150,71907,4297,9045,13342,Napoli
6085,7013,13098,14095,14736,28831,12858,12104,24962,6187,9468,15655,2304,2899,5203,212,412,624,Novara
2290,3084,5374,4979,6108,11087,5431,4518,9949,2508,3038,5546,905,1210,2115,72,128,200,Nuoro
1720,2310,4030,3557,4294,7851,3586,3120,6706,1553,2078,3631,544,796,1340,46,100,146,Oristano
21825,24214,46039,29854,30857,60711,21689,21728,43417,11413,20599,32012,4715,5979,10694,278,395,673,Padova
36275,42468,78743,83977,87553,171530,95390,87823,183213,48594,70047,118641,21161,27834,48995,4384,5754,10138,Palermo
12885,15115,28000,21098,23269,44367,16989,16404,33393,9400,15205,24605,3417,4533,7950,242,359,601,Parma
7453,8603,16056,8746,9889,18635,7326,7166,14492,3761,6733,10494,1350,1626,2976,104,177,281,Pavia
10802,13838,24640,17971,18920,36891,13069,11876,24945,7744,11747,19491,3091,4386,7477,142,306,448,Perugia
9993,12226,22219,18651,19527,38178,12573,11443,24016,7194,10982,18176,2969,4505,7474,225,523,748,Pescara
6538,7425,13963,14618,15292,29910,11748,11452,23200,6125,9964,16089,2224,2797,5021,127,221,348,Piacenza
8671,9738,18409,10972,11586,22558,8072,7365,15437,4583,8252,12835,1715,2206,3921,97,202,299,Pisa
3661,4830,8491,10661,11061,21722,10289,8633,18922,6300,9791,16091,1850,2657,4507,156,286,442,Pistoia
3794,4198,7992,8081,8173,16254,6247,6017,12264,2789,5013,7802,1160,1465,2625,48,106,154,Pordenone
4575,5586,10161,9881,9896,19777,6126,5239,11365,3348,5106,8454,1418,1971,3389,215,479,694,Potenza
6397,8180,14577,22303,25035,47338,28766,24041,52807,17752,22908,40660,6026,7703,13729,664,1096,1760,Prato
3528,3881,7409,8201,9235,17436,8841,7876,16717,4744,6693,11437,1901,2648,4549,241,384,625,Ragusa
5506,6817,12323,12580,13821,26401,10004,9289,19293,5369,7884,13253,2158,2943,5101,145,223,368,Ravenna
2736,3498,6234,6720,6986,13706,4457,4161,8618,2442,3797,6239,941,1312,2253,55,116,171,Rieti
7806,9733,17539,18323,20094,38417,15558,13158,28716,7656,11422,19078,3232,4862,8094,153,313,466,Rimini
217192,245383,462575,367689,412493,780182,257687,251145,508832,119011,183733,302744,56484,73946,130430,3212,6609,9821,Roma
2996,3556,6552,6494,6275,12769,4739,4674,9413,2410,4236,6646,829,1208,2037,41,108,149,Rovigo
12295,14533,26828,19450,20727,40177,13793,12616,26409,6972,11327,18299,3018,4452,7470,348,846,1194,Salerno
6840,9072,15912,12592,14017,26609,12418,11636,24054,6453,8554,15007,2291,3250,5541,232,429,661,Sassari
3470,4376,7846,8805,9231,18036,7872,7937,15809,4012,6665,10677,1341,1680,3021,102,149,251,Savona
4292,5215,9507,6411,6899,13310,4017,3898,7915,2825,5007,7832,898,1391,2289,48,105,153,Siena
5441,6233,11674,15713,15975,31688,12904,12277,25181,6612,9436,16048,2957,3645,6602,497,562,1059,Siracusa
1338,1618,2956,3069,3494,6563,2325,2235,4560,1231,1966,3197,458,496,954,20,43,63,Sondrio
9084,10934,20018,26690,26645,53335,26828,23395,50223,12796,20469,33265,4951,7801,12752,744,1568,2312,Taranto
3283,3819,7102,6199,6266,12465,3851,3544,7395,1931,3051,4982,894,1286,2180,69,163,232,Teramo
5834,7616,13450,16580,16209,32789,11865,11218,23083,6214,10503,16717,2312,3617,5929,132,240,372,Terni
61322,67458,128780,125381,128881,254262,121448,122307,243755,55210,84037,139247,22810,29919,52729,2309,4507,6816,Torino
2381,2900,5281,8278,8493,16771,8542,7943,16485,4629,6500,11129,2057,2903,4960,447,473,920,Trapani
7355,8005,15360,12480,13841,26321,9402,10184,19586,4059,6488,10547,2052,1907,3959,98,183,281,Trento
7058,7369,14427,11903,12690,24593,9018,8878,17896,4232,8542,12774,1802,2163,3965,99,119,218,Treviso
12683,14701,27384,27445,29979,57424,29159,30851,60010,9707,15433,25140,3886,4360,8246,166,228,394,Trieste
8363,9540,17903,16247,16380,32627,11220,12066,23286,4869,9573,14442,2049,2408,4457,104,146,250,Udine
6142,6829,12971,11427,12146,23573,9718,9740,19458,4862,8018,12880,1897,2117,4014,177,236,413,Varese
5650,6218,11868,6894,7698,14592,5566,5819,11385,3216,5429,8645,1089,1400,2489,39,78,117,Venezia
2554,2995,5549,6898,7302,14200,6262,5868,12130,3372,5291,8663,1111,1387,2498,141,225,366,Vercelli
16670,18442,35112,34147,35624,69771,27866,26709,54575,12908,24205,37113,5023,6087,11110,280,407,687,Verona
1803,2230,4033,3279,3420,6699,1991,1690,3681,991,1309,2300,554,672,1226,91,213,304,Vibo Valentia
7841,8622,16463,16547,16974,33521,13571,13099,26670,6602,11979,18581,2733,3075,5808,150,179,329,Vicenza
3512,4354,7866,7398,7840,15238,5845,5361,11206,2809,4479,7288,1147,1732,2879,59,133,192,Viterbo
121,135,256,563,609,1172,650,568,1218,415,615,1030,231,284,515,73,83,156,Bisacquino
386,540,926,1123,1174,2297,1396,1147,2543,549,655,1204,234,315,549,23,43,66,Elmas
35,79,114,173,186,359,417,341,758,207,234,441,80,119,199,2,8,10,Benetutti
14,15,29,76,77,153,214,174,388,79,95,174,59,98,157,5,14,19,Talana
152,260,412,754,668,1422,511,407,918,266,365,631,133,184,317,18,25,43,Campo Calabro
51,65,116,216,205,421,193,145,338,116,159,275,46,87,133,3,8,11,Offagna
72,90,162,430,437,867,428,389,817,277,458,735,55,83,138,1,8,9,Maleo
337,470,807,2000,1989,3989,2827,2363,5190,1692,1981,3673,717,936,1653,123,239,362,Orta Nova
9,8,17,32,43,75,39,25,64,21,29,50,4,7,11,0,0,0,Rivodutri
34,45,79,242,253,495,448,355,803,221,254,475,56,68,124,2,10,12,Primaluna
43,45,88,214,190,404,484,435,919,271,306,577,79,74,153,4,2,6,Premana
15,19,34,77,77,154,83,55,138,48,60,108,5,8,13,3,3,6,Castelmola
236,334,570,980,1090,2070,1329,1045,2374,983,1249,2232,228,331,559,18,25,43,Vaiano
20,39,59,87,78,165,206,154,360,94,108,202,36,47,83,5,6,11,Sadali
43,64,107,167,202,369,363,301,664,163,166,329,54,87,141,7,19,26,Lotzorai
122,139,261,398,427,825,528,423,951,226,352,578,105,84,189,5,8,13,Calco
384,474,858,2069,1975,4044,2610,2171,4781,1638,2026,3664,716,1110,1826,189,248,437,Porto Empedocle
92,128,220,473,507,980,787,732,1519,406,502,908,198,248,446,58,52,110,Catenanuova
107,151,258,547,560,1107,752,707,1459,441,555,996,297,472,769,116,150,266,Mirabella Imbaccari
67,71,138,226,251,477,213,191,404,118,156,274,35,76,111,6,15,21,Sant'Angelo di Brolo
37,51,88,164,160,324,174,133,307,90,147,237,25,50,75,2,5,7,Castel Viscardo
10,16,26,85,97,182,145,105,250,86,115,201,25,21,46,0,1,1,Erve
412,552,964,1917,1729,3646,2764,2231,4995,1120,1714,2834,576,797,1373,100,201,301,Brusciano
30,28,58,147,141,288,179,131,310,94,114,208,58,81,139,20,31,51,Cropalati
886,1269,2155,3934,4449,8383,5579,4295,9874,3286,4286,7572,1104,1463,2567,114,158,272,Campi Bisenzio
21,27,48,77,65,142,55,60,115,32,55,87,11,13,24,6,14,20,San Martino di Finita
6,9,15,29,30,59,62,47,109,19,33,52,7,12,19,1,1,2,Tinnura
18,23,41,36,47,83,118,61,179,60,95,155,11,19,30,2,2,4,Sini
43,51,94,141,133,274,177,142,319,94,140,234,37,48,85,4,10,14,Controguerra
3,10,13,68,56,124,58,44,102,28,71,99,8,6,14,1,1,2,Bieno
37,51,88,173,137,310,210,189,399,79,123,202,33,71,104,4,7,11,Colonnella
26,45,71,107,116,223,188,148,336,110,158,268,44,63,107,0,6,6,Pelago
674,711,1385,1568,1536,3104,1215,1028,2243,607,903,1510,276,451,727,61,247,308,Ariano Irpino
5,10,15,45,40,85,47,35,82,41,46,87,9,20,29,2,5,7,Lisciano Niccone
8,10,18,28,29,57,21,27,48,19,26,45,5,15,20,0,0,0,Giano dell'Umbria
728,882,1610,2439,2318,4757,2284,2094,4378,1323,1657,2980,543,773,1316,71,118,189,Valenzano
24,25,49,78,84,162,84,53,137,51,70,121,22,19,41,2,2,4,Monte Castello di Vibio
6,6,12,25,21,46,38,24,62,52,61,113,4,2,6,2,0,2,Bannio Anzino
7,21,28,72,63,135,62,49,111,35,69,104,15,7,22,0,1,1,Pinzano al Tagliamento
39,59,98,209,243,452,302,243,545,155,224,379,55,53,108,1,3,4,Magherno
266,357,623,982,1058,2040,1043,821,1864,582,762,1344,215,289,504,14,15,29,Luni
81,101,182,335,349,684,501,371,872,198,272,470,189,211,400,31,62,93,Scandale
79,115,194,382,413,795,502,376,878,246,311,557,86,93,179,13,12,25,Predappio
7,19,26,31,30,61,31,21,52,20,30,50,3,6,9,1,0,1,Montescano
19,16,35,78,64,142,51,46,97,27,42,69,11,9,20,0,0,0,San Leonardo
28,48,76,258,242,500,373,331,704,162,240,402,60,101,161,4,12,16,Poli
8,15,23,46,48,94,44,29,73,38,52,90,5,24,29,2,5,7,Arnara
3,2,5,19,20,39,14,22,36,17,15,32,4,9,13,0,1,1,Vallo di Nera
43,33,76,162,138,300,210,170,380,90,117,207,43,43,86,5,2,7,Candiana
1060,1253,2313,2838,2814,5652,2512,2404,4916,1290,2093,3383,429,621,1050,31,40,71,Abano Terme
226,282,508,1305,1129,2434,1254,1190,2444,641,993,1634,256,257,513,13,17,30,Piovene Rocchette
15,7,22,39,32,71,27,30,57,33,45,78,8,11,19,0,0,0,San Pietro in Cerro
14,27,41,100,95,195,101,73,174,73,99,172,11,21,32,1,1,2,Nosate
22,17,39,82,78,160,100,84,184,77,86,163,13,28,41,1,11,12,Selci
70,80,150,292,311,603,354,301,655,163,273,436,62,69,131,1,2,3,Canale Monterano
2,4,6,24,20,44,32,21,53,16,18,34,4,3,7,0,1,1,Bolognola
40,83,123,134,140,274,148,106,254,51,80,131,31,35,66,3,11,14,Figline Vegliaturo
5,11,16,26,25,51,24,17,41,17,18,35,9,14,23,0,0,0,Ripe San Ginesio
249,327,576,757,911,1668,878,794,1672,464,804,1268,132,238,370,11,19,30,Orbetello
166,169,335,439,437,876,472,438,910,226,314,540,93,108,201,1,3,4,Pove del Grappa
38,54,92,116,136,252,113,121,234,72,219,291,15,25,40,4,1,5,Mezzane di Sotto
17,22,39,73,52,125,54,41,95,31,44,75,10,20,30,1,0,1,Badia Tedalda
336,356,692,926,910,1836,806,723,1529,492,815,1307,147,222,369,1,6,7,Silea
132,216,348,568,492,1060,460,367,827,245,387,632,91,90,181,2,1,3,Pedavena
16,15,31,46,55,101,83,53,136,58,77,135,9,18,27,1,2,3,Ottiglio
122,151,273,565,571,1136,797,627,1424,407,541,948,131,151,282,11,17,28,Vailate
63,92,155,377,369,746,443,433,876,233,338,571,81,107,188,6,4,10,Piscina
30,43,73,141,151,292,215,150,365,95,170,265,33,44,77,1,3,4,Camisano
15,12,27,64,64,128,69,40,109,39,49,88,7,8,15,0,0,0,Andrate
257,356,613,1060,1035,2095,1115,860,1975,523,728,1251,170,192,362,13,16,29,Pregnana Milanese
56,74,130,255,241,496,305,214,519,158,239,397,61,61,122,8,8,16,Mercallo
52,66,118,254,248,502,310,300,610,225,323,548,56,42,98,2,7,9,Lezzeno
164,228,392,891,923,1814,1115,1061,2176,527,692,1219,215,268,483,12,36,48,Beinasco
204,290,494,735,892,1627,1609,1276,2885,899,908,1807,337,387,724,58,75,133,Siniscola
602,802,1404,2479,2301,4780,2740,2591,5331,1333,1789,3122,472,577,1049,31,64,95,Alpignano
205,240,445,1052,1035,2087,1705,1552,3257,965,1263,2228,495,577,1072,132,111,243,Terrasini
24,29,53,140,141,281,242,227,469,139,195,334,57,79,136,11,15,26,Pettineo
47,55,102,288,247,535,475,423,898,306,394,700,102,162,264,48,42,90,Bolognetta
35,83,118,264,280,544,600,520,1120,299,282,581,109,179,288,25,39,64,Fluminimaggiore
24,33,57,188,158,346,127,133,260,84,158,242,32,24,56,2,1,3,Pieve di Bono-Prezzo
5,11,16,25,40,65,71,44,115,32,37,69,10,11,21,0,1,1,San Bernardino Verbano
52,66,118,204,219,423,281,210,491,172,242,414,42,47,89,5,9,14,Lessona
30,51,81,196,212,408,265,190,455,125,213,338,33,43,76,6,3,9,Lessolo
162,233,395,927,934,1861,1012,840,1852,444,689,1133,183,238,421,11,19,30,Palombara Sabina
73,101,174,238,206,444,177,168,345,118,158,276,65,73,138,10,10,20,Frosolone
130,164,294,404,380,784,338,254,592,222,342,564,64,121,185,2,5,7,Sirolo
131,131,262,298,273,571,242,236,478,159,219,378,92,114,206,9,34,43,San Marco dei Cavoti
2,7,9,18,16,34,11,8,19,10,17,27,5,6,11,0,0,0,Genga
7,20,27,45,59,104,60,49,109,61,82,143,11,19,30,0,3,3,Bessude
25,47,72,157,160,317,274,194,468,112,150,262,54,77,131,10,7,17,Aritzo
209,283,492,703,731,1434,613,470,1083,322,453,775,153,208,361,8,35,43,Atessa
71,56,127,196,216,412,295,282,577,122,173,295,33,66,99,1,6,7,Rocca San Casciano
75,99,174,723,698,1421,650,609,1259,387,560,947,84,97,181,4,4,8,Grosio
175,217,392,759,667,1426,792,635,1427,380,549,929,156,209,365,5,9,14,Piombino Dese
22,37,59,125,119,244,140,112,252,67,121,188,21,18,39,0,0,0,Settimo Vittone
2380,2740,5120,5555,5945,11500,4142,4174,8316,2031,3213,5244,868,917,1785,40,67,107,Rovereto
70,71,141,313,288,601,370,327,697,149,221,370,60,80,140,1,4,5,Castel Sant'Elia
116,158,274,454,470,924,537,399,936,388,396,784,176,313,489,11,64,75,Deliceto
14,18,32,55,60,115,64,56,120,20,41,61,14,11,25,0,1,1,Pelugo
37,56,93,218,167,385,295,253,548,188,216,404,122,145,267,25,63,88,Forenza
52,45,97,241,196,437,206,145,351,113,205,318,52,113,165,20,44,64,Rotondella
18,19,37,84,94,178,135,98,233,104,133,237,26,21,47,1,8,9,Motta de' Conti
31,35,66,123,132,255,109,79,188,83,103,186,28,16,44,0,1,1,Giovo
6,10,16,50,33,83,48,42,90,26,39,65,6,8,14,0,1,1,Carentino
8,15,23,23,42,65,49,28,77,30,28,58,2,4,6,1,0,1,Molini di Triora
80,109,189,284,333,617,269,248,517,163,244,407,43,57,100,10,4,14,Moneglia
3479,4194,7673,8760,8627,17387,7040,6345,13385,3417,6178,9595,1645,2344,3989,205,467,672,Portici
37,28,65,113,105,218,143,112,255,99,102,201,76,108,184,12,56,68,Castelcivita
685,987,1672,2193,2203,4396,2570,2217,4787,1454,1966,3420,531,693,1224,48,66,114,Colle di Val d'Elsa
589,697,1286,1775,1933,3708,1580,1496,3076,782,1147,1929,364,340,704,36,38,74,Pergine Valsugana
2045,2297,4342,6812,6748,13560,8952,7020,15972,4933,6399,11332,1964,2749,4713,345,500,845,Trani
225,307,532,782,894,1676,763,652,1415,491,664,1155,183,192,375,7,5,12,Borgo Val di Taro
67,103,170,265,272,537,256,234,490,170,203,373,35,36,71,1,0,1,Ponte in Valtellina
228,322,550,758,823,1581,609,571,1180,333,480,813,128,173,301,12,12,24,Castelnovo ne' Monti
598,800,1398,1887,1802,3689,1523,1456,2979,872,1103,1975,417,527,944,82,124,206,Policoro
14,15,29,47,53,100,53,40,93,37,39,76,10,12,22,0,1,1,San Massimo
25,23,48,86,101,187,132,113,245,131,146,277,47,98,145,19,40,59,Nova Siri
217,253,470,1003,908,1911,930,833,1763,614,901,1515,203,252,455,10,16,26,Roncade
4,1,5,25,28,53,41,25,66,16,19,35,4,6,10,0,0,0,Selva di Progno
218,313,531,851,896,1747,826,711,1537,503,694,1197,182,268,450,7,26,33,San Giorgio di Piano
113,153,266,497,523,1020,505,451,956,351,396,747,120,140,260,36,37,73,Collesalvetti
43,48,91,170,215,385,212,154,366,151,168,319,45,57,102,4,4,8,Montese
7,15,22,47,34,81,35,28,63,16,39,55,6,11,17,0,0,0,Chiusaforte
4,4,8,22,24,46,57,36,93,50,69,119,6,4,10,2,0,2,Careggine
15,12,27,40,31,71,69,60,129,45,50,95,15,34,49,4,9,13,Gildone
26,32,58,90,77,167,88,77,165,69,79,148,50,60,110,26,58,84,Aliano
46,36,82,126,116,242,80,90,170,68,59,127,26,23,49,0,2,2,Diano d'Alba
90,118,208,383,301,684,323,298,621,178,248,426,58,91,149,6,17,23,Pieve Santo Stefano
0,0,0,2,1,3,5,5,10,1,2,3,0,1,1,0,0,0,Elva
1,3,4,18,19,37,25,17,42,14,20,34,0,1,1,0,0,0,Usseglio
156,226,382,989,988,1977,1735,1450,3185,862,1238,2100,284,289,573,11,22,33,Capriolo
178,244,422,713,743,1456,738,636,1374,354,542,896,105,142,247,6,27,33,Strambino
20,18,38,42,46,88,46,50,96,25,56,81,10,4,14,0,1,1,Rivalba
144,195,339,601,591,1192,590,494,1084,321,403,724,127,215,342,14,28,42,Loreto Aprutino
4,9,13,39,30,69,51,38,89,39,54,93,4,4,8,1,1,2,Grizzana Morandi
19,21,40,76,74,150,75,65,140,55,74,129,9,13,22,1,0,1,Zavattarello
219,286,505,699,674,1373,860,742,1602,482,578,1060,267,389,656,57,143,200,Roggiano Gravina
90,104,194,345,281,626,338,284,622,188,214,402,94,122,216,3,4,7,San Costanzo
46,59,105,220,245,465,343,236,579,194,238,432,56,52,108,3,8,11,Santa Cristina e Bissone
242,314,556,881,921,1802,1275,1068,2343,682,781,1463,380,496,876,143,172,315,San Giovanni Gemini
108,157,265,399,429,828,472,412,884,299,401,700,93,177,270,3,12,15,Manciano
542,574,1116,1168,1215,2383,800,778,1578,345,554,899,183,239,422,7,11,18,Monte Porzio Catone
41,47,88,153,152,305,176,120,296,82,103,185,37,59,96,2,6,8,Moscufo
699,813,1512,1172,1342,2514,615,577,1192,404,628,1032,168,250,418,26,61,87,Soverato
16,14,30,51,49,100,46,48,94,32,36,68,12,28,40,2,9,11,Vallerotonda
20,25,45,93,78,171,111,96,207,73,73,146,41,47,88,8,34,42,Stignano
15,14,29,46,40,86,42,25,67,36,73,109,10,22,32,2,5,7,Sant'Ilario dello Ionio
15,26,41,118,81,199,103,85,188,76,90,166,7,16,23,1,1,2,Paspardo
44,73,117,300,231,531,285,264,549,104,196,300,52,59,111,1,2,3,Fogliano Redipuglia
41,68,109,262,250,512,364,278,642,193,225,418,55,52,107,5,10,15,Pagazzano
1337,1487,2824,4181,4200,8381,3630,3469,7099,1707,2723,4430,702,811,1513,54,81,135,Bresso
40,58,98,210,196,406,333,278,611,132,180,312,67,56,123,8,2,10,Barzana
22,34,56,101,97,198,114,102,216,87,99,186,21,43,64,2,7,9,Castorano
100,116,216,357,308,665,366,285,651,262,335,597,109,210,319,20,41,61,Scerni
0,0,0,5,2,7,10,7,17,2,3,5,0,1,1,0,0,0,Barbona
36,38,74,216,177,393,142,171,313,89,140,229,27,44,71,38,49,87,Santa Maria la Longa
31,34,65,115,113,228,160,142,302,87,102,189,26,24,50,1,1,2,Malgesso
200,315,515,935,816,1751,1054,840,1894,481,720,1201,275,300,575,24,48,72,Mariglianella
72,94,166,185,210,395,165,139,304,102,146,248,27,29,56,1,3,4,Carate Urio
40,51,91,255,232,487,318,282,600,195,287,482,64,97,161,10,38,48,Corbola
506,712,1218,1363,1578,2941,1385,1259,2644,753,1014,1767,326,460,786,64,66,130,Sant'Agata di Militello
140,144,284,546,459,1005,583,552,1135,387,424,811,180,226,406,57,135,192,San Pietro a Maida
24,42,66,87,121,208,373,249,622,119,134,253,44,91,135,8,5,13,Seui
38,47,85,219,197,416,188,184,372,98,122,220,36,72,108,7,8,15,Pietralunga
27,39,66,108,93,201,121,79,200,78,106,184,21,38,59,12,14,26,Santo Stefano in Aspromonte
94,141,235,426,401,827,320,296,616,185,252,437,64,106,170,4,10,14,Cittaducale
13,10,23,44,41,85,24,27,51,22,34,56,4,8,12,3,0,3,Montelparo
218,242,460,914,857,1771,872,826,1698,446,624,1070,204,282,486,10,18,28,Quarto d'Altino
17,21,38,108,86,194,83,69,152,46,76,122,10,21,31,4,2,6,Arena Po
70,116,186,237,218,455,215,156,371,111,143,254,58,85,143,4,9,13,Mirabello Sannitico
41,46,87,171,139,310,178,182,360,114,166,280,27,39,66,3,10,13,Quattordio
136,220,356,471,450,921,471,365,836,159,209,368,92,99,191,1,5,6,Cura Carpignano
70,71,141,266,236,502,389,341,730,263,259,522,117,147,264,38,66,104,San Lorenzo del Vallo
23,23,46,61,61,122,76,74,150,37,80,117,10,23,33,0,1,1,Falerone
53,87,140,294,272,566,328,306,634,157,214,371,52,70,122,1,5,6,San Raffaele Cimena
30,20,50,175,150,325,204,191,395,134,183,317,30,58,88,6,3,9,Piedimulera
33,37,70,121,108,229,77,87,164,48,70,118,24,46,70,4,7,11,Conza della Campania
66,72,138,211,202,413,186,147,333,108,120,228,31,63,94,1,3,4,Colli del Tronto
594,608,1202,1013,1159,2172,913,757,1670,378,553,931,201,298,499,19,88,107,Vallo della Lucania
210,270,480,870,700,1570,643,633,1276,385,699,1084,107,150,257,7,9,16,Fagagna
96,129,225,388,376,764,470,415,885,266,343,609,96,90,186,2,4,6,Gressan
10,20,30,45,55,100,63,45,108,43,59,102,10,17,27,0,0,0,Balestrino
41,53,94,199,190,389,283,261,544,185,181,366,51,58,109,2,15,17,Cadegliano-Viconago
52,58,110,294,372,666,785,647,1432,318,343,661,126,142,268,4,6,10,Comezzano-Cizzago
16,19,35,49,39,88,29,28,57,21,30,51,2,5,7,1,2,3,Chianche
102,154,256,425,401,826,377,342,719,202,343,545,55,87,142,2,10,12,Ameglia
10,18,28,47,58,105,68,48,116,33,30,63,6,11,17,0,1,1,Brissago-Valtravaglia
16,20,36,96,90,186,141,115,256,71,94,165,13,28,41,4,6,10,Ne
200,226,426,625,637,1262,434,404,838,204,345,549,94,136,230,4,10,14,Trevignano Romano
50,60,110,181,206,387,208,168,376,105,135,240,40,66,106,10,22,32,Sicignano degli Alburni
31,42,73,104,97,201,106,114,220,90,106,196,19,19,38,2,1,3,Cogne
13,16,29,51,76,127,87,75,162,51,65,116,24,38,62,4,6,10,Missanello
9,6,15,56,37,93,39,26,65,32,36,68,6,9,15,1,2,3,Nespolo
51,46,97,158,136,294,111,112,223,69,108,177,29,57,86,3,6,9,Ausonia
9,14,23,58,46,104,57,47,104,29,43,72,5,12,17,0,0,0,Cossombrato
548,584,1132,1458,1486,2944,1559,1335,2894,784,1213,1997,398,420,818,24,32,56,Casalmaggiore
129,175,304,527,568,1095,699,612,1311,406,513,919,145,168,313,16,24,40,Ponte Lambro
5,7,12,27,24,51,24,25,49,29,32,61,5,11,16,1,0,1,Fuipiano Valle Imagna
99,112,211,415,416,831,441,363,804,228,295,523,50,67,117,8,10,18,Casella
303,428,731,1656,1738,3394,1760,1460,3220,682,947,1629,298,395,693,11,35,46,San Cesareo
38,34,72,196,180,376,204,171,375,103,118,221,40,39,79,2,1,3,Palazzo Pignano
122,173,295,596,575,1171,882,699,1581,555,718,1273,159,276,435,30,73,103,Fragagnano
126,180,306,621,608,1229,622,550,1172,369,670,1039,118,154,272,5,6,11,Pizzighettone
362,409,771,1189,1172,2361,1367,1183,2550,694,1076,1770,263,259,522,19,33,52,Turate
44,65,109,219,190,409,228,171,399,109,149,258,46,78,124,8,21,29,Pietrafitta
310,348,658,928,920,1848,876,840,1716,479,785,1264,151,164,315,5,5,10,Sarnico
535,659,1194,1460,1440,2900,1251,1085,2336,538,860,1398,276,392,668,30,58,88,San Sebastiano al Vesuvio
266,316,582,828,808,1636,759,639,1398,427,603,1030,153,153,306,8,13,21,Capiago Intimiano
105,118,223,483,432,915,533,483,1016,282,379,661,83,121,204,4,8,12,San Vito di Leguzzano
431,522,953,1585,1605,3190,1698,1670,3368,871,1309,2180,281,355,636,30,53,83,Rivarolo Canavese
36,45,81,127,123,250,179,144,323,77,102,179,42,76,118,7,18,25,Castiglione Cosentino
55,64,119,176,160,336,172,138,310,139,141,280,49,82,131,4,30,34,San Fili
16,22,38,82,68,150,88,82,170,54,92,146,13,24,37,2,0,2,Bairo
89,133,222,499,415,914,556,481,1037,331,543,874,94,114,208,12,15,27,Crocetta del Montello
13,15,28,42,36,78,31,33,64,41,36,77,12,13,25,0,0,0,Barbaresco
113,173,286,489,493,982,652,574,1226,367,470,837,150,123,273,7,17,24,Centallo
91,122,213,363,391,754,387,323,710,232,289,521,73,73,146,3,3,6,Colverde
15,26,41,45,59,104,42,32,74,39,49,88,3,16,19,0,1,1,Altidona
11,19,30,75,51,126,117,87,204,107,106,213,26,59,85,2,11,13,Liscia
98,139,237,612,609,1221,937,769,1706,428,591,1019,170,165,335,8,17,25,Osio Sopra
6,4,10,37,25,62,50,37,87,22,27,49,9,14,23,1,3,4,Provaglio Val Sabbia
7,5,12,28,26,54,42,34,76,32,26,58,8,24,32,10,13,23,Buonvicino
13,14,27,61,51,112,87,64,151,73,86,159,20,16,36,8,9,17,Volongo
485,649,1134,2071,2061,4132,2316,1944,4260,907,1341,2248,382,464,846,21,34,55,Cesate
6,7,13,47,46,93,48,32,80,20,32,52,5,3,8,0,1,1,Nucetto
108,126,234,515,502,1017,612,524,1136,374,446,820,91,106,197,6,8,14,Dovera
47,63,110,226,229,455,266,231,497,177,231,408,37,43,80,7,10,17,Cassano Spinola
66,95,161,217,216,433,189,184,373,139,171,310,45,55,100,3,4,7,Polpenazze del Garda
7,12,19,42,47,89,60,47,107,43,39,82,19,17,36,0,4,4,Castel Gabbiano
9,19,28,93,90,183,125,107,232,77,110,187,26,20,46,2,3,5,Varisella
102,124,226,555,606,1161,667,528,1195,221,272,493,161,157,318,5,6,11,Zibido San Giacomo
2588,2700,5288,4706,4973,9679,3222,3178,6400,1481,2128,3609,760,853,1613,25,46,71,Segrate
254,338,592,1120,1228,2348,1129,902,2031,680,956,1636,166,183,349,12,15,27,Inveruno
26,36,62,65,61,126,68,50,118,31,51,82,9,13,22,1,2,3,Salerano Canavese
31,58,89,200,196,396,213,153,366,104,171,275,36,44,80,3,1,4,Niardo
7,17,24,54,57,111,68,66,134,50,67,117,18,18,36,4,3,7,Lesegno
6,23,29,88,86,174,106,75,181,37,50,87,13,15,28,1,0,1,San Didero
81,107,188,343,346,689,396,355,751,269,400,669,58,77,135,5,6,11,Carpignano Sesia
108,166,274,661,623,1284,858,749,1607,363,491,854,156,191,347,8,22,30,Sant'Ambrogio di Torino
392,456,848,1630,1494,3124,1506,1380,2886,797,1229,2026,307,313,620,15,25,40,Creazzo
52,87,139,408,339,747,473,399,872,254,419,673,82,106,188,4,9,13,Albaredo d'Adige
40,34,74,181,178,359,179,142,321,120,154,274,37,39,76,2,2,4,Bressanvido
46,100,146,297,254,551,272,215,487,147,167,314,61,97,158,1,7,8,Bagnara di Romagna
17,22,39,76,87,163,141,98,239,91,113,204,19,37,56,3,8,11,Olevano di Lomellina
495,617,1112,1571,1481,3052,1431,1346,2777,897,1301,2198,254,387,641,9,13,22,Montegrotto Terme
11,16,27,42,47,89,63,44,107,38,55,93,10,12,22,3,1,4,Castelspina
69,63,132,328,309,637,478,394,872,249,351,600,93,113,206,10,11,21,Gambellara
24,30,54,71,66,137,79,59,138,40,61,101,8,10,18,0,1,1,Premeno
155,212,367,843,837,1680,1502,1150,2652,584,830,1414,364,468,832,59,110,169,Striano
151,150,301,501,482,983,438,431,869,219,336,555,86,83,169,3,3,6,Lazise
8,13,21,47,43,90,76,55,131,52,90,142,27,33,60,4,9,13,Oliveto Lucano
56,88,144,206,168,374,188,141,329,139,200,339,24,52,76,5,7,12,Collelongo
294,400,694,988,1024,2012,1205,885,2090,660,765,1425,287,398,685,77,117,194,Montalbano Jonico
14,21,35,51,56,107,50,48,98,21,32,53,12,14,26,0,1,1,Montechiarugolo
81,91,172,403,350,753,633,480,1113,269,345,614,104,113,217,13,11,24,Montello
57,69,126,361,311,672,353,318,671,270,369,639,70,97,167,2,7,9,Muzzana del Turgnano
339,429,768,1552,1448,3000,1625,1386,3011,763,1230,1993,340,385,725,19,25,44,Spresiano
8,11,19,55,77,132,78,69,147,62,77,139,6,23,29,1,2,3,Varsi
4,8,12,29,26,55,43,28,71,25,23,48,7,5,12,0,1,1,Borgo Priolo
125,142,267,521,488,1009,697,579,1276,367,511,878,136,124,260,4,8,12,Paladina
327,454,781,1541,1515,3056,1925,1651,3576,842,1073,1915,330,314,644,11,12,23,Castel Mella
19,24,43,59,58,117,56,53,109,37,66,103,15,9,24,1,1,2,Antignano
54,81,135,254,269,523,295,242,537,145,227,372,52,38,90,2,7,9,Solferino
289,395,684,1177,1100,2277,1157,1036,2193,561,776,1337,218,268,486,4,17,21,Mestrino
27,24,51,103,102,205,117,95,212,91,110,201,37,58,95,9,26,35,Savignano Irpino
1,1,2,13,6,19,14,5,19,8,12,20,1,1,2,0,0,0,Valbrevenna
58,52,110,231,164,395,120,129,249,88,147,235,40,87,127,2,5,7,Lama dei Peligni
8,5,13,62,52,114,57,47,104,21,54,75,9,16,25,0,1,1,Sant'Urbano
224,265,489,1013,921,1934,1582,1369,2951,619,855,1474,356,419,775,67,137,204,Cesa
14,14,28,30,49,79,47,43,90,43,41,84,8,21,29,0,0,0,Besenzone
0,1,1,20,16,36,26,18,44,16,30,46,2,2,4,1,0,1,Paganico Sabino
6,10,16,24,40,64,66,51,117,44,48,92,6,9,15,1,3,4,Villanova Truschedu
177,281,458,718,831,1549,871,662,1533,506,703,1209,223,301,524,36,58,94,Piana degli Albanesi
47,60,107,276,326,602,480,357,837,210,220,430,78,71,149,6,7,13,Caselle Lurani
146,234,380,676,560,1236,486,434,920,271,412,683,113,165,278,10,37,47,Aquino
53,79,132,180,143,323,94,100,194,55,98,153,35,31,66,4,15,19,Circello
37,52,89,150,172,322,276,191,467,130,163,293,55,64,119,14,22,36,Graniti
10,7,17,34,36,70,46,31,77,19,37,56,5,8,13,0,0,0,Vanzone con San Carlo
4,11,15,21,26,47,70,51,121,45,50,95,14,23,37,3,4,7,Villa Verde
18,13,31,59,57,116,93,69,162,42,62,104,7,9,16,1,0,1,Cassina Valsassina
713,882,1595,2207,2176,4383,2067,1845,3912,1110,1822,2932,419,459,878,35,63,98,Codogno
113,124,237,334,362,696,469,387,856,313,361,674,129,166,295,33,43,76,Montevago
102,129,231,437,414,851,563,516,1079,281,338,619,155,177,332,36,55,91,Piedimonte Etneo
340,337,677,990,1120,2110,1445,1277,2722,993,1365,2358,500,705,1205,175,186,361,Campobello di Mazara
66,68,134,156,183,339,231,212,443,221,269,490,77,104,181,16,22,38,San Pier Niceto
93,117,210,524,513,1037,523,480,1003,291,368,659,91,163,254,18,19,37,Pace del Mela
558,564,1122,1965,1982,3947,2000,1535,3535,985,1632,2617,348,424,772,10,31,41,Casalpusterlengo
72,89,161,370,287,657,268,281,549,207,295,502,73,122,195,3,11,14,Sigillo
51,95,146,342,311,653,695,519,1214,365,490,855,162,232,394,22,46,68,Faggiano
14,19,33,100,83,183,106,82,188,58,103,161,10,25,35,4,9,13,Morolo
44,58,102,123,109,232,161,144,305,78,114,192,41,66,107,8,20,28,Laino Borgo
190,247,437,637,558,1195,537,520,1057,289,379,668,128,182,310,9,16,25,Novafeltria
81,140,221,291,338,629,435,274,709,286,404,690,85,118,203,3,12,15,Cerreto Guidi
1348,1644,2992,4532,4315,8847,4404,4024,8428,2478,3949,6427,786,1163,1949,82,85,167,Piombino
115,123,238,348,342,690,304,251,555,150,199,349,70,128,198,11,22,33,San Salvatore Telesino
21,35,56,88,120,208,197,162,359,128,161,289,22,47,69,1,6,7,Bonnanaro
12,22,34,116,128,244,311,244,555,120,121,241,54,75,129,14,7,21,San Basilio
33,45,78,146,166,312,349,277,626,161,143,304,59,105,164,15,24,39,Furtei
14,33,47,73,100,173,113,101,214,58,55,113,16,38,54,3,1,4,Girasole
110,119,229,444,461,905,531,390,921,281,314,595,135,164,299,32,89,121,Mileto
9,7,16,38,30,68,47,27,74,34,38,72,10,7,17,1,1,2,Castel di Tora
2095,2626,4721,5852,5975,11827,5737,4412,10149,3340,5008,8348,1206,1653,2859,82,110,192,Cascina
30,30,60,125,122,247,186,142,328,106,128,234,25,67,92,1,7,8,Bassano in Teverina
89,125,214,397,426,823,556,458,1014,343,355,698,176,243,419,53,130,183,Saracena
904,1131,2035,3446,3582,7028,3571,2937,6508,1807,2374,4181,628,748,1376,42,63,105,Seveso
19,9,28,44,38,82,44,41,85,28,31,59,7,15,22,3,20,23,Polia
166,206,372,802,749,1551,1161,886,2047,573,788,1361,207,220,427,16,15,31,Bonate Sotto
25,28,53,125,103,228,123,118,241,53,99,152,12,30,42,1,3,4,Gavorrano
12,7,19,36,39,75,50,46,96,32,40,72,7,16,23,0,1,1,Roccantica
12,18,30,65,59,124,52,48,100,35,61,96,17,19,36,2,2,4,Castel San Pietro Romano
65,95,160,277,296,573,286,235,521,155,210,365,56,51,107,6,7,13,Monvalle
140,194,334,827,789,1616,1225,983,2208,708,855,1563,260,429,689,16,35,51,Solesino
6,3,9,23,22,45,28,24,52,19,34,53,3,4,7,1,0,1,Cornovecchio
42,54,96,307,229,536,313,276,589,159,267,426,54,89,143,2,1,3,Torviscosa
23,33,56,128,115,243,114,93,207,73,105,178,16,23,39,1,0,1,Campolongo Tapogliano
327,386,713,1555,1515,3070,1705,1454,3159,814,1200,2014,334,363,697,9,17,26,Castel d'Azzano
50,55,105,291,232,523,280,297,577,204,256,460,59,100,159,3,6,9,Orgiano
1112,1362,2474,3971,3903,7874,4632,3713,8345,2281,3111,5392,1153,1486,2639,155,318,473,Gragnano
1316,1644,2960,3803,3602,7405,2922,2721,5643,1240,2288,3528,482,768,1250,34,65,99,Tivoli
52,99,151,402,386,788,555,506,1061,284,329,613,86,77,163,2,4,6,Artogne
33,61,94,266,218,484,239,209,448,151,189,340,32,40,72,2,3,5,Spinadesco
126,161,287,375,397,772,463,414,877,254,270,524,79,82,161,4,12,16,Saint-Pierre
12,21,33,35,44,79,42,35,77,23,40,63,5,10,15,2,0,2,Comano
33,59,92,186,196,382,248,199,447,130,175,305,60,61,121,3,4,7,Busano
3,4,7,22,16,38,23,22,45,10,28,38,3,1,4,1,0,1,Sueglio
246,281,527,621,615,1236,619,571,1190,285,477,762,128,132,260,8,8,16,Malgrate
161,202,363,867,881,1748,1088,924,2012,626,721,1347,268,374,642,56,46,102,Melilli
951,1100,2051,3358,3421,6779,4783,4213,8996,2335,3144,5479,1260,1603,2863,397,411,808,Partinico
28,53,81,104,137,241,205,155,360,109,143,252,46,86,132,4,5,9,Suni
20,25,45,41,39,80,51,40,91,43,45,88,26,29,55,2,10,12,Cosoleto
119,133,252,616,560,1176,852,688,1540,498,614,1112,200,323,523,15,31,46,Canino
428,616,1044,1741,1626,3367,2316,1772,4088,1159,1477,2636,620,895,1515,106,215,321,Laterza
59,72,131,233,286,519,339,254,593,215,271,486,55,93,148,5,6,11,Marradi
68,65,133,184,207,391,250,170,420,162,238,400,44,67,111,3,2,5,Vinci
28,51,79,126,131,257,165,98,263,93,131,224,40,52,92,1,6,7,Campoli Appennino
25,46,71,194,156,350,263,206,469,123,178,301,41,69,110,2,2,4,Scandriglia
67,75,142,424,378,802,488,403,891,224,379,603,88,132,220,4,9,13,Sant'Oreste
13,15,28,76,77,153,106,92,198,70,76,146,19,26,45,1,3,4,Matrice
41,47,88,169,150,319,163,137,300,96,124,220,86,98,184,35,57,92,Castelsaraceno
34,51,85,118,125,243,266,182,448,121,125,246,41,73,114,5,13,18,Atzara
10,12,22,50,57,107,78,50,128,32,55,87,17,31,48,14,22,36,San Floro
68,107,175,388,391,779,435,326,761,243,328,571,88,117,205,6,8,14,Savignano sul Panaro
145,155,300,418,389,807,356,309,665,155,235,390,72,90,162,1,2,3,Arcugnano
172,198,370,673,691,1364,649,534,1183,432,605,1037,192,222,414,16,38,54,Busseto
34,36,70,157,116,273,143,160,303,129,148,277,60,83,143,13,20,33,Acquaformosa
38,44,82,164,163,327,438,392,830,213,247,460,126,134,260,58,110,168,Fabrizia
482,603,1085,1626,1681,3307,1797,1484,3281,877,1114,1991,449,618,1067,70,242,312,Taurianova
23,28,51,92,91,183,119,76,195,63,66,129,28,44,72,14,27,41,Fornelli
333,390,723,1055,992,2047,1473,1337,2810,923,1070,1993,448,764,1212,80,149,229,Racale
637,904,1541,2699,2902,5601,3590,3061,6651,2273,2577,4850,902,1322,2224,193,412,605,Fasano
173,266,439,909,890,1799,1031,836,1867,439,745,1184,137,196,333,15,19,34,Arcola
67,83,150,266,262,528,227,190,417,91,121,212,48,33,81,0,2,2,Calliano
21,22,43,112,117,229,113,79,192,77,106,183,30,75,105,13,26,39,Montauro
10,15,25,66,55,121,60,60,120,36,63,99,12,16,28,0,4,4,Isola Sant'Antonio
32,38,70,110,110,220,156,134,290,76,115,191,23,34,57,1,4,5,Refrancore
9,19,28,48,35,83,62,56,118,61,74,135,8,10,18,1,0,1,Vinadio
5,7,12,18,21,39,53,29,82,15,22,37,7,8,15,1,4,5,Acquafondata
81,88,169,150,162,312,122,107,229,76,158,234,30,46,76,0,2,2,Monteroduni
25,27,52,188,129,317,88,91,179,49,77,126,17,26,43,1,0,1,Peio
24,46,70,149,139,288,144,140,284,82,102,184,30,28,58,0,1,1,Carisolo
192,259,451,580,572,1152,591,619,1210,302,527,829,106,121,227,6,11,17,Torre Pellice
90,111,201,318,301,619,220,181,401,207,264,471,100,179,279,50,102,152,Oriolo
102,118,220,410,338,748,372,334,706,215,337,552,83,78,161,2,4,6,Longare
27,39,66,190,166,356,248,253,501,169,183,352,105,133,238,31,51,82,San Mauro Forte
333,344,677,1134,1017,2151,1076,1196,2272,407,666,1073,140,222,362,7,17,24,Grado
117,161,278,379,293,672,274,272,546,196,245,441,98,172,270,19,44,63,Tramutola
43,76,119,222,269,491,391,267,658,203,300,503,66,118,184,5,10,15,Gambassi Terme
1932,2254,4186,6134,6398,12532,4786,4303,9089,1941,3083,5024,878,1283,2161,47,92,139,Ciampino
97,142,239,442,494,936,547,427,974,296,345,641,111,147,258,8,10,18,Marano sul Panaro
3,4,7,8,6,14,8,11,19,9,23,32,2,1,3,0,0,0,Lusevera
1545,1935,3480,5169,5328,10497,6877,5615,12492,3530,4180,7710,1987,2486,4473,296,562,858,Gravina in Puglia
14,23,37,54,52,106,61,53,114,36,46,82,13,18,31,3,1,4,Collazzone
143,147,290,371,422,793,386,261,647,176,232,408,62,116,178,23,60,83,San Marco Argentano
110,184,294,768,720,1488,1093,959,2052,441,537,978,196,218,414,7,26,33,Volvera
35,45,80,140,127,267,142,136,278,83,108,191,21,30,51,1,1,2,Casalborgone
2,5,7,7,8,15,19,11,30,15,10,25,2,0,2,0,0,0,Groscavallo
46,59,105,164,153,317,260,186,446,119,167,286,31,36,67,2,6,8,Bollengo
846,1180,2026,2624,2826,5450,3206,2546,5752,2384,2959,5343,725,1116,1841,56,90,146,Poggibonsi
214,283,497,593,579,1172,749,650,1399,472,553,1025,161,264,425,9,23,32,Monteroni d'Arbia
5,6,11,30,21,51,21,23,44,17,27,44,1,2,3,0,0,0,Cantalupo Ligure
18,26,44,74,63,137,117,84,201,47,80,127,20,32,52,1,4,5,Campagnatico
353,354,707,871,817,1688,1014,915,1929,589,851,1440,177,183,360,6,7,13,Ponteranica
24,26,50,132,112,244,141,111,252,68,91,159,50,49,99,30,60,90,Orsomarso
257,349,606,913,961,1874,1118,1043,2161,545,854,1399,207,249,456,6,26,32,Asola
739,891,1630,3135,3178,6313,3957,3478,7435,1888,2594,4482,736,819,1555,47,99,146,Carmagnola
13,17,30,60,60,120,95,78,173,78,102,180,12,10,22,1,0,1,Carisio
133,170,303,787,796,1583,1032,994,2026,570,778,1348,164,215,379,11,41,52,Crescentino
130,157,287,498,541,1039,500,465,965,272,396,668,101,109,210,6,9,15,Cherasco
91,111,202,369,424,793,538,441,979,274,419,693,108,86,194,5,8,13,Ornavasso
87,101,188,330,303,633,253,217,470,147,212,359,107,178,285,39,112,151,Montecalvo Irpino
78,86,164,312,304,616,395,382,777,223,325,548,75,77,152,4,12,16,Castagnole delle Lanze
24,35,59,54,68,122,42,31,73,33,28,61,11,7,18,0,0,0,Cella Monte
442,588,1030,1731,1706,3437,1854,1604,3458,777,1108,1885,403,582,985,107,250,357,Sala Consilina
54,89,143,259,237,496,283,294,577,158,319,477,53,80,133,2,3,5,Fratta Polesine
13,8,21,25,32,57,37,35,72,27,27,54,9,4,13,0,1,1,Diano Arentino
10,19,29,78,52,130,72,58,130,31,70,101,9,12,21,1,1,2,Morsasco
63,97,160,287,288,575,362,313,675,192,276,468,48,60,108,2,4,6,Donnas
0,4,4,20,14,34,15,6,21,17,22,39,3,2,5,0,0,0,Costa Vescovato
373,494,867,1223,1276,2499,1381,1258,2639,733,1034,1767,263,293,556,19,44,63,Besozzo
20,32,52,100,79,179,92,85,177,94,92,186,19,41,60,4,11,15,Montaquila
3,7,10,27,26,53,27,16,43,8,15,23,0,7,7,0,2,2,Belveglio
22,42,64,157,146,303,173,157,330,97,139,236,37,59,96,1,2,3,Rotello
3118,3549,6667,7592,7480,15072,7064,6336,13400,3419,5434,8853,1366,1649,3015,123,214,337,Gallarate
25,42,67,130,110,240,96,89,185,64,94,158,21,29,50,3,5,8,Torano Nuovo
26,41,67,128,148,276,159,129,288,90,119,209,20,35,55,0,1,1,Brusimpiano
12,23,35,104,95,199,169,142,311,90,118,208,43,79,122,15,30,45,Pietrapertosa
133,150,283,439,475,914,529,458,987,180,229,409,73,100,173,3,4,7,Aldeno
310,404,714,1226,1225,2451,1268,1072,2340,647,982,1629,262,239,501,19,23,42,Mozzate
39,47,86,142,139,281,178,131,309,83,112,195,31,23,54,2,0,2,Castelmarte
503,573,1076,1360,1468,2828,1403,1411,2814,730,1141,1871,220,280,500,11,18,29,Finale Ligure
39,50,89,242,248,490,414,304,718,183,231,414,58,62,120,3,1,4,Capralba
286,365,651,1011,982,1993,1207,929,2136,514,729,1243,260,389,649,91,164,255,Avella
13,12,25,60,58,118,51,50,101,32,52,84,10,17,27,0,0,0,Dizzasco
232,288,520,1030,908,1938,1934,1622,3556,796,1040,1836,450,604,1054,117,211,328,Casaluce
160,181,341,614,581,1195,680,566,1246,346,500,846,122,109,231,11,20,31,Locate Varesino
24,33,57,149,141,290,213,179,392,132,184,316,29,45,74,1,4,5,Demonte
271,336,607,924,959,1883,909,880,1789,408,642,1050,120,182,302,28,32,60,Cogoleto
41,53,94,116,137,253,147,105,252,64,83,147,22,21,43,0,1,1,Proserpio
18,24,42,85,99,184,221,191,412,162,177,339,109,105,214,30,51,81,Melissa
84,141,225,463,371,834,367,338,705,208,341,549,62,75,137,1,3,4,Artegna
35,39,74,144,131,275,171,167,338,103,102,205,33,60,93,25,35,60,Celle di Bulgheria
18,19,37,92,74,166,83,52,135,48,56,104,14,28,42,5,13,18,Fiumefreddo Bruzio
73,102,175,207,225,432,252,182,434,149,189,338,76,107,183,10,23,33,Satriano di Lucania
143,135,278,479,517,996,861,681,1542,328,462,790,217,301,518,57,133,190,Visciano
50,48,98,225,239,464,288,253,541,169,249,418,41,59,100,3,4,7,Villanova Monferrato
2,5,7,9,8,17,10,7,17,4,10,14,2,0,2,0,0,0,Torre Bormida
41,46,87,82,103,185,75,48,123,77,86,163,34,74,108,9,30,39,San Giorgio Albanese
129,210,339,678,726,1404,1016,872,1888,516,696,1212,163,232,395,8,21,29,Cilavegna
244,363,607,761,699,1460,639,493,1132,348,443,791,121,234,355,23,44,67,Rogliano
51,77,128,273,267,540,379,305,684,186,255,441,91,82,173,5,7,12,Bassano Bresciano
16,24,40,54,55,109,67,51,118,35,50,85,7,13,20,0,1,1,Verduno
19,22,41,70,69,139,73,61,134,28,48,76,11,12,23,0,0,0,Colazza
112,124,236,464,407,871,482,403,885,217,290,507,80,98,178,1,3,4,Due Carrare
16,32,48,101,89,190,97,86,183,75,130,205,15,34,49,1,3,4,Capestrano
9,13,22,65,66,131,87,58,145,39,43,82,9,16,25,1,1,2,Belforte Monferrato
3,9,12,34,29,63,43,29,72,26,32,58,5,7,12,0,0,0,Vigliano d'Asti
585,771,1356,2529,2492,5021,2648,2212,4860,1177,1728,2905,471,507,978,20,37,57,Caronno Pertusella
479,572,1051,1908,1796,3704,2109,1873,3982,1292,1583,2875,543,732,1275,109,129,238,Capurso
832,932,1764,3419,3309,6728,3875,3268,7143,1688,2685,4373,703,747,1450,46,62,108,Dalmine
8,22,30,62,49,111,44,37,81,17,32,49,9,11,20,1,1,2,San Gregorio nelle Alpi
15,14,29,71,85,156,105,92,197,45,85,130,12,12,24,1,1,2,Castelnuovo Bormida
3,6,9,25,14,39,15,18,33,12,23,35,1,7,8,0,0,0,Cibiana di Cadore
338,458,796,1582,1583,3165,2009,1592,3601,1132,1620,2752,343,414,757,20,44,64,Fagnano Olona
17,19,36,79,75,154,111,103,214,58,64,122,21,20,41,0,1,1,Pontey
91,107,198,378,394,772,469,371,840,272,361,633,83,118,201,9,12,21,Brescello
83,88,171,360,398,758,428,317,745,228,349,577,91,84,175,6,7,13,Madignano
28,36,64,170,152,322,160,135,295,145,212,357,28,29,57,1,6,7,Isola Dovarese
170,225,395,760,824,1584,873,699,1572,418,563,981,158,200,358,12,8,20,Siziano
13,16,29,56,62,118,73,57,130,36,62,98,11,13,24,0,0,0,Brusson
35,57,92,126,152,278,181,152,333,98,120,218,18,33,51,2,5,7,Monasterolo di Savigliano
9,5,14,42,60,102,112,92,204,74,66,140,10,14,24,0,0,0,Dossena
298,358,656,1212,1273,2485,1332,1078,2410,580,941,1521,259,282,541,12,15,27,Vittuone
25,35,60,79,87,166,80,74,154,40,63,103,12,19,31,0,1,1,Camporgiano
1818,2016,3834,5245,5065,10310,4803,4425,9228,2387,4014,6401,929,995,1924,29,52,81,Schio
111,155,266,508,529,1037,840,687,1527,528,671,1199,148,209,357,11,26,37,Serravalle Sesia
680,1029,1709,2841,2900,5741,2424,2015,4439,1416,1794,3210,632,898,1530,28,63,91,Bastia Umbra
140,217,357,582,620,1202,653,504,1157,332,462,794,95,135,230,3,6,9,Uzzano
96,113,209,486,441,927,499,398,897,270,370,640,74,93,167,5,2,7,Illasi
66,86,152,291,253,544,443,371,814,217,266,483,75,70,145,6,10,16,Caprino Bergamasco
23,23,46,90,97,187,103,84,187,64,87,151,15,12,27,0,2,2,Dolcedo
30,32,62,112,117,229,122,120,242,81,122,203,21,41,62,1,1,2,Magliano in Toscana
513,642,1155,2167,2277,4444,2651,2479,5130,1304,1653,2957,636,737,1373,67,82,149,Belpasso
64,86,150,232,239,471,210,172,382,112,174,286,54,73,127,2,5,7,Belforte del Chienti
3,6,9,26,35,61,24,23,47,16,17,33,5,6,11,0,1,1,Mazzin
49,65,114,177,147,324,134,104,238,67,104,171,32,39,71,1,12,13,Sant'Apollinare
160,213,373,547,555,1102,419,361,780,269,338,607,82,121,203,4,9,13,Gioiosa Marea
50,58,108,159,117,276,91,84,175,116,181,297,36,57,93,11,15,26,San Basile
135,157,292,598,527,1125,567,536,1103,324,573,897,72,125,197,0,2,2,San Pellegrino Terme
13,15,28,56,56,112,43,18,61,29,51,80,2,11,13,0,0,0,Coniolo
42,65,107,252,186,438,258,208,466,153,128,281,99,129,228,19,103,122,Aquilonia
126,143,269,376,385,761,397,361,758,219,320,539,83,130,213,4,18,22,Brisighella
15,17,32,48,66,114,136,109,245,74,80,154,36,61,97,7,4,11,Mara
335,365,700,1038,1057,2095,799,677,1476,426,668,1094,185,216,401,7,3,10,San Pietro in Cariano
6,12,18,74,70,144,186,180,366,104,103,207,19,23,42,0,1,1,Colere
307,373,680,1151,1095,2246,1280,1212,2492,621,986,1607,219,303,522,9,16,25,Clusone
13,16,29,45,43,88,80,70,150,35,57,92,16,21,37,0,6,6,Borghi
29,39,68,167,139,306,192,156,348,124,137,261,35,49,84,11,17,28,Rota Greca
80,108,188,432,438,870,553,487,1040,363,454,817,110,129,239,35,19,54,Dubino
36,54,90,253,255,508,242,186,428,117,193,310,22,42,64,3,4,7,Valfurva
430,524,954,1620,1543,3163,1532,1421,2953,825,1198,2023,294,325,619,7,21,28,Caldogno
57,46,103,198,174,372,209,192,401,194,239,433,74,123,197,21,32,53,Sant'Elia a Pianisi
562,714,1276,1674,1701,3375,1161,1247,2408,593,976,1569,238,291,529,29,48,77,Recco
113,124,237,462,480,942,428,389,817,242,357,599,80,80,160,3,2,5,Malcesine
47,77,124,303,239,542,321,312,633,254,344,598,68,129,197,16,35,51,Minervino di Lecce
43,51,94,208,184,392,279,220,499,154,201,355,51,121,172,8,19,27,Maenza
343,423,766,1238,1181,2419,1592,1335,2927,781,1174,1955,288,301,589,4,12,16,Treviolo
88,94,182,351,445,796,547,387,934,267,328,595,120,99,219,4,13,17,Fornovo San Giovanni
7,12,19,84,67,151,88,88,176,44,69,113,12,17,29,0,1,1,Lenna
176,238,414,775,791,1566,1278,1082,2360,594,898,1492,200,290,490,12,36,48,Mede
20,32,52,104,83,187,81,77,158,81,106,187,21,17,38,0,0,0,Rive d'Arcano
0,12,12,35,23,58,43,27,70,26,49,75,2,5,7,0,1,1,Resiutta
12,16,28,58,81,139,79,58,137,34,48,82,10,24,34,3,8,11,Civitaquana
33,50,83,151,159,310,139,139,278,104,177,281,26,20,46,1,0,1,Godiasco Salice Terme
43,63,106,258,242,500,249,201,450,166,219,385,58,68,126,5,5,10,Dosolo
33,56,89,263,197,460,261,224,485,101,163,264,53,73,126,1,2,3,Sarego
56,62,118,230,255,485,411,348,759,185,271,456,63,84,147,1,15,16,Lomello
18,33,51,116,125,241,176,135,311,68,80,148,32,25,57,1,2,3,Torre d'Arese
9,12,21,58,52,110,79,63,142,34,58,92,12,13,25,0,0,0,Dorzano
185,269,454,891,895,1786,947,825,1772,542,726,1268,175,306,481,11,33,44,Foiano della Chiana
5,2,7,12,12,24,17,15,32,15,17,32,1,2,3,0,0,0,Bedulita
40,45,85,183,186,369,192,170,362,135,199,334,37,58,95,1,4,5,Melara
55,58,113,200,201,401,219,170,389,120,131,251,58,86,144,12,29,41,Torre Orsaia
18,27,45,64,68,132,53,58,111,37,39,76,15,22,37,1,10,11,Sorbo Serpico
20,37,57,130,119,249,142,135,277,109,133,242,15,19,34,1,1,2,Casaleggio Novara
28,32,60,192,183,375,212,189,401,79,118,197,47,59,106,3,4,7,Pravisdomini
37,81,118,226,274,500,424,296,720,239,219,458,72,107,179,7,13,20,Simaxis
28,46,74,85,113,198,184,123,307,119,153,272,19,50,69,4,0,4,Ardauli
31,38,69,95,104,199,95,73,168,54,57,111,11,19,30,1,0,1,Argegno
22,15,37,82,81,163,143,128,271,95,119,214,35,49,84,7,10,17,Ustica
27,45,72,175,198,373,384,321,705,159,181,340,63,63,126,3,11,14,Soleminis
5,12,17,26,32,58,118,72,190,55,78,133,14,21,35,2,1,3,Mogorella
22,50,72,130,138,268,288,221,509,136,140,276,50,54,104,4,11,15,Musei
362,522,884,975,1010,1985,770,631,1401,391,557,948,161,245,406,27,58,85,Roccella Ionica
45,46,91,146,143,289,178,145,323,90,124,214,40,73,113,4,22,26,Torrecuso
30,53,83,188,197,385,226,173,399,75,101,176,37,41,78,1,2,3,Merlino
29,26,55,109,99,208,120,120,240,60,75,135,25,21,46,1,2,3,Corte Palasio
41,54,95,261,288,549,392,274,666,194,216,410,51,78,129,5,5,10,Crespiatica
119,116,235,534,504,1038,704,707,1411,413,504,917,253,321,574,46,62,108,Siculiana
6,12,18,45,39,84,67,54,121,49,44,93,11,10,21,0,1,1,Salmour
129,163,292,632,560,1192,656,530,1186,347,515,862,121,101,222,12,15,27,Civate
166,189,355,806,822,1628,1963,1791,3754,965,1081,2046,558,757,1315,153,136,289,Belmonte Mezzagno
16,21,37,91,69,160,114,85,199,80,73,153,53,59,112,14,50,64,Plataci
35,36,71,80,110,190,96,67,163,46,87,133,7,22,29,0,1,1,Sostegno
20,28,48,63,54,117,56,28,84,24,39,63,12,19,31,2,5,7,Castrolibero
31,42,73,132,114,246,109,123,232,80,76,156,35,47,82,4,1,5,Tortoreto
21,37,58,118,96,214,87,83,170,67,83,150,17,13,30,1,0,1,Borgo Lares
19,22,41,131,98,229,113,124,237,50,85,135,26,51,77,6,27,33,Presenzano
132,175,307,576,532,1108,550,517,1067,327,467,794,116,188,304,4,11,15,Sassoferrato
41,43,84,89,80,169,126,96,222,72,88,160,18,33,51,11,18,29,Laurito
7,1,8,34,28,62,34,21,55,19,32,51,3,5,8,1,2,3,Petrella Salto
137,177,314,535,549,1084,452,390,842,290,402,692,142,205,347,7,26,33,Orsogna
3,1,4,28,36,64,70,71,141,50,65,115,7,14,21,0,0,0,Mura
73,87,160,245,235,480,235,196,431,128,161,289,41,94,135,8,20,28,San Leucio del Sannio
45,60,105,171,173,344,183,171,354,92,113,205,47,57,104,7,22,29,Dugenta
34,57,91,178,181,359,235,185,420,146,195,341,27,32,59,0,0,0,Masera
43,46,89,123,111,234,165,130,295,92,76,168,39,53,92,21,52,73,Cannalonga
16,22,38,111,110,221,187,151,338,94,76,170,65,71,136,42,65,107,Roghudi
762,1036,1798,2283,2388,4671,2123,1813,3936,1280,1725,3005,468,628,1096,29,51,80,Correggio
1,2,3,7,6,13,13,8,21,3,10,13,0,0,0,0,0,0,Montecalvo Versiggia
75,135,210,553,508,1061,475,424,899,312,490,802,111,103,214,5,11,16,Berbenno di Valtellina
7,16,23,48,50,98,61,35,96,41,55,96,10,21,31,2,3,5,Colle di Tora
93,94,187,187,176,363,128,146,274,56,110,166,30,46,76,2,2,4,Bergeggi
17,68,85,190,192,382,258,197,455,129,187,316,28,52,80,2,4,6,Monteflavio
131,158,289,317,324,641,216,191,407,148,210,358,64,110,174,9,28,37,Cerreto Sannita
197,238,435,816,747,1563,1075,859,1934,564,759,1323,194,232,426,17,17,34,Fontaniva
39,66,105,231,197,428,209,175,384,144,214,358,24,28,52,1,3,4,Ruda
94,160,254,594,644,1238,882,695,1577,604,769,1373,157,236,393,16,29,45,Lamporecchio
6,8,14,35,27,62,36,42,78,20,33,53,6,3,9,0,0,0,Frisanco
710,837,1547,2243,2210,4453,1976,1689,3665,825,1377,2202,390,555,945,55,151,206,Casagiove
15,13,28,56,58,114,55,49,104,39,45,84,24,38,62,5,18,23,Gagliato
6,11,17,11,19,30,10,6,16,9,16,25,1,8,9,0,1,1,Gamberale
229,216,445,927,1010,1937,1749,1347,3096,920,1171,2091,317,310,627,32,39,71,Martinengo
72,100,172,451,416,867,807,661,1468,370,450,820,133,158,291,9,15,24,Madone
18,24,42,89,106,195,214,175,389,127,150,277,21,34,55,1,0,1,Issogne
245,314,559,1180,1144,2324,1150,916,2066,595,967,1562,203,211,414,6,12,18,Origgio
7,12,19,31,42,73,36,28,64,13,27,40,8,2,10,0,0,0,Saint-Oyen
5,2,7,4,5,9,4,2,6,1,2,3,2,3,5,0,1,1,Fagnano Alto
4,4,8,25,18,43,23,16,39,11,17,28,1,5,6,0,0,0,Cinzano
12,29,41,105,118,223,212,185,397,96,133,229,29,52,81,10,15,25,Buggerru
95,119,214,397,394,791,521,481,1002,340,401,741,146,270,416,40,49,89,Realmonte
395,438,833,1320,1390,2710,1745,1499,3244,1150,1529,2679,604,872,1476,184,140,324,Menfi
57,58,115,376,363,739,827,670,1497,449,487,936,183,254,437,62,44,106,Lampedusa e Linosa
191,255,446,1650,1490,3140,2089,1817,3906,1074,1278,2352,437,617,1054,62,84,146,Priolo Gargallo
61,78,139,307,362,669,556,495,1051,368,430,798,190,322,512,64,98,162,Alia
5,7,12,15,17,32,11,12,23,8,12,20,2,3,5,1,1,2,Collobiano
0,8,8,16,26,42,65,59,124,52,51,103,22,19,41,2,2,4,Noragugume
126,151,277,504,475,979,611,552,1163,440,542,982,92,93,185,3,4,7,Bienno
203,225,428,648,649,1297,450,355,805,222,371,593,100,109,209,2,4,6,Altopiano della Vigolana
117,152,269,308,321,629,108,113,221,101,153,254,27,76,103,3,5,8,Arpino
9,19,28,57,44,101,61,62,123,46,41,87,17,24,41,2,8,10,Vallemaio
180,216,396,773,762,1535,1046,884,1930,608,718,1326,236,347,583,35,94,129,Serino
16,19,35,54,34,88,48,27,75,26,52,78,8,5,13,0,4,4,Pizzone
18,37,55,75,68,143,62,44,106,16,46,62,6,14,20,0,0,0,Parella
188,227,415,663,686,1349,624,536,1160,340,441,781,131,183,314,8,11,19,Misano Adriatico
60,56,116,222,230,452,267,259,526,169,208,377,75,105,180,24,43,67,Verzino
30,31,61,85,82,167,64,60,124,49,89,138,13,33,46,1,0,1,Penna San Giovanni
536,694,1230,2865,2890,5755,2706,2403,5109,1017,1322,2339,565,647,1212,35,71,106,Ardea
164,218,382,750,719,1469,859,726,1585,486,649,1135,175,164,339,1,8,9,Santorso
515,647,1162,1639,1642,3281,1527,1280,2807,718,936,1654,285,448,733,26,78,104,Alatri
158,219,377,884,911,1795,888,712,1600,503,579,1082,170,314,484,17,56,73,Paliano
32,34,66,113,125,238,152,121,273,107,134,241,25,56,81,3,9,12,Otricoli
58,96,154,436,408,844,704,572,1276,406,387,793,165,277,442,38,68,106,Villaputzu
15,32,47,93,70,163,84,70,154,40,72,112,18,42,60,1,2,3,Montone
29,43,72,146,169,315,213,179,392,108,134,242,33,64,97,5,12,17,Dovadola
198,198,396,591,562,1153,438,443,881,218,307,525,65,115,180,6,14,20,Poggio Mirteto
0,0,0,1,2,3,7,7,14,11,8,19,1,1,2,0,0,0,Zerba
66,78,144,218,220,438,283,237,520,173,258,431,36,45,81,5,12,17,Suno
36,41,77,134,165,299,208,179,387,145,166,311,58,78,136,12,10,22,Castel di Lucio
35,43,78,115,97,212,110,118,228,58,82,140,20,15,35,1,0,1,Roletto
41,43,84,162,156,318,277,229,506,112,144,256,79,70,149,21,58,79,Caraffa di Catanzaro
115,164,279,534,499,1033,447,415,862,341,499,840,105,125,230,4,11,15,Monticelli d'Ongina
500,649,1149,1748,1902,3650,2500,2105,4605,1724,2145,3869,657,1011,1668,147,615,762,Ceglie Messapica
42,37,79,144,125,269,90,104,194,53,58,111,20,30,50,0,1,1,Comano Terme
117,175,292,573,519,1092,681,633,1314,348,497,845,123,165,288,10,32,42,Castellazzo Bormida
20,12,32,45,67,112,65,50,115,51,59,110,7,10,17,1,0,1,Camagna Monferrato
96,120,216,452,422,874,662,558,1220,261,402,663,156,228,384,25,79,104,Falciano del Massico
74,91,165,292,278,570,372,326,698,247,267,514,77,148,225,8,14,22,Montefano
387,451,838,733,786,1519,634,514,1148,424,640,1064,114,186,300,7,12,19,Bagno a Ripoli
44,50,94,183,178,361,169,164,333,128,171,299,41,64,105,2,4,6,San Marcello
2542,3329,5871,7682,7867,15549,5883,5119,11002,2958,3927,6885,1501,1946,3447,90,185,275,Montesilvano
13,13,26,55,64,119,46,32,78,39,47,86,16,26,42,6,12,18,Tortorella
15,28,43,69,60,129,79,76,155,69,65,134,14,34,48,0,5,5,Roccasicura
8,10,18,36,57,93,74,64,138,53,59,112,28,38,66,6,18,24,Santa Marina
40,41,81,52,75,127,27,36,63,10,23,33,4,6,10,0,2,2,Santa Cesarea Terme
80,102,182,406,429,835,728,560,1288,369,501,870,150,127,277,9,15,24,Borgo San Giacomo
106,123,229,298,292,590,234,235,469,141,210,351,53,89,142,2,7,9,Sarnano
56,61,117,190,207,397,222,184,406,118,167,285,61,106,167,6,27,33,Albanella
76,102,178,416,397,813,597,524,1121,401,511,912,106,105,211,7,15,22,Forno Canavese
15,13,28,59,61,120,48,44,92,45,66,111,15,43,58,1,8,9,San Giovanni in Galdo
62,71,133,302,272,574,438,362,800,222,314,536,74,65,139,8,4,12,Acquanegra sul Chiese
25,27,52,64,67,131,49,57,106,42,65,107,39,41,80,3,12,15,Casignana
50,65,115,151,159,310,180,163,343,104,129,233,48,69,117,5,23,28,Caccuri
436,523,959,2115,2039,4154,2460,2210,4670,1083,1547,2630,450,529,979,22,56,78,Volpiano
21,29,50,215,183,398,158,135,293,127,173,300,32,34,66,2,1,3,Valdaone
442,540,982,1898,1621,3519,1806,1544,3350,974,1528,2502,309,360,669,14,30,44,San Martino Buon Albergo
113,169,282,602,606,1208,622,524,1146,308,507,815,93,130,223,7,11,18,Cigliano
40,45,85,122,108,230,110,97,207,77,69,146,15,24,39,0,1,1,Marentino
1288,1475,2763,4709,4736,9445,4734,4071,8805,2383,3199,5582,968,1136,2104,68,113,181,San Giuliano Milanese
2,6,8,19,21,40,21,24,45,11,19,30,5,7,12,0,0,0,Ponzone
302,349,651,1130,1090,2220,1430,1135,2565,674,1072,1746,303,285,588,15,30,45,Gavardo
38,22,60,152,132,284,117,107,224,126,176,302,20,46,66,2,7,9,Castell'Azzara
37,45,82,125,126,251,91,69,160,61,89,150,23,31,54,3,9,12,San Severino Lucano
23,33,56,122,144,266,167,134,301,113,175,288,32,39,71,0,6,6,Borgo Virgilio
55,57,112,188,181,369,226,235,461,161,227,388,36,36,72,2,8,10,Corio
16,17,33,128,114,242,110,95,205,62,118,180,16,12,28,0,0,0,Canale d'Agordo
39,76,115,232,221,453,279,242,521,127,189,316,52,58,110,1,2,3,Bernezzo
37,39,76,143,118,261,165,133,298,108,156,264,37,30,67,0,2,2,Lombriasco
127,161,288,654,656,1310,825,663,1488,497,654,1151,153,182,335,7,18,25,Caronno Varesino
150,144,294,357,389,746,310,292,602,180,267,447,68,90,158,12,27,39,Mirabella Eclano
9,28,37,80,73,153,79,72,151,42,53,95,15,15,30,0,3,3,San Martino sulla Marrucina
2974,3972,6946,7780,8109,15889,7782,6508,14290,4212,4963,9175,2043,2708,4751,460,1002,1462,Lamezia Terme
84,95,179,253,264,517,243,183,426,150,192,342,36,25,61,2,0,2,Capergnanica
250,383,633,1021,1030,2051,1825,1567,3392,786,970,1756,454,657,1111,93,269,362,Torre Santa Susanna
141,196,337,614,686,1300,783,672,1455,418,571,989,144,173,317,8,22,30,Vergato
8,11,19,30,33,63,41,33,74,25,34,59,3,7,10,0,0,0,Villa San Secondo
41,46,87,208,181,389,229,207,436,92,116,208,47,42,89,2,2,4,Terrassa Padovana
318,371,689,984,883,1867,705,673,1378,306,632,938,140,148,288,8,1,9,Pasian di Prato
6,14,20,51,65,116,59,40,99,37,65,102,6,9,15,1,0,1,Lillianes
105,124,229,499,567,1066,893,654,1547,496,656,1152,178,157,335,22,35,57,Calcio
6,13,19,51,47,98,58,52,110,34,52,86,14,15,29,1,0,1,Borgomaro
3,4,7,19,12,31,16,15,31,25,22,47,4,6,10,0,1,1,Rocchetta di Vara
11,23,34,116,88,204,147,140,287,98,110,208,58,90,148,30,39,69,Valle Agricola
17,11,28,127,120,247,100,98,198,77,140,217,13,21,34,0,1,1,Grigno
428,558,986,1292,1434,2726,1113,1092,2205,630,1050,1680,179,241,420,35,37,72,Santa Margherita Ligure
35,47,82,182,164,346,337,283,620,109,127,236,83,118,201,25,28,53,Moschiano
16,27,43,95,89,184,135,120,255,84,75,159,54,85,139,21,73,94,Scala Coeli
144,118,262,417,350,767,304,290,594,158,266,424,91,167,258,9,31,40,Pietragalla
9,9,18,27,30,57,45,25,70,18,14,32,13,16,29,3,7,10,Palomonte
30,41,71,144,127,271,167,161,328,86,96,182,61,65,126,11,53,64,Postiglione
99,133,232,526,446,972,448,414,862,237,371,608,85,117,202,2,8,10,Valvasone Arzene
265,403,668,1153,1349,2502,2012,1437,3449,1399,1471,2870,470,770,1240,49,95,144,Montegranaro
158,174,332,736,635,1371,839,796,1635,451,632,1083,138,142,280,11,17,28,Montebello Vicentino
22,39,61,118,128,246,149,124,273,96,149,245,38,26,64,0,5,5,Sozzago
314,452,766,1408,1297,2705,1263,1133,2396,797,1035,1832,259,435,694,13,39,52,Matelica
9,15,24,28,28,56,65,41,106,31,33,64,14,18,32,0,0,0,Petriano
23,22,45,80,84,164,68,69,137,49,72,121,15,28,43,4,10,14,Santo Stefano del Sole
17,25,42,72,91,163,129,100,229,81,99,180,26,25,51,2,2,4,Soriso
41,29,70,127,137,264,128,105,233,79,109,188,41,63,104,3,3,6,Nerola
279,312,591,987,969,1956,934,775,1709,415,684,1099,190,193,383,12,15,27,Albiate
239,323,562,994,1054,2048,1359,1165,2524,759,1200,1959,196,262,458,8,30,38,Vigliano Biellese
13,8,21,45,57,102,84,78,162,64,85,149,15,17,32,5,2,7,Torre Pallavicina
40,53,93,124,140,264,158,109,267,62,122,184,19,45,64,0,5,5,Mondaino
24,38,62,71,50,121,69,57,126,35,90,125,21,28,49,3,7,10,Caraffa del Bianco
1064,1241,2305,3357,3212,6569,3395,3009,6404,2247,3160,5407,679,926,1605,107,138,245,Putignano
8,6,14,30,42,72,46,43,89,23,39,62,20,30,50,11,24,35,Cirigliano
25,26,51,93,90,183,103,93,196,97,103,200,28,37,65,0,0,0,Barrea
4,7,11,33,39,72,20,12,32,21,25,46,6,5,11,1,0,1,Zelbio
20,24,44,124,94,218,167,117,284,87,103,190,28,22,50,3,5,8,Tarantasca
63,134,197,611,555,1166,1123,888,2011,577,628,1205,201,202,403,9,18,27,Rudiano
325,427,752,1449,1359,2808,1648,1422,3070,828,1119,1947,293,254,547,14,30,44,Uboldo
79,130,209,442,460,902,460,407,867,289,366,655,82,101,183,10,9,19,Lugagnano Val d'Arda
14,12,26,57,54,111,74,56,130,57,60,117,34,39,73,7,16,23,Falconara Albanese
447,602,1049,1789,1671,3460,2055,1757,3812,920,1336,2256,368,414,782,10,17,27,Stezzano
59,67,126,144,110,254,70,70,140,49,68,117,21,20,41,1,1,2,Baone
11,20,31,81,52,133,59,57,116,38,74,112,10,7,17,0,0,0,Baceno
201,268,469,869,812,1681,907,802,1709,499,737,1236,187,192,379,5,25,30,Cambiano
17,33,50,132,130,262,266,233,499,180,215,395,64,58,122,4,10,14,Pogno
35,32,67,84,129,213,137,98,235,68,97,165,27,28,55,2,0,2,San Pietro Mosezzo
22,24,46,108,114,222,177,152,329,92,130,222,15,26,41,0,3,3,Vaprio d'Agogna
320,458,778,1205,1158,2363,1151,1008,2159,699,1002,1701,276,335,611,18,36,54,Sant'Ilario d'Enza
38,42,80,158,169,327,185,160,345,118,169,287,32,26,58,3,7,10,Rivalta Bormida
101,138,239,445,414,859,556,481,1037,309,432,741,97,117,214,7,5,12,Nuvolera
5,7,12,34,30,64,30,33,63,19,33,52,10,11,21,1,1,2,Civita d'Antino
11,29,40,76,72,148,68,53,121,63,78,141,12,32,44,0,4,4,Montottone
133,219,352,712,654,1366,1005,768,1773,572,632,1204,235,349,584,29,31,60,Luco dei Marsi
130,172,302,608,632,1240,793,644,1437,375,473,848,127,113,240,6,7,13,Paratico
47,50,97,156,163,319,179,137,316,117,128,245,73,84,157,26,62,88,Amendolara
38,56,94,197,177,374,202,199,401,106,133,239,27,49,76,2,5,7,Ceregnano
58,76,134,244,218,462,350,254,604,290,357,647,128,211,339,40,98,138,Sant'Arcangelo
26,23,49,89,102,191,102,96,198,61,68,129,14,30,44,1,2,3,Refrontolo
60,79,139,345,277,622,426,415,841,311,473,784,125,93,218,26,26,52,Ostiano
11,26,37,43,33,76,38,38,76,25,32,57,6,22,28,0,4,4,Ortezzano
29,41,70,110,116,226,133,97,230,117,125,242,40,64,104,6,10,16,Roccamandolfi
43,75,118,197,240,437,286,220,506,192,245,437,52,53,105,2,1,3,Corneliano d'Alba
14,11,25,68,56,124,114,108,222,63,64,127,18,28,46,0,2,2,Ferrera di Varese
5,6,11,9,10,19,18,13,31,8,17,25,1,4,5,0,0,0,Pontboset
132,182,314,619,580,1199,671,593,1264,329,484,813,100,143,243,6,14,20,Condove
191,191,382,685,687,1372,805,684,1489,431,618,1049,142,169,311,6,19,25,Jerago con Orago
41,50,91,220,211,431,272,250,522,153,208,361,52,40,92,2,4,6,Prato Sesia
13,18,31,50,37,87,47,40,87,24,37,61,10,10,20,0,0,0,San Floriano del Collio
39,32,71,211,190,401,325,265,590,154,231,385,38,48,86,1,11,12,Confienza
106,127,233,542,527,1069,667,579,1246,389,476,865,107,176,283,7,10,17,Livorno Ferraris
36,35,71,84,95,179,128,84,212,95,129,224,11,23,34,0,2,2,Barengo
10,11,21,49,51,100,77,60,137,23,32,55,10,5,15,0,2,2,Chiusavecchia
152,231,383,759,820,1579,1252,1142,2394,712,930,1642,338,484,822,69,95,164,Valguarnera Caropepe
32,48,80,184,162,346,266,220,486,131,197,328,54,97,151,17,20,37,Saponara
333,455,788,1471,1676,3147,2265,1897,4162,1382,1787,3169,371,527,898,42,77,119,Monsummano Terme
587,745,1332,2397,2529,4926,2434,2068,4502,973,1429,2402,431,491,922,14,27,41,Settimo Milanese
36,54,90,211,196,407,317,258,575,188,245,433,95,143,238,14,35,49,Bagnolo del Salento
342,440,782,1662,1651,3313,2208,1824,4032,1095,1603,2698,342,401,743,29,44,73,Canegrate
3,0,3,11,13,24,7,5,12,6,9,15,3,1,4,0,0,0,Ronchi Valsugana
24,22,46,98,94,192,124,112,236,96,121,217,34,57,91,6,35,41,Tufara
538,541,1079,1084,1039,2123,794,804,1598,320,499,819,201,203,404,8,10,18,Gorle
253,313,566,985,1139,2124,1332,975,2307,693,820,1513,214,228,442,20,16,36,Cabiate
134,177,311,411,406,817,403,351,754,220,322,542,62,102,164,2,8,10,Raiano
27,35,62,119,131,250,154,121,275,72,87,159,33,46,79,0,3,3,Marciano della Chiana
158,231,389,790,778,1568,994,790,1784,482,660,1142,162,183,345,15,20,35,Cavaria con Premezzo
129,144,273,434,463,897,436,363,799,274,324,598,105,168,273,7,25,32,Sperlonga
220,250,470,933,961,1894,2091,1735,3826,962,1177,2139,386,623,1009,79,152,231,Lizzano
9,6,15,40,16,56,23,17,40,34,53,87,8,25,33,1,0,1,Colledimacine
37,47,84,255,238,493,341,313,654,181,232,413,43,56,99,2,10,12,Borgone Susa
1864,2408,4272,7278,6849,14127,7837,6783,14620,3439,5104,8543,1807,2251,4058,253,333,586,Scafati
545,689,1234,2083,2115,4198,2876,2291,5167,1888,2303,4191,746,940,1686,113,133,246,Rutigliano
1308,1428,2736,4368,3781,8149,4394,4155,8549,1548,2797,4345,717,781,1498,41,45,86,Monfalcone
98,127,225,349,348,697,340,297,637,182,216,398,104,151,255,28,29,57,Viggiano
252,324,576,1041,1021,2062,1389,1166,2555,661,754,1415,306,424,730,47,132,179,Montecorvino Rovella
3,6,9,17,17,34,38,21,59,30,46,76,4,6,10,0,0,0,Ceppo Morelli
204,221,425,827,833,1660,1073,930,2003,663,779,1442,266,304,570,33,50,83,San Felice Circeo
20,19,39,124,93,217,156,149,305,103,113,216,49,82,131,8,14,22,Mafalda
8,16,24,24,26,50,39,30,69,56,72,128,21,36,57,2,11,13,Castelbottaccio
36,55,91,170,156,326,162,141,303,66,80,146,38,48,86,2,2,4,Colturano
6,8,14,31,36,67,28,21,49,19,38,57,4,10,14,0,1,1,Ottone
336,425,761,1758,1618,3376,1597,1421,3018,689,988,1677,243,314,557,9,12,21,Altavilla Vicentina
1218,1440,2658,4154,4066,8220,4067,3392,7459,1880,3005,4885,669,794,1463,45,64,109,Parabiago
4,2,6,7,2,9,9,10,19,7,12,19,4,2,6,0,0,0,Frontino
78,93,171,332,441,773,348,300,648,199,331,530,67,77,144,2,1,3,Brenzone sul Garda
244,337,581,1115,1018,2133,1240,1092,2332,707,864,1571,244,350,594,9,39,48,Sant'Egidio alla Vibrata
320,385,705,1145,1138,2283,1105,1092,2197,489,896,1385,160,171,331,7,10,17,Chiavenna
51,82,133,259,250,509,324,246,570,189,254,443,83,129,212,6,12,18,Castiglione in Teverina
70,83,153,306,276,582,313,267,580,168,223,391,71,74,145,1,4,5,Pederobba
359,415,774,1204,1157,2361,1446,1154,2600,924,1092,2016,343,669,1012,67,141,208,Carmiano
40,56,96,215,193,408,327,273,600,190,236,426,63,75,138,1,11,12,Parona
35,31,66,123,111,234,118,123,241,71,83,154,46,60,106,19,49,68,Monteleone di Puglia
83,95,178,290,311,601,411,373,784,235,328,563,65,85,150,5,5,10,Chiusa di Pesio
80,120,200,473,457,930,520,419,939,297,376,673,118,145,263,5,16,21,Tribano
101,126,227,485,472,957,470,369,839,168,235,403,65,57,122,2,1,3,Pozzo d'Adda
75,99,174,334,336,670,254,200,454,134,176,310,26,41,67,1,2,3,Montanaso Lombardo
11,15,26,62,80,142,225,157,382,120,95,215,53,79,132,8,12,20,Triei
36,65,101,259,266,525,476,387,863,220,264,484,108,131,239,10,27,37,Nuraminis
23,21,44,71,69,140,80,65,145,40,53,93,12,17,29,2,13,15,Cassano Irpino
78,89,167,231,216,447,223,192,415,116,155,271,48,93,141,13,35,48,Pietrelcina
60,91,151,216,221,437,277,203,480,153,199,352,71,124,195,8,16,24,Lecce nei Marsi
17,22,39,101,87,188,54,64,118,57,76,133,9,21,30,1,6,7,Costacciaro
31,34,65,138,118,256,151,91,242,117,148,265,23,32,55,0,3,3,Bertonico
12,8,20,57,52,109,122,94,216,52,61,113,11,10,21,0,0,0,Taceno
123,169,292,564,496,1060,537,440,977,249,376,625,104,100,204,11,9,20,Ronco Briantino
260,449,709,1520,1535,3055,2130,1699,3829,1106,1279,2385,396,675,1071,34,88,122,Guspini
109,97,206,328,307,635,267,257,524,175,190,365,52,59,111,5,2,7,Sirtori
204,261,465,1316,1307,2623,2028,1891,3919,1291,1616,2907,757,935,1692,168,207,375,Francofonte
588,596,1184,1939,1911,3850,4826,4456,9282,3165,3725,6890,1460,1765,3225,366,372,738,Niscemi
173,227,400,580,565,1145,550,454,1004,218,336,554,105,186,291,21,31,52,Nizza di Sicilia
26,40,66,88,85,173,70,80,150,37,75,112,15,41,56,3,7,10,Raccuja
30,31,61,68,54,122,90,87,177,53,89,142,31,44,75,11,10,21,Motta d'Affermo
55,72,127,212,203,415,249,213,462,136,167,303,53,99,152,7,20,27,Sant'Omero
62,77,139,201,211,412,257,188,445,114,157,271,48,77,125,12,30,42,Grimaldi
0,1,1,7,11,18,15,7,22,5,10,15,3,0,3,1,0,1,Fierozzo
24,19,43,76,83,159,114,102,216,54,73,127,16,39,55,1,3,4,Collevecchio
31,35,66,142,128,270,204,168,372,140,142,282,27,49,76,5,7,12,Bibbona
29,38,67,149,154,303,225,200,425,146,208,354,34,32,66,5,1,6,Malesco
75,144,219,399,330,729,368,332,700,220,327,547,64,93,157,2,4,6,Bussi sul Tirino
55,49,104,169,170,339,213,153,366,210,244,454,88,153,241,10,67,77,Castiglione Messer Marino
981,1299,2280,3162,3589,6751,2813,2529,5342,1512,2131,3643,566,812,1378,25,63,88,Cervia
30,44,74,196,144,340,183,154,337,126,173,299,32,39,71,0,0,0,Meduno
25,24,49,67,64,131,88,77,165,78,99,177,25,52,77,7,11,18,Campolieto
193,222,415,633,567,1200,437,437,874,251,466,717,85,120,205,7,21,28,Sermide e Felonica
7,10,17,40,35,75,70,58,128,41,45,86,10,9,19,1,0,1,Nicorvo
45,86,131,238,303,541,233,160,393,155,190,345,45,44,89,1,1,2,Aprica
45,79,124,305,296,601,254,204,458,145,230,375,44,41,85,2,1,3,Chiuro
159,220,379,750,588,1338,681,600,1281,401,579,980,92,201,293,9,12,21,Carpineto Romano
28,36,64,258,240,498,370,299,669,208,259,467,74,75,149,4,4,8,Montorso Vicentino
465,542,1007,1690,1623,3313,2144,1748,3892,906,1397,2303,470,638,1108,119,214,333,Cicciano
39,53,92,132,134,266,133,104,237,77,133,210,29,45,74,6,8,14,Introdacqua
13,16,29,50,38,88,36,40,76,36,37,73,8,23,31,4,2,6,Gallo Matese
569,631,1200,2461,2313,4774,4109,3003,7112,1786,2747,4533,1001,1338,2339,212,363,575,Cardito
122,195,317,723,746,1469,717,628,1345,255,358,613,150,170,320,6,16,22,Labico
59,81,140,221,217,438,323,225,548,169,195,364,88,115,203,21,37,58,San Lorenzo Maggiore
2,6,8,23,25,48,31,16,47,22,33,55,5,8,13,0,0,0,Stazzema
57,98,155,303,301,604,377,301,678,167,185,352,70,84,154,7,19,26,Binetto
15,19,34,51,42,93,62,43,105,20,21,41,6,4,10,1,0,1,Capraia Isola
507,652,1159,1524,1669,3193,1826,1469,3295,1023,1479,2502,303,421,724,26,45,71,Pescia
794,922,1716,2303,2405,4708,2084,2147,4231,977,1341,2318,417,422,839,19,34,53,Riva del Garda
298,344,642,1020,1144,2164,1048,970,2018,496,703,1199,176,229,405,3,5,8,Sirmione
94,145,239,586,537,1123,692,662,1354,430,580,1010,129,175,304,3,18,21,Campagna Lupia
1435,1856,3291,4617,4219,8836,4405,3638,8043,1850,3129,4979,993,1420,2413,137,258,395,Marigliano
58,76,134,255,251,506,365,289,654,113,179,292,91,119,210,6,23,29,Carbonara di Nola
32,48,80,111,94,205,78,72,150,49,59,108,26,29,55,2,5,7,Treglio
731,736,1467,2115,2291,4406,2893,2661,5554,1402,1785,3187,815,1074,1889,364,465,829,Noto
710,888,1598,2306,2707,5013,2692,2408,5100,1293,1828,3121,677,922,1599,164,206,370,Piazza Armerina
68,83,151,250,230,480,210,170,380,134,143,277,50,77,127,6,19,25,Broccostella
14,18,32,52,52,104,61,47,108,50,71,121,16,32,48,1,0,1,Scarlino
4846,5831,10677,11882,12438,24320,10550,8729,19279,6175,8665,14840,2196,3364,5560,101,224,325,Cesena
55,63,118,172,199,371,223,192,415,182,248,430,46,82,128,17,38,55,Surano
58,72,130,250,246,496,270,224,494,127,179,306,63,49,112,4,6,10,Gornate Olona
52,67,119,262,215,477,321,271,592,190,232,422,72,115,187,33,72,105,Firmo
27,33,60,160,148,308,228,193,421,115,146,261,43,41,84,1,0,1,Pozzoleone
66,99,165,228,213,441,274,226,500,124,173,297,41,53,94,2,5,7,Sulzano
56,86,142,297,256,553,323,278,601,133,174,307,60,65,125,17,29,46,Arpaia
143,148,291,600,595,1195,640,457,1097,320,474,794,79,97,176,5,10,15,Mesero
29,54,83,92,100,192,74,62,136,52,71,123,14,22,36,1,2,3,Massa d'Albe
30,18,48,118,104,222,145,123,268,64,130,194,28,42,70,1,4,5,Guarda Veneta
80,123,203,342,399,741,580,473,1053,265,411,676,102,86,188,6,5,11,Fiorano al Serio
77,118,195,672,699,1371,840,688,1528,470,646,1116,147,123,270,4,4,8,Talamona
6,7,13,17,19,36,21,18,39,14,21,35,3,6,9,0,0,0,Coazzolo
38,59,97,222,206,428,283,250,533,175,226,401,78,120,198,26,42,68,Giurdignano
1,3,4,17,18,35,18,18,36,17,10,27,2,0,2,0,0,0,Rocchetta Belbo
54,95,149,280,234,514,237,205,442,109,169,278,40,36,76,1,3,4,San Lorenzo Isontino
92,123,215,531,500,1031,709,634,1343,339,531,870,141,144,285,3,16,19,Villar Perosa
29,33,62,111,95,206,88,105,193,42,66,108,13,20,33,0,0,0,Osasco
13,12,25,46,39,85,67,48,115,31,59,90,9,12,21,1,1,2,Ciconio
10,9,19,63,70,133,68,59,127,32,42,74,9,7,16,0,0,0,Bocenago
1412,1722,3134,6055,6149,12204,10937,8630,19567,5855,7969,13824,3242,4062,7304,835,1139,1974,Afragola
1417,1758,3175,3924,3563,7487,2703,2550,5253,1633,2736,4369,624,922,1546,39,68,107,Fabriano
42,48,90,115,113,228,125,122,247,84,100,184,24,28,52,1,3,4,Castelletto Monferrato
95,143,238,328,326,654,308,296,604,179,235,414,69,81,150,0,4,4,San Quirino
54,71,125,240,249,489,252,194,446,159,162,321,54,69,123,5,9,14,Guiglia
12,22,34,43,46,89,57,55,112,32,43,75,14,18,32,1,6,7,Cipressa
159,212,371,829,821,1650,907,805,1712,626,904,1530,164,241,405,16,32,48,Robbio
40,55,95,242,259,501,400,294,694,168,218,386,49,72,121,5,1,6,Palazzago
41,51,92,123,100,223,117,101,218,69,101,170,31,47,78,8,16,24,Melizzano
15,12,27,43,32,75,44,54,98,36,39,75,4,9,13,1,2,3,Pertengo
25,35,60,160,146,306,196,181,377,130,186,316,47,26,73,1,3,4,Fontanetto Po
6,6,12,17,17,34,15,12,27,10,15,25,3,3,6,0,0,0,Sardigliano
14,13,27,44,42,86,42,34,76,52,51,103,16,26,42,0,6,6,Stella Cilento
942,943,1885,1079,1164,2243,538,705,1243,322,459,781,189,206,395,6,10,16,Pino Torinese
77,74,151,303,328,631,488,348,836,259,335,594,71,82,153,9,20,29,Caravate
301,431,732,1318,1218,2536,1891,1715,3606,1171,1141,2312,422,702,1124,108,145,253,Sant'Antioco
102,182,284,425,441,866,665,532,1197,360,484,844,257,335,592,75,73,148,Santo Stefano Quisquina
36,37,73,165,180,345,210,165,375,145,164,309,66,94,160,22,26,48,Calamonaci
49,60,109,217,282,499,463,413,876,260,333,593,130,171,301,50,53,103,Mezzojuso
49,67,116,147,195,342,318,269,587,181,236,417,106,135,241,21,15,36,Geraci Siculo
6,14,20,51,44,95,62,35,97,32,43,75,4,6,10,0,0,0,Alagna Valsesia
144,171,315,702,545,1247,497,474,971,288,497,785,102,122,224,6,15,21,Alpago
15,10,25,71,50,121,54,49,103,74,102,176,21,50,71,7,10,17,Poggio Sannita
576,768,1344,1568,1426,2994,1159,1109,2268,651,810,1461,258,389,647,78,115,193,Venafro
36,33,69,124,112,236,131,105,236,74,115,189,28,28,56,0,1,1,Fiorano Canavese
9,7,16,23,21,44,41,39,80,28,31,59,13,35,48,3,11,14,Candidoni
149,182,331,567,523,1090,789,658,1447,464,571,1035,192,309,501,45,102,147,Maruggio
33,45,78,124,128,252,162,93,255,110,146,256,34,54,88,4,7,11,San Venanzo
461,634,1095,2454,2290,4744,3927,3437,7364,1777,2256,4033,1209,1273,2482,198,241,439,Castel Volturno
3,8,11,18,17,35,23,12,35,13,17,30,2,7,9,0,1,1,Poggio San Vicino
123,206,329,413,363,776,311,270,581,207,284,491,59,104,163,4,3,7,Montemarciano
119,125,244,398,376,774,385,329,714,228,308,536,72,133,205,12,6,18,Corinaldo
57,83,140,249,218,467,328,249,577,150,237,387,55,106,161,6,14,20,Vejano
110,158,268,436,444,880,539,416,955,308,428,736,115,157,272,11,19,30,Rignano sull'Arno
10,15,25,69,89,158,138,108,246,86,93,179,30,38,68,6,4,10,Neoneli
52,55,107,180,210,390,252,210,462,154,236,390,45,54,99,5,10,15,Masserano
59,111,170,210,267,477,230,192,422,130,191,321,37,62,99,1,10,11,Bertinoro
247,315,562,1027,1088,2115,1465,1226,2691,710,882,1592,336,456,792,23,32,55,San Mauro Pascoli
12,21,33,44,55,99,63,36,99,35,63,98,4,9,13,0,1,1,Collalto Sabino
713,796,1509,2148,2065,4213,1936,1683,3619,1081,1581,2662,403,511,914,22,30,52,Vigonza
658,769,1427,1862,1815,3677,1710,1630,3340,1006,1641,2647,335,493,828,14,39,53,Monselice
86,74,160,204,185,389,180,180,360,89,125,214,23,35,58,1,0,1,San Pietro Val Lemina
33,35,68,96,106,202,96,75,171,41,78,119,22,40,62,8,12,20,Castroreale
116,139,255,426,363,789,720,686,1406,305,433,738,187,265,452,55,71,126,Assoro
19,31,50,152,141,293,171,158,329,88,113,201,23,29,52,6,23,29,Villa Santa Lucia
2238,2693,4931,9550,9831,19381,14358,12322,26680,6200,8724,14924,3224,3792,7016,410,719,1129,Giugliano in Campania
112,127,239,426,413,839,507,471,978,459,549,1008,157,274,431,39,104,143,Salve
38,75,113,218,210,428,179,142,321,105,127,232,22,48,70,6,3,9,Sestola
201,303,504,1111,1140,2251,1224,1172,2396,692,923,1615,247,429,676,13,26,39,Jesolo
35,43,78,183,149,332,197,187,384,107,213,320,31,38,69,2,5,7,Paluzza
27,35,62,184,149,333,276,214,490,126,184,310,40,49,89,0,3,3,Endine Gaiano
682,786,1468,1561,1498,3059,968,1058,2026,483,962,1445,154,286,440,11,15,26,Lerici
11,12,23,37,33,70,37,41,78,40,52,92,8,5,13,1,0,1,Osiglia
45,65,110,143,146,289,213,159,372,121,176,297,71,89,160,9,26,35,Jelsi
393,560,953,1409,1609,3018,2185,1661,3846,1156,1678,2834,410,570,980,49,94,143,Signa
69,116,185,270,260,530,240,215,455,119,162,281,56,85,141,2,18,20,Vinchiaturo
444,498,942,985,927,1912,480,517,997,263,395,658,93,108,201,7,10,17,Camogli
114,167,281,485,422,907,444,364,808,306,422,728,144,201,345,42,66,108,Morano Calabro
27,21,48,94,80,174,74,81,155,63,72,135,14,21,35,2,0,2,Ziano Piacentino
34,45,79,194,170,364,148,135,283,65,91,156,24,34,58,3,1,4,Sesto al Reghena
43,88,131,223,216,439,280,254,534,181,255,436,54,84,138,2,11,13,Costigliole d'Asti
25,49,74,152,134,286,146,128,274,100,153,253,30,40,70,3,7,10,Desana
34,42,76,141,166,307,193,141,334,100,140,240,31,41,72,4,1,5,Piazza al Serchio
148,202,350,586,505,1091,616,595,1211,359,567,926,180,267,447,21,22,43,Potenza Picena
15,13,28,80,70,150,98,80,178,45,57,102,10,8,18,0,1,1,Oltre il Colle
12,15,27,47,48,95,54,45,99,40,55,95,18,21,39,1,1,2,Cartoceto
44,65,109,221,231,452,257,197,454,141,200,341,37,45,82,2,3,5,Borgo a Mozzano
98,130,228,500,511,1011,539,436,975,284,382,666,108,112,220,5,17,22,Soragna
99,104,203,433,405,838,499,396,895,279,481,760,78,146,224,2,13,15,Pomarance
263,363,626,879,925,1804,634,583,1217,383,593,976,127,184,311,4,26,30,Pontremoli
1,5,6,9,19,28,15,13,28,10,11,21,2,4,6,0,1,1,Santo Stefano Roero
606,749,1355,2448,2236,4684,2986,2772,5758,1147,1612,2759,568,655,1223,21,69,90,Piossasco
234,310,544,1053,1082,2135,1178,1137,2315,550,796,1346,209,214,423,10,19,29,Castellamonte
14,29,43,90,46,136,42,37,79,57,90,147,6,24,30,1,1,2,Castel del Monte
12,19,31,112,88,200,119,116,235,109,143,252,19,20,39,4,3,7,Mallare
112,117,229,417,350,767,321,273,594,235,273,508,63,115,178,40,79,119,Lungro
95,104,199,247,264,511,211,218,429,95,167,262,35,37,72,1,0,1,San Vito di Cadore
241,296,537,669,774,1443,868,774,1642,477,763,1240,118,135,253,9,15,24,Varallo
909,1136,2045,2690,2933,5623,3184,2888,6072,1678,2503,4181,568,637,1205,55,99,154,Borgomanero
147,148,295,526,493,1019,525,470,995,340,530,870,105,102,207,6,7,13,Tregnago
22,29,51,158,140,298,274,213,487,156,187,343,47,62,109,8,6,14,Roverchiara
547,704,1251,1852,1944,3796,1701,1518,3219,778,1112,1890,315,338,653,13,26,39,Opera
32,39,71,222,169,391,142,154,296,109,132,241,38,28,66,0,1,1,Imer
44,58,102,181,150,331,256,217,473,174,256,430,51,126,177,3,13,16,Farnese
104,146,250,543,599,1142,683,568,1251,270,346,616,132,164,296,5,8,13,Casarile
6,11,17,34,50,84,79,48,127,38,46,84,5,8,13,0,0,0,Altissimo
31,36,67,160,170,330,219,182,401,105,146,251,50,57,107,3,3,6,Trevenzuolo
117,130,247,396,405,801,462,403,865,233,370,603,63,78,141,3,5,8,Vercurago
21,41,62,190,163,353,175,139,314,100,163,263,39,37,76,1,0,1,Sutrio
7,4,11,9,9,18,14,10,24,16,21,37,2,4,6,0,1,1,Montenero Sabino
65,84,149,361,289,650,308,329,637,217,280,497,75,83,158,8,11,19,Ormelle
300,358,658,993,1023,2016,1147,1005,2152,585,805,1390,212,227,439,6,13,19,Azzano San Paolo
150,189,339,473,442,915,420,303,723,204,242,446,99,140,239,1,10,11,Polverigi
107,172,279,379,421,800,601,495,1096,301,426,727,159,225,384,41,90,131,Miggiano
30,46,76,185,203,388,210,156,366,105,137,242,45,54,99,2,7,9,Fontevivo
128,220,348,688,672,1360,643,567,1210,372,498,870,102,150,252,2,5,7,Castelvetro Piacentino
18,11,29,82,63,145,127,100,227,63,72,135,27,28,55,4,5,9,Nogarole Rocca
121,144,265,569,589,1158,617,550,1167,388,527,915,96,178,274,5,8,13,Ponte dell'Olio
17,30,47,127,140,267,142,90,232,56,62,118,22,29,51,1,5,6,Torrile
74,113,187,498,500,998,934,677,1611,460,550,1010,296,206,502,25,31,56,Telgate
3,4,7,37,27,64,24,23,47,15,19,34,4,4,8,0,0,0,Savogna
1,9,10,28,24,52,25,22,47,14,20,34,4,6,10,0,0,0,Commezzadura
109,186,295,597,481,1078,633,491,1124,346,455,801,119,222,341,15,19,34,Vasanello
27,25,52,100,96,196,102,90,192,63,105,168,19,35,54,1,1,2,Sospirolo
7,18,25,72,74,146,74,70,144,44,64,108,14,21,35,3,5,8,Castel Sant'Angelo
23,23,46,115,92,207,68,82,150,37,57,94,14,14,28,0,0,0,Lorenzago di Cadore
26,50,76,157,165,322,165,138,303,96,131,227,35,38,73,0,0,0,Schiavon
93,106,199,459,400,859,457,387,844,258,341,599,103,149,252,2,8,10,San Polo di Piave
130,160,290,427,404,831,630,496,1126,308,418,726,104,112,216,4,3,7,Paderno Franciacorta
229,271,500,967,887,1854,1514,1293,2807,741,1027,1768,279,278,557,17,18,35,Coccaglio
2662,3347,6009,6260,6308,12568,4805,4168,8973,2224,3341,5565,955,1322,2277,73,124,197,Avezzano
12,11,23,46,47,93,42,41,83,25,43,68,7,8,15,0,0,0,Azzano d'Asti
47,53,100,244,222,466,334,277,611,177,241,418,49,89,138,5,17,22,Merlara
5,3,8,17,20,37,25,13,38,28,26,54,8,4,12,2,2,4,Vobbia
2227,2627,4854,6223,7376,13599,7226,7006,14232,3699,5340,9039,1244,1791,3035,145,272,417,Sanremo
25,47,72,148,156,304,228,169,397,117,165,282,25,33,58,5,6,11,Brugnato
613,770,1383,2253,2469,4722,3213,2892,6105,1646,2107,3753,554,801,1355,93,200,293,Ventimiglia
10,11,21,30,24,54,16,27,43,23,35,58,3,2,5,1,0,1,Castiglione Tinella
68,97,165,384,391,775,569,569,1138,263,267,530,116,124,240,23,28,51,Gaggi
226,238,464,982,923,1905,1081,998,2079,606,922,1528,195,195,390,2,11,13,Galliera Veneta
47,49,96,155,160,315,185,165,350,120,184,304,31,36,67,1,3,4,Ponti sul Mincio
14,21,35,99,106,205,131,117,248,91,120,211,16,32,48,3,7,10,Casalvolone
18,27,45,55,65,120,74,58,132,45,53,98,9,30,39,0,10,10,Liberi
1233,1591,2824,5742,6070,11812,5311,4817,10128,2045,2701,4746,1098,1304,2402,49,87,136,Ladispoli
18,19,37,62,66,128,64,60,124,39,74,113,17,15,32,1,0,1,Serravalle di Chienti
12,11,23,41,52,93,103,87,190,48,62,110,14,24,38,0,2,2,Terdobbiate
19,25,44,104,92,196,149,111,260,60,93,153,15,19,34,1,4,5,Santa Vittoria d'Alba
96,108,204,402,428,830,455,407,862,260,360,620,105,107,212,3,3,6,San Pietro in Gu
84,115,199,434,413,847,606,483,1089,322,462,784,92,119,211,5,9,14,Cairate
94,130,224,498,434,932,416,381,797,230,336,566,105,182,287,22,39,61,Alvignano
52,53,105,183,166,349,200,164,364,97,124,221,37,69,106,8,42,50,Bonito
6,18,24,41,31,72,53,37,90,29,48,77,10,15,25,1,4,5,Castelnuovo Calcea
107,128,235,588,576,1164,736,624,1360,364,479,843,134,140,274,8,10,18,Castelgomberto
19,35,54,96,124,220,163,132,295,87,107,194,49,43,92,2,16,18,San Biagio della Cima
64,74,138,390,420,810,648,597,1245,311,344,655,127,147,274,9,10,19,Marchirolo
19,19,38,75,73,148,87,51,138,49,65,114,13,19,32,1,1,2,Ripalta Guerina
5,6,11,58,49,107,125,96,221,104,138,242,20,26,46,2,3,5,Garzeno
389,573,962,1617,1545,3162,1329,1175,2504,690,832,1522,297,394,691,16,37,53,San Giovanni Teatino
7,2,9,26,30,56,50,35,85,17,32,49,8,11,19,0,0,0,Castel Condino
14,24,38,85,56,141,67,57,124,49,60,109,9,17,26,1,1,2,Crocefieschi
7,21,28,87,61,148,54,57,111,30,43,73,11,9,20,0,3,3,Carzano
38,46,84,169,149,318,138,144,282,74,100,174,33,39,72,5,2,7,Montecchio Precalcino
4,3,7,8,7,15,6,4,10,5,3,8,1,1,2,0,0,0,Brozolo
93,143,236,425,394,819,466,433,899,231,360,591,62,67,129,20,26,46,Ronco Scrivia
2,3,5,3,2,5,6,7,13,8,9,17,2,0,2,0,0,0,Clavesana
118,166,284,471,484,955,639,569,1208,390,505,895,133,173,306,21,23,44,Cocquio-Trevisago
6,0,6,10,6,16,17,9,26,8,8,16,0,2,2,0,0,0,Saracinesco
78,89,167,369,322,691,438,349,787,228,350,578,60,67,127,3,9,12,Chiuppano
1299,1521,2820,5327,5619,10946,6057,4868,10925,3236,4277,7513,1054,1296,2350,73,123,196,Cesano Maderno
42,56,98,246,201,447,254,205,459,89,163,252,37,33,70,1,1,2,Arta Terme
16,8,24,46,48,94,67,56,123,51,67,118,17,34,51,7,24,31,Salvitelle
258,304,562,1049,1100,2149,1456,1259,2715,683,982,1665,311,311,622,26,30,56,Bedizzole
219,253,472,683,681,1364,793,750,1543,492,632,1124,142,159,301,21,25,46,Canzo
13,22,35,69,44,113,108,86,194,69,102,171,12,19,31,2,1,3,Roccacasale
45,61,106,288,263,551,302,261,563,242,318,560,49,53,102,2,3,5,Bertiolo
14,15,29,45,39,84,82,65,147,42,47,89,22,27,49,19,31,50,Papasidero
232,328,560,960,1104,2064,1186,970,2156,674,971,1645,195,262,457,11,18,29,Buggiano
36,52,88,176,154,330,292,219,511,144,221,365,56,59,115,9,7,16,Marano Ticino
61,68,129,175,130,305,182,189,371,151,199,350,67,105,172,11,16,27,Casalnuovo Monterotaro
107,142,249,503,485,988,580,450,1030,385,582,967,126,125,251,7,18,25,Vescovato
23,25,48,128,129,257,187,148,335,119,181,300,27,21,48,0,4,4,Genivolta
19,12,31,53,77,130,101,81,182,55,67,122,21,34,55,11,29,40,Martirano
137,189,326,763,762,1525,1110,867,1977,568,785,1353,205,226,431,23,35,58,Ferno
1,1,2,6,4,10,8,5,13,6,10,16,0,3,3,0,0,0,Dolegna del Collio
9,11,20,100,69,169,83,67,150,72,124,196,15,25,40,2,1,3,Forni di Sotto
4,6,10,21,26,47,27,19,46,20,31,51,5,7,12,1,0,1,Gambarana
9,9,18,61,38,99,77,63,140,42,64,106,12,12,24,0,0,0,Cumignano sul Naviglio
7,7,14,27,27,54,47,43,90,29,38,67,11,10,21,1,0,1,Belvedere Langhe
7,9,16,33,43,76,46,32,78,42,62,104,9,15,24,2,0,2,Celle Enomondo
18,33,51,144,138,282,185,144,329,132,188,320,35,28,63,3,3,6,Polonghera
23,15,38,58,50,108,41,32,73,26,45,71,8,18,26,0,0,0,Prata d'Ansidonia
56,60,116,274,253,527,246,235,481,96,161,257,51,35,86,2,0,2,San Pier d'Isonzo
135,126,261,501,586,1087,675,529,1204,375,494,869,101,124,225,1,7,8,Calvenzano
42,39,81,110,122,232,98,82,180,69,87,156,27,30,57,2,0,2,Guarene
226,251,477,771,707,1478,631,570,1201,385,495,880,121,125,246,3,9,12,Casnate con Bernate
7,10,17,37,29,66,26,11,37,21,29,50,3,4,7,2,6,8,Conca della Campania
23,47,70,84,118,202,230,189,419,133,110,243,47,41,88,4,12,16,Palmas Arborea
27,51,78,144,184,328,457,300,757,298,265,563,86,141,227,23,40,63,Nurri
17,28,45,75,74,149,179,158,337,98,117,215,34,55,89,6,20,26,Masainas
8,12,20,40,46,86,104,83,187,73,84,157,9,27,36,4,6,10,Martis
161,241,402,524,486,1010,389,345,734,182,265,447,87,109,196,10,15,25,Furci Siculo
107,145,252,635,636,1271,1100,1013,2113,575,682,1257,315,412,727,109,115,224,Borgetto
153,217,370,596,670,1266,1269,1093,2362,733,773,1506,460,648,1108,121,135,256,Caccamo
162,183,345,684,729,1413,995,831,1826,670,805,1475,302,435,737,100,67,167,Marineo
52,76,128,232,210,442,269,260,529,223,289,512,82,141,223,34,46,80,Alcara li Fusi
3,7,10,24,44,68,80,66,146,39,30,69,19,23,42,6,4,10,Tergu
3,6,9,17,23,40,92,67,159,49,43,92,16,18,34,7,6,13,Siapiccia
204,342,546,854,895,1749,1422,1050,2472,611,646,1257,239,414,653,29,61,90,San Sperate
281,352,633,1015,1046,2061,1023,910,1933,552,777,1329,166,184,350,11,16,27,Casatenovo
49,49,98,212,262,474,286,203,489,175,254,429,51,44,95,2,1,3,Cavenago d'Adda
72,115,187,359,398,757,435,346,781,164,206,370,80,90,170,3,4,7,Castiraga Vidardo
9,10,19,61,54,115,49,50,99,45,46,91,14,19,33,0,7,7,Gallodoro
71,107,178,445,449,894,566,468,1034,280,338,618,82,123,205,6,7,13,Mulazzano
462,592,1054,1932,1822,3754,2039,1763,3802,1074,1563,2637,342,416,758,23,38,61,Varedo
23,20,43,53,77,130,89,87,176,64,80,144,36,25,61,12,10,22,Sperlinga
2620,3054,5674,6805,7377,14182,7481,6587,14068,3659,4787,8446,1686,2199,3885,267,359,626,Acireale
7,20,27,51,38,89,62,52,114,50,64,114,8,11,19,0,0,0,Meleti
577,830,1407,1861,2059,3920,1495,1388,2883,982,1217,2199,402,553,955,52,66,118,Capo d'Orlando
4,4,8,32,24,56,27,22,49,15,22,37,2,10,12,1,2,3,Talamello
54,69,123,165,173,338,198,154,352,94,134,228,49,72,121,10,22,32,Dipignano
7,9,16,52,37,89,18,25,43,10,21,31,4,5,9,0,0,0,Ossana
50,61,111,168,135,303,192,171,363,138,167,305,56,83,139,5,4,9,Petriolo
1853,2528,4381,6219,6395,12614,5067,4430,9497,2266,3054,5320,1156,1558,2714,73,109,182,Monterotondo
24,43,67,88,114,202,178,144,322,117,157,274,31,64,95,5,5,10,Tresnuraghes
78,141,219,458,465,923,712,570,1282,330,342,672,112,179,291,12,19,31,Olmedo
203,323,526,922,903,1825,1408,1151,2559,580,664,1244,247,291,538,41,63,104,Decimomannu
940,1129,2069,3731,3673,7404,3325,3207,6532,1512,2090,3602,594,815,1409,30,99,129,Pomezia
200,226,426,623,560,1183,562,499,1061,270,439,709,145,177,322,13,22,35,Nereto
53,91,144,346,356,702,446,306,752,241,347,588,72,98,170,8,8,16,Campegine
73,107,180,416,392,808,692,566,1258,367,527,894,101,83,184,4,3,7,Verolavecchia
7,13,20,55,42,97,49,40,89,30,38,68,14,20,34,4,8,12,Zumpano
29,47,76,100,106,206,197,123,320,116,123,239,34,62,96,10,23,33,Santa Domenica Talao
30,39,69,100,114,214,105,79,184,52,62,114,23,26,49,3,11,14,San Vincenzo La Costa
596,748,1344,2457,2220,4677,2601,2360,4961,1367,1710,3077,635,935,1570,94,143,237,Adelfia
112,106,218,330,336,666,343,295,638,198,214,412,82,138,220,20,84,104,Moiano
468,515,983,1545,1478,3023,1282,1202,2484,665,1188,1853,255,273,528,20,21,41,Spilimbergo
44,47,91,204,166,370,224,201,425,174,228,402,62,97,159,8,24,32,Palmariggi
63,67,130,197,190,387,317,252,569,157,177,334,77,107,184,8,53,61,Durazzano
140,146,286,691,652,1343,1116,930,2046,661,918,1579,209,202,411,18,26,44,Pontoglio
43,65,108,348,266,614,305,275,580,185,323,508,51,88,139,3,7,10,Bergantino
20,11,31,52,60,112,39,27,66,13,35,48,7,13,20,0,0,0,Fara in Sabina
139,189,328,755,780,1535,993,913,1906,439,528,967,185,321,506,36,136,172,Cellole
90,91,181,380,338,718,477,395,872,290,367,657,73,118,191,1,5,6,Galzignano Terme
6,14,20,41,46,87,79,71,150,27,41,68,11,7,18,1,1,2,Margno
14,33,47,76,68,144,59,57,116,43,56,99,14,22,36,3,3,6,Peglio
26,20,46,107,104,211,124,112,236,73,90,163,18,21,39,3,2,5,Velo d'Astico
268,376,644,1047,1020,2067,903,766,1669,496,719,1215,200,239,439,12,17,29,Bibbiena
17,24,41,92,103,195,120,91,211,85,96,181,19,15,34,0,0,0,Moscazzano
4,2,6,29,40,69,42,22,64,21,23,44,6,4,10,1,0,1,San Giacomo Filippo
25,48,73,194,152,346,179,163,342,74,100,174,38,41,79,3,4,7,Montegalda
360,452,812,1844,1822,3666,3059,2715,5774,1394,1712,3106,859,1060,1919,190,226,416,Scordia
47,107,154,309,335,644,837,677,1514,413,430,843,150,250,400,35,58,93,Decimoputzu
305,388,693,1424,1476,2900,2014,1960,3974,916,1187,2103,505,757,1262,143,209,352,Mazzarino
399,521,920,1831,1977,3808,3040,2933,5973,1548,2026,3574,1015,1358,2373,350,319,669,Bronte
118,202,320,465,464,929,308,233,541,192,196,388,80,120,200,17,23,40,Marano Principato
92,113,205,391,366,757,770,484,1254,256,267,523,83,118,201,7,4,11,Porto Azzurro
85,96,181,407,352,759,925,819,1744,414,505,919,240,234,474,50,149,199,Melicucco
17,12,29,68,54,122,93,96,189,54,48,102,19,23,42,6,17,23,Castelnuovo di Conza
673,988,1661,2217,2198,4415,2326,1974,4300,1438,2192,3630,450,683,1133,20,55,75,San Giovanni Valdarno
1711,1801,3512,3450,3269,6719,2122,2251,4373,897,1394,2291,505,573,1078,15,34,49,Arese
73,98,171,276,267,543,265,180,445,107,144,251,48,71,119,3,13,16,Cesinali
6,4,10,28,39,67,42,35,77,35,39,74,2,5,7,0,0,0,Cassinasco
624,842,1466,2953,2853,5806,3669,3160,6829,1812,2673,4485,580,702,1282,46,91,137,Cassano Magnago
10,7,17,50,44,94,67,53,120,67,50,117,28,38,66,13,32,45,Santomenna
24,41,65,129,141,270,163,125,288,80,96,176,40,59,99,14,38,52,Cicala
649,826,1475,1464,1563,3027,2151,1612,3763,1169,1567,2736,586,774,1360,92,192,284,San Marco in Lamis
117,133,250,392,381,773,402,392,794,197,329,526,72,67,139,2,11,13,Dormelletto
34,50,84,93,105,198,103,88,191,45,73,118,16,26,42,1,0,1,Orta San Giulio
11,12,23,65,58,123,74,58,132,39,65,104,18,22,40,3,3,6,Pertosa
2,5,7,12,7,19,8,8,16,7,10,17,3,2,5,0,0,0,Allein
13,9,22,26,36,62,29,24,53,13,22,35,5,5,10,0,0,0,Treville
1169,1493,2662,5083,5064,10147,4389,4098,8487,1884,2386,4270,984,1128,2112,96,98,194,Mascalucia
5,7,12,27,25,52,17,16,33,17,15,32,5,3,8,1,0,1,Fossa
343,467,810,1117,1119,2236,1340,1071,2411,825,970,1795,306,474,780,15,21,36,Corridonia
16,28,44,77,69,146,96,82,178,65,89,154,28,36,64,10,21,31,Amato
22,48,70,153,167,320,267,217,484,184,226,410,42,64,106,3,8,11,Crevacuore
18,36,54,64,72,136,89,56,145,58,67,125,21,19,40,2,4,6,Fratte Rosa
1491,1825,3316,4210,4084,8294,3288,2923,6211,2097,3116,5213,699,901,1600,30,67,97,Falconara Marittima
20,22,42,79,106,185,178,121,299,122,148,270,25,33,58,7,8,15,Ceriana
45,32,77,124,120,244,129,109,238,72,100,172,22,29,51,0,0,0,Bregano
63,83,146,374,397,771,526,392,918,273,376,649,73,82,155,0,5,5,Castel Rozzone
502,568,1070,1283,1181,2464,993,886,1879,429,562,991,233,286,519,26,42,68,Mercogliano
2,3,5,22,13,35,42,48,90,63,62,125,4,2,6,0,0,0,Dosso del Liro
18,35,53,91,87,178,97,76,173,38,42,80,18,16,34,2,3,5,Sant'Alessio con Vialone
14,20,34,89,97,186,120,96,216,63,57,120,19,35,54,4,16,20,Rutino
9,14,23,67,49,116,72,60,132,40,67,107,11,23,34,0,0,0,Frassinelle Polesine
235,319,554,884,804,1688,817,685,1502,415,617,1032,149,175,324,2,9,11,Limena
13,17,30,81,78,159,99,78,177,62,72,134,17,14,31,2,3,5,Montjovet
65,73,138,325,349,674,532,477,1009,318,316,634,99,109,208,6,14,20,Cugliate-Fabiasco
23,24,47,157,131,288,315,240,555,123,150,273,59,60,119,1,3,4,Maclodio
77,93,170,148,147,295,106,96,202,67,82,149,18,36,54,1,0,1,Galliate Lombardo
6,10,16,45,35,80,46,46,92,39,51,90,3,7,10,0,0,0,Spigno Monferrato
31,54,85,185,192,377,217,192,409,133,180,313,43,53,96,3,9,12,Bardello
1,8,9,19,11,30,19,13,32,10,13,23,1,3,4,0,0,0,Monte San Giovanni in Sabina
47,52,99,294,314,608,327,314,641,117,205,322,58,46,104,1,3,4,Avio
14,18,32,42,45,87,27,34,61,19,32,51,5,5,10,1,0,1,Leivi
72,60,132,195,191,386,189,159,348,76,133,209,24,38,62,0,2,2,Torno
52,61,113,91,78,169,72,65,137,38,60,98,12,40,52,2,4,6,Monterubbiano
216,257,473,651,584,1235,466,423,889,193,282,475,99,88,187,2,3,5,Buttigliera Alta
511,753,1264,2609,2337,4946,2575,2235,4810,1609,1701,3310,604,865,1469,66,159,225,San Salvo
6,10,16,46,40,86,34,29,63,29,47,76,9,14,23,2,2,4,Salisano
79,93,172,375,319,694,346,351,697,204,279,483,60,69,129,7,8,15,Pernumia
1,0,1,12,17,29,39,30,69,30,45,75,5,4,9,2,0,2,Cavargna
26,38,64,168,175,343,186,121,307,102,146,248,26,28,54,1,3,4,Casaletto Ceredano
214,294,508,933,1010,1943,1223,1014,2237,623,923,1546,185,260,445,50,30,80,Rivolta d'Adda
5,3,8,27,22,49,33,29,62,24,25,49,6,7,13,0,1,1,Frinco
65,94,159,362,318,680,354,284,638,166,241,407,44,70,114,2,5,7,Morgano
1423,1499,2922,3932,3836,7768,3910,3425,7335,1966,3135,5101,823,912,1735,40,62,102,Montebelluna
36,56,92,174,171,345,181,147,328,108,151,259,40,55,95,4,4,8,Monte Porzio
74,66,140,183,194,377,148,109,257,83,128,211,24,29,53,3,7,10,Rocca di Mezzo
118,124,242,241,186,427,176,173,349,113,159,272,80,121,201,15,58,73,Sant'Andrea di Conza
289,345,634,867,813,1680,728,679,1407,337,477,814,139,150,289,8,8,16,Castiglione Torinese
10,10,20,30,21,51,27,22,49,23,30,53,7,14,21,1,3,4,Castelnuovo Parano
50,68,118,243,244,487,276,224,500,116,161,277,64,82,146,3,1,4,Vellezzo Bellini
1,1,2,24,12,36,20,20,40,19,31,50,3,3,6,1,0,1,Carrodano
21,14,35,100,117,217,151,108,259,75,122,197,22,22,44,3,2,5,Tavagnasco
358,433,791,1147,1080,2227,1150,996,2146,583,906,1489,236,206,442,3,10,13,Curno
325,365,690,865,874,1739,691,611,1302,366,509,875,137,184,321,4,10,14,Roveredo in Piano
36,39,75,116,120,236,217,191,408,110,116,226,65,63,128,9,32,41,Petina
10,9,19,39,36,75,65,42,107,55,52,107,13,23,36,5,13,18,Dogliola
11,20,31,55,63,118,95,91,186,82,80,162,21,30,51,2,3,5,Lentella
40,55,95,214,220,434,355,282,637,169,220,389,69,59,128,6,11,17,Brenta
1,1,2,3,8,11,13,8,21,8,9,17,0,3,3,0,0,0,Castelbianco
2,8,10,29,23,52,40,34,74,26,33,59,12,23,35,2,5,7,Laganadi
99,119,218,511,455,966,576,494,1070,233,400,633,114,138,252,2,16,18,Giavera del Montello
28,42,70,196,179,375,194,170,364,140,148,288,50,96,146,3,19,22,Tornareccio
10,21,31,120,104,224,143,132,275,116,128,244,23,15,38,3,0,3,Schignano
220,303,523,781,827,1608,996,802,1798,681,792,1473,317,510,827,107,186,293,San Donaci
7,22,29,59,46,105,36,31,67,20,40,60,8,15,23,0,2,2,Citerna
201,219,420,550,566,1116,369,332,701,183,239,422,95,120,215,21,79,100,Diamante
158,206,364,871,853,1724,1093,854,1947,559,867,1426,162,170,332,10,13,23,Villa Cortese
2,6,8,46,35,81,37,34,71,32,33,65,7,5,12,0,0,0,Priola
1,6,7,11,14,25,19,15,34,13,13,26,5,1,6,0,0,0,Tribogna
3,4,7,29,23,52,38,28,66,37,43,80,3,6,9,1,0,1,Bondone
58,50,108,218,199,417,223,180,403,165,178,343,32,32,64,2,0,2,Brenna
28,39,67,152,112,264,118,102,220,92,159,251,21,35,56,0,0,0,Flaibano
8,12,20,46,45,91,41,39,80,38,47,85,9,6,15,0,2,2,Scopello
44,44,88,151,141,292,193,165,358,112,153,265,39,42,81,1,5,6,Biandrate
95,95,190,461,432,893,640,534,1174,325,476,801,133,170,303,14,15,29,Arcole
36,60,96,200,194,394,210,191,401,117,125,242,46,38,84,3,0,3,La Cassa
47,47,94,154,154,308,138,141,279,45,91,136,25,19,44,0,4,4,Piverone
4,9,13,20,22,42,28,28,56,12,18,30,3,5,8,0,0,0,Verrayes
0,3,3,11,9,20,10,8,18,10,12,22,0,2,2,0,0,0,Chamois
70,74,144,238,253,491,323,297,620,167,230,397,79,151,230,30,70,100,Sassano
237,286,523,1106,1120,2226,1828,1478,3306,814,1116,1930,454,478,932,65,83,148,Castel Goffredo
597,831,1428,2719,2759,5478,2787,2454,5241,1033,1310,2343,571,712,1283,26,73,99,Mentana
445,597,1042,1763,1806,3569,1727,1459,3186,1064,1377,2441,371,474,845,13,40,53,Rubiera
11,16,27,58,66,124,52,48,100,49,70,119,9,14,23,0,1,1,Vallada Agordina
338,359,697,1310,1266,2576,1315,1209,2524,569,841,1410,296,332,628,7,18,25,Zevio
80,118,198,318,375,693,412,339,751,209,263,472,72,73,145,8,7,15,Toirano
189,214,403,802,796,1598,848,720,1568,446,681,1127,100,138,238,24,37,61,Busalla
28,51,79,114,97,211,96,88,184,74,91,165,16,19,35,0,0,0,Colloredo di Monte Albano
527,611,1138,1706,1510,3216,1470,1359,2829,759,1289,2048,298,354,652,13,15,28,Noale
160,184,344,609,626,1235,700,603,1303,298,495,793,99,159,258,2,9,11,Sutri
130,157,287,581,541,1122,840,694,1534,425,631,1056,138,160,298,8,11,19,Carvico
29,52,81,201,170,371,171,130,301,94,119,213,31,52,83,3,9,12,Ciciliano
265,294,559,876,848,1724,993,883,1876,477,788,1265,179,200,379,6,10,16,Scanzorosciate
2133,2474,4607,7170,7393,14563,7574,6432,14006,3536,4846,8382,1472,2204,3676,101,300,401,Velletri
80,125,205,638,633,1271,1029,828,1857,491,624,1115,169,161,330,9,20,29,Bottanuco
11,14,25,58,61,119,38,43,81,43,52,95,5,10,15,0,0,0,Torricella Verzate
13,13,26,85,58,143,57,52,109,43,78,121,14,9,23,1,1,2,Forni Avoltri
186,251,437,950,894,1844,1961,1576,3537,689,855,1544,424,551,975,119,183,302,San Valentino Torio
32,46,78,133,141,274,153,121,274,85,101,186,24,37,61,1,3,4,Celleno
9,12,21,40,28,68,39,43,82,28,46,74,5,13,18,0,0,0,Rocca d'Arazzo
11,20,31,170,148,318,176,142,318,119,168,287,31,28,59,1,1,2,Verceia
424,563,987,2185,1928,4113,2634,2164,4798,1489,1740,3229,681,1046,1727,144,271,415,Ginosa
17,36,53,93,89,182,141,97,238,93,127,220,50,77,127,11,21,32,Alberona
5,11,16,39,40,79,62,49,111,36,40,76,12,11,23,1,1,2,Sale delle Langhe
2485,3113,5598,6677,6795,13472,7276,6123,13399,3682,5305,8987,1403,1819,3222,337,480,817,Cava de' Tirreni
16,27,43,129,126,255,154,125,279,100,114,214,28,37,65,1,5,6,Caravino
38,36,74,148,151,299,120,118,238,76,95,171,21,22,43,0,3,3,Barbania
127,141,268,481,438,919,433,420,853,326,416,742,135,250,385,44,37,81,Cianciana
4,7,11,25,13,38,25,9,34,12,9,21,1,0,1,1,0,1,Colle Santa Lucia
38,52,90,214,242,456,315,287,602,169,200,369,71,118,189,24,20,44,Castiglione di Sicilia
22,19,41,56,50,106,65,53,118,38,60,98,18,25,43,5,17,22,Ardore
20,29,49,81,77,158,122,60,182,91,141,232,25,66,91,17,33,50,Sant'Andrea Apostolo dello Ionio
1676,1774,3450,3026,3539,6565,1787,1868,3655,892,1423,2315,494,599,1093,17,37,54,Grottaferrata
10,13,23,35,33,68,33,29,62,34,43,77,11,14,25,0,0,0,Roccalbegna
56,77,133,255,220,475,246,241,487,170,263,433,50,85,135,5,5,10,Serra San Quirico
131,119,250,314,310,624,343,272,615,153,212,365,74,95,169,7,18,25,Isola del Gran Sasso d'Italia
94,91,185,353,402,755,379,317,696,232,274,506,117,178,295,28,64,92,Francavilla in Sinni
63,101,164,213,257,470,477,384,861,307,323,630,63,93,156,13,13,26,Santu Lussurgiu
21,42,63,124,155,279,359,304,663,188,219,407,58,104,162,13,28,41,Mores
51,51,102,188,182,370,187,177,364,91,170,261,27,39,66,3,5,8,Fubine Monferrato
211,328,539,1127,1210,2337,2364,2007,4371,1084,1034,2118,436,556,992,67,168,235,Capoterra
37,36,73,149,133,282,148,116,264,109,147,256,37,42,79,4,15,19,Episcopia
17,12,29,45,50,95,35,31,66,42,55,97,6,9,15,0,0,0,Ferriere
16,12,28,69,74,143,117,90,207,104,105,209,35,71,106,5,21,26,Castelmezzano
388,440,828,1705,1757,3462,2073,1706,3779,1248,1767,3015,404,579,983,21,40,61,Cerea
105,158,263,574,571,1145,814,703,1517,429,616,1045,108,134,242,6,9,15,Cannobio
240,252,492,762,829,1591,760,638,1398,431,512,943,184,266,450,49,65,114,Maiori
48,79,127,290,278,568,275,255,530,179,238,417,57,66,123,1,5,6,Pianello Val Tidone
11,20,31,71,77,148,127,98,225,56,78,134,17,19,36,0,0,0,Rocca Canavese
136,160,296,772,689,1461,823,714,1537,499,667,1166,213,215,428,20,14,34,Vazzola
28,38,66,198,195,393,251,222,473,120,165,285,45,42,87,0,3,3,Novate Mezzola
13,27,40,61,57,118,65,48,113,37,55,92,10,30,40,3,10,13,Castiglione Messer Raimondo
357,522,879,1408,1378,2786,1607,1202,2809,837,1001,1838,410,565,975,47,70,117,Celano
5,13,18,20,27,47,23,22,45,17,21,38,2,9,11,0,0,0,Bolognano
5,14,19,71,45,116,62,54,116,48,70,118,11,20,31,2,5,7,Fossalto
9,6,15,32,27,59,48,40,88,23,33,56,18,13,31,1,6,7,Lustra
34,54,88,146,162,308,185,163,348,125,157,282,46,61,107,4,14,18,Bentivoglio
106,140,246,502,507,1009,571,529,1100,386,517,903,107,199,306,9,9,18,San Michele al Tagliamento
70,100,170,267,241,508,313,236,549,176,227,403,61,91,152,3,6,9,Urbisaglia
62,93,155,239,258,497,313,253,566,182,194,376,51,69,120,2,3,5,Marciana Marina
61,73,134,249,259,508,218,159,377,103,184,287,36,63,99,4,11,15,Arsoli
115,147,262,569,530,1099,933,754,1687,465,642,1107,180,199,379,31,22,53,Gorlago
526,624,1150,1961,1595,3556,1813,1684,3497,848,1382,2230,375,431,806,27,20,47,Lonigo
1735,1796,3531,3543,3673,7216,3280,2875,6155,1382,2257,3639,741,1121,1862,125,264,389,Nola
398,455,853,1549,1361,2910,1424,1263,2687,626,1003,1629,281,369,650,15,24,39,Paese
5,9,14,19,12,31,16,14,30,13,14,27,4,6,10,0,0,0,Gagliole
62,74,136,233,213,446,289,291,580,173,179,352,86,124,210,11,53,64,Vietri di Potenza
10,17,27,40,46,86,49,33,82,32,54,86,5,16,21,0,1,1,Prarolo
20,16,36,52,74,126,66,51,117,44,54,98,13,4,17,1,3,4,Campodenno
6,9,15,36,42,78,66,40,106,26,44,70,4,8,12,1,1,2,Guazzora
558,690,1248,1782,1896,3678,2175,1895,4070,1212,1600,2812,488,779,1267,82,236,318,Trepuzzi
23,32,55,126,132,258,176,165,341,121,141,262,25,34,59,1,1,2,Roasio
73,85,158,271,274,545,425,346,771,253,278,531,111,143,254,29,70,99,Rombiolo
33,54,87,190,160,350,197,166,363,98,174,272,28,31,59,1,2,3,Sommariva Perno
597,763,1360,2264,2012,4276,2422,2078,4500,1171,1769,2940,393,466,859,16,18,34,Darfo Boario Terme
29,34,63,138,145,283,160,145,305,80,158,238,27,38,65,2,2,4,Briona
61,75,136,295,266,561,339,324,663,185,316,501,51,64,115,0,6,6,Pinasca
121,173,294,669,596,1265,606,610,1216,293,449,742,74,100,174,5,3,8,Edolo
33,31,64,77,99,176,90,73,163,48,56,104,24,45,69,0,14,14,Ceraso
98,103,201,443,448,891,415,370,785,264,353,617,47,81,128,1,5,6,Castiglione dei Pepoli
12,19,31,47,50,97,56,52,108,60,82,142,14,21,35,0,1,1,Poggio San Marcello
182,220,402,622,631,1253,496,470,966,293,403,696,112,124,236,3,2,5,Rivergaro
9,10,19,39,27,66,55,45,100,31,43,74,14,18,32,2,12,14,San Roberto
6,2,8,27,43,70,66,59,125,60,54,114,9,30,39,1,4,5,Villa Sant'Antonio
41,58,99,139,183,322,389,319,708,172,210,382,54,80,134,13,6,19,Nurachi
11,9,20,47,63,110,136,107,243,81,93,174,25,28,53,5,3,8,Escolca
128,217,345,515,587,1102,852,703,1555,397,499,896,128,184,312,8,21,29,Ghilarza
8,6,14,25,21,46,56,47,103,36,37,73,11,23,34,7,11,18,Pau
105,143,248,620,547,1167,942,827,1769,459,519,978,175,180,355,4,10,14,Montirone
488,576,1064,1585,1557,3142,1596,1401,2997,772,1187,1959,267,284,551,7,18,25,Mandello del Lario
41,66,107,341,321,662,668,586,1254,323,407,730,174,194,368,30,28,58,Portopalo di Capo Passero
35,47,82,151,169,320,198,158,356,131,199,330,78,91,169,24,32,56,Sant'Angelo Muxaro
2175,2594,4769,8719,8390,17109,11752,10312,22064,6809,8691,15500,3262,4321,7583,930,1082,2012,Gela
51,65,116,301,285,586,400,412,812,255,392,647,119,184,303,39,52,91,Chiusa Sclafani
40,58,98,168,180,348,261,201,462,127,189,316,37,41,78,2,4,6,Carenno
13,17,30,25,32,57,53,30,83,31,46,77,8,15,23,1,6,7,Longobardi
30,33,63,103,119,222,222,178,400,132,133,265,72,90,162,46,99,145,Grisolia
92,128,220,415,443,858,433,372,805,322,379,701,106,183,289,9,23,32,Pitigliano
12,10,22,57,59,116,130,105,235,108,111,219,36,48,84,7,12,19,Ruinas
16,28,44,89,129,218,310,226,536,187,194,381,46,75,121,32,23,55,Villanovafranca
29,38,67,70,68,138,118,81,199,82,109,191,19,35,54,4,7,11,Francavilla d'Ete
14,11,25,37,46,83,42,45,87,27,39,66,8,14,22,4,4,8,Roccaromana
10,16,26,34,36,70,26,16,42,5,20,25,3,10,13,0,0,0,Fontechiari
230,276,506,944,1005,1949,1305,1152,2457,839,1116,1955,212,279,491,10,26,36,Candelo
107,134,241,481,517,998,616,496,1112,384,533,917,138,169,307,8,18,26,Greve in Chianti
5,2,7,33,27,60,50,29,79,23,43,66,9,17,26,1,4,5,Castelnuovo Cilento
3,9,12,33,29,62,58,51,109,53,64,117,26,36,62,5,19,24,Fraine
72,90,162,258,221,479,170,165,335,145,189,334,44,67,111,4,7,11,Fara San Martino
112,154,266,503,469,972,645,530,1175,397,479,876,117,115,232,7,17,24,Costa Masnaga
43,46,89,150,113,263,90,91,181,79,95,174,23,64,87,2,9,11,Quadri
19,19,38,65,54,119,45,30,75,27,24,51,5,3,8,0,2,2,Toritto
10,14,24,53,47,100,33,21,54,25,29,54,7,14,21,2,0,2,Corvino San Quirico
254,311,565,885,936,1821,881,734,1615,427,638,1065,139,144,283,12,14,26,Missaglia
52,85,137,264,239,503,289,230,519,127,173,300,49,65,114,8,6,14,Cremella
222,247,469,678,602,1280,659,583,1242,399,595,994,116,135,251,5,15,20,Galbiate
15,16,31,71,90,161,130,101,231,50,85,135,19,27,46,1,1,2,Mariana Mantovana
24,32,56,123,123,246,147,147,294,93,95,188,36,54,90,9,22,31,Prata Sannita
72,91,163,442,377,819,616,541,1157,336,396,732,120,130,250,25,27,52,Grantorto
27,28,55,159,147,306,113,102,215,69,114,183,22,31,53,0,0,0,Ovaro
80,72,152,326,277,603,339,289,628,166,260,426,85,88,173,5,5,10,Possagno
23,23,46,132,104,236,111,92,203,67,105,172,14,26,40,1,0,1,Camino al Tagliamento
41,57,98,193,176,369,196,127,323,79,154,233,24,35,59,0,4,4,Leonessa
14,27,41,95,64,159,42,38,80,26,30,56,13,22,35,1,5,6,Santopadre
8,9,17,28,24,52,40,30,70,24,36,60,2,18,20,4,0,4,Montefino
3,4,7,22,16,38,39,33,72,29,26,55,6,8,14,1,1,2,Valeggio
33,42,75,143,128,271,154,118,272,108,156,264,27,45,72,0,0,0,Stagno Lombardo
80,97,177,263,220,483,315,257,572,152,196,348,58,97,155,4,15,19,Ripa Teatina
27,37,64,104,61,165,68,65,133,41,65,106,13,20,33,3,3,6,Paciano
185,230,415,757,782,1539,847,676,1523,398,609,1007,163,150,313,2,17,19,Ceriano Laghetto
101,134,235,303,278,581,333,277,610,160,232,392,70,101,171,2,2,4,Montecassiano
3098,3478,6576,6980,8113,15093,7066,6412,13478,3277,5446,8723,1153,1607,2760,66,128,194,Viareggio
102,149,251,682,650,1332,1175,880,2055,469,636,1105,244,197,441,36,33,69,Ciserano
5,6,11,38,25,63,39,27,66,26,22,48,13,28,41,1,10,11,Cleto
17,31,48,108,101,209,231,191,422,96,150,246,36,32,68,2,4,6,Villachiara
17,22,39,58,46,104,80,62,142,59,80,139,23,37,60,3,4,7,Lubriano
4,9,13,35,41,76,27,18,45,17,29,46,7,4,11,0,2,2,Cerreto Grue
3,7,10,57,50,107,51,33,84,39,45,84,9,13,22,0,6,6,Belmonte Castello
25,31,56,113,108,221,86,81,167,65,82,147,11,21,32,6,6,12,Cogorno
390,494,884,1405,1376,2781,1476,1327,2803,731,811,1542,308,373,681,49,110,159,Scalea
25,28,53,104,107,211,86,51,137,43,80,123,9,12,21,0,0,0,Voltaggio
13,18,31,94,80,174,115,93,208,78,80,158,12,8,20,0,1,1,Sormano
293,338,631,1022,1029,2051,1042,876,1918,535,807,1342,193,203,396,11,26,37,Barlassina
40,44,84,168,170,338,213,176,389,118,183,301,30,56,86,1,5,6,San Giacomo delle Segnate
30,34,64,268,165,433,219,186,405,121,187,308,40,41,81,1,2,3,Venzone
15,44,59,176,131,307,134,108,242,114,131,245,27,13,40,0,1,1,Ronzo-Chienis
5,15,20,35,38,73,50,35,85,18,43,61,6,9,15,0,0,0,Colleretto Castelnuovo
44,58,102,156,162,318,200,160,360,116,120,236,28,31,59,1,1,2,Pettenasco
188,221,409,616,645,1261,926,794,1720,498,541,1039,293,364,657,98,122,220,Cammarata
24,32,56,80,91,171,166,133,299,102,125,227,49,75,124,11,14,25,Pollina
122,167,289,475,461,936,389,367,756,251,363,614,145,171,316,4,12,16,Acquasparta
14,20,34,55,52,107,96,61,157,57,86,143,10,28,38,1,0,1,Bioglio
807,997,1804,772,766,1538,517,513,1030,317,579,896,105,255,360,13,29,42,Urbino
190,188,378,335,424,759,246,240,486,115,188,303,51,41,92,10,13,23,Zoagli
7,4,11,12,17,29,18,15,33,14,13,27,0,2,2,0,1,1,Molazzana
94,132,226,504,579,1083,860,706,1566,546,737,1283,144,136,280,7,10,17,Vertova
4,10,14,21,23,44,32,17,49,20,25,45,5,4,9,0,0,0,Frassino
570,667,1237,1521,1304,2825,1855,1522,3377,1057,1465,2522,565,876,1441,142,256,398,Monte Sant'Angelo
14,25,39,46,50,96,84,50,134,43,53,96,13,13,26,11,22,33,Vallelonga
0,3,3,23,20,43,40,29,69,18,39,57,5,3,8,0,2,2,Somano
1672,2064,3736,4702,4880,9582,5822,4843,10665,3161,4647,7808,1233,2128,3361,190,459,649,Martina Franca
14,10,24,45,53,98,140,90,230,89,83,172,27,38,65,4,10,14,Usellus
20,22,42,139,123,262,133,130,263,103,125,228,23,25,48,3,3,6,Grandola ed Uniti
6,12,18,14,10,24,13,5,18,20,30,50,3,9,12,1,1,2,San Benedetto in Perillis
24,30,54,100,117,217,121,112,233,92,107,199,19,33,52,2,0,2,Tornaco
117,141,258,559,503,1062,448,418,866,207,413,620,78,89,167,3,1,4,Romans d'Isonzo
18,18,36,57,50,107,64,57,121,49,48,97,6,6,12,2,2,4,Ricaldone
19,32,51,99,104,203,77,45,122,37,57,94,13,21,34,0,1,1,Carbonara Scrivia
0,3,3,6,8,14,11,9,20,8,11,19,1,1,2,0,0,0,Vendone
128,130,258,492,459,951,696,665,1361,338,490,828,140,159,299,9,15,24,Casazza
29,50,79,204,195,399,220,174,394,161,221,382,29,37,66,3,4,7,Vezza d'Alba
3,12,15,49,66,115,60,40,100,27,30,57,8,8,16,0,1,1,Battuda
1218,1522,2740,3425,3801,7226,3224,2916,6140,1608,2500,4108,592,742,1334,48,109,157,Tortona
1,2,3,7,1,8,3,2,5,2,1,3,3,0,3,1,0,1,Bionaz
11,16,27,54,62,116,74,65,139,39,43,82,16,17,33,1,3,4,Dusino San Michele
235,317,552,1094,1147,2241,1389,1118,2507,749,1028,1777,226,325,551,13,26,39,Scarperia e San Piero
39,45,84,107,124,231,111,98,209,70,101,171,16,27,43,1,3,4,Petritoli
583,696,1279,1615,1647,3262,1505,1356,2861,771,1206,1977,237,287,524,12,12,24,Morbegno
267,373,640,1216,1259,2475,1468,1264,2732,882,1160,2042,269,302,571,16,35,51,Cermenate
35,42,77,201,226,427,277,236,513,155,222,377,59,55,114,6,6,12,Clivio
795,1036,1831,2214,2194,4408,2448,2148,4596,1462,1926,3388,560,797,1357,24,42,66,Tolentino
316,390,706,1291,1171,2462,1277,1186,2463,579,757,1336,292,301,593,5,21,26,Bruino
24,32,56,78,76,154,79,65,144,56,82,138,21,25,46,0,2,2,Colmurano
66,72,138,250,314,564,465,352,817,197,228,425,86,92,178,6,6,12,Cavernago
635,851,1486,2563,2519,5082,2665,2206,4871,1415,1894,3309,566,751,1317,32,75,107,Castelfranco Emilia
73,124,197,531,521,1052,547,492,1039,357,497,854,81,78,159,4,7,11,Dongo
19,29,48,88,83,171,70,69,139,48,74,122,15,23,38,0,2,2,Torrita Tiberina
219,288,507,1081,1110,2191,1173,1008,2181,637,879,1516,172,221,393,3,13,16,Pandino
274,299,573,1240,1199,2439,1463,1201,2664,732,1002,1734,222,256,478,21,30,51,Cogliate
20,26,46,139,148,287,274,229,503,145,160,305,49,70,119,6,7,13,Cortenuova
31,50,81,174,134,308,172,151,323,108,134,242,50,96,146,26,38,64,Colobraro
216,269,485,589,590,1179,551,472,1023,262,393,655,105,166,271,23,42,65,Vietri sul Mare
0,3,3,15,9,24,4,6,10,11,11,22,1,0,1,0,0,0,San Tomaso Agordino
2,5,7,23,30,53,34,20,54,22,27,49,0,4,4,1,0,1,Albosaggia
262,311,573,877,840,1717,838,712,1550,448,590,1038,139,164,303,1,13,14,Lipomo
80,114,194,370,367,737,437,322,759,233,299,532,77,81,158,2,6,8,Pianengo
10,15,25,76,73,149,170,145,315,96,107,203,27,24,51,1,2,3,Adrara San Rocco
5,5,10,4,6,10,5,7,12,9,13,22,1,0,1,0,0,0,Fortunago
401,492,893,1461,1514,2975,1752,1535,3287,944,1383,2327,285,308,593,23,27,50,Olgiate Comasco
158,240,398,811,894,1705,1624,1259,2883,848,994,1842,364,585,949,94,201,295,Erchie
33,24,57,93,96,189,94,91,185,69,75,144,34,45,79,5,14,19,Sasso di Castalda
52,54,106,219,185,404,160,159,319,96,154,250,26,26,52,0,1,1,Calceranica al Lago
57,68,125,197,167,364,164,142,306,163,175,338,72,102,174,36,70,106,Villapiana
14,25,39,97,95,192,137,116,253,85,100,185,20,28,48,1,1,2,Onore
174,224,398,834,859,1693,1385,1050,2435,745,945,1690,348,288,636,26,26,52,Villongo
211,198,409,790,823,1613,1082,855,1937,446,621,1067,180,191,371,4,8,12,Pedrengo
16,20,36,86,80,166,79,63,142,52,64,116,14,6,20,0,0,0,Cantoira
25,39,64,165,136,301,293,266,559,195,229,424,86,97,183,23,57,80,Feroleto della Chiesa
10,12,22,43,42,85,40,27,67,28,40,68,10,13,23,0,1,1,Spinete
6,9,15,37,32,69,43,28,71,32,47,79,32,17,49,2,4,6,Castelvisconti
151,215,366,723,704,1427,796,705,1501,417,707,1124,167,157,324,4,10,14,Villanuova sul Clisi
29,40,69,190,192,382,178,117,295,123,148,271,102,159,261,55,122,177,Bocchigliero
30,45,75,138,145,283,178,146,324,74,103,177,24,33,57,1,2,3,Zinasco
9,6,15,29,22,51,65,36,101,23,44,67,5,11,16,0,1,1,Azzone
879,978,1857,3297,3246,6543,4418,3799,8217,1892,2740,4632,841,1041,1882,84,188,272,Villaricca
1,2,3,9,20,29,22,13,35,15,16,31,1,2,3,0,0,0,Pontechianale
13,27,40,82,77,159,85,52,137,56,74,130,12,15,27,1,1,2,Podenzana
89,93,182,316,308,624,262,202,464,137,185,322,62,125,187,15,36,51,Taurasi
23,15,38,67,71,138,89,54,143,44,54,98,8,14,22,0,0,0,Gignese
2,1,3,12,13,25,14,4,18,7,14,21,0,0,0,0,0,0,Madesimo
103,126,229,435,423,858,462,412,874,216,317,533,66,91,157,2,6,8,Romano Canavese
272,241,513,784,777,1561,631,630,1261,449,585,1034,102,149,251,3,5,8,Bardolino
6,12,18,39,33,72,45,44,89,23,33,56,4,8,12,1,1,2,Torlino Vimercati
165,195,360,570,495,1065,381,388,769,202,362,564,76,79,155,4,4,8,Pradamano
103,152,255,584,631,1215,830,650,1480,505,608,1113,134,142,276,11,16,27,Robecchetto con Induno
649,824,1473,2618,2641,5259,2732,2202,4934,1182,1754,2936,441,529,970,26,26,52,Bareggio
210,257,467,560,534,1094,492,445,937,229,360,589,108,111,219,5,7,12,Cava Manara
8,12,20,68,79,147,156,126,282,122,137,259,23,38,61,2,1,3,Mello
285,381,666,1295,1182,2477,1344,1123,2467,859,1138,1997,284,353,637,16,26,42,Spilamberto
31,37,68,110,71,181,110,84,194,61,73,134,20,28,48,3,11,14,Rocca San Giovanni
196,234,430,774,765,1539,810,616,1426,502,700,1202,149,177,326,11,19,30,Besnate
100,140,240,460,385,845,545,460,1005,324,523,847,129,140,269,7,14,21,Cengio
277,309,586,716,765,1481,612,615,1227,318,498,816,98,116,214,3,9,12,Celle Ligure
47,56,103,300,239,539,427,364,791,196,268,464,90,79,169,10,9,19,Montecchia di Crosara
195,227,422,760,697,1457,1153,1070,2223,704,826,1530,397,589,986,63,127,190,Melissano
191,189,380,918,866,1784,914,753,1667,428,643,1071,195,195,390,13,11,24,Caldiero
1,1,2,34,35,69,25,25,50,27,35,62,5,3,8,1,2,3,Ospitale di Cadore
129,175,304,644,608,1252,527,436,963,250,409,659,94,127,221,1,6,7,Colonna
188,215,403,855,742,1597,762,740,1502,373,605,978,155,185,340,5,7,12,Noventa di Piave
11,12,23,50,54,104,56,67,123,59,87,146,9,13,22,1,0,1,Zerbo
54,86,140,369,314,683,314,289,603,166,342,508,47,63,110,1,3,4,Villa Santina
47,69,116,242,249,491,305,223,528,144,252,396,62,70,132,5,4,9,Cavaso del Tomba
44,52,96,186,196,382,212,175,387,106,110,216,50,58,108,6,20,26,Santa Maria Imbaro
1,1,2,6,8,14,5,4,9,7,16,23,0,1,1,0,0,0,Gorreto
569,676,1245,1638,1608,3246,1742,1515,3257,881,1277,2158,294,331,625,14,15,29,Concesio
10,16,26,83,47,130,54,57,111,48,69,117,10,11,21,0,1,1,Cedrasco
10,11,21,38,63,101,98,78,176,58,50,108,20,22,42,0,2,2,Torre Beretti e Castellaro
153,196,349,366,389,755,458,416,874,220,253,473,73,113,186,7,1,8,Saint-Christophe
153,161,314,372,355,727,262,237,499,120,146,266,54,71,125,1,5,6,Rodano
105,168,273,642,738,1380,1128,919,2047,592,698,1290,163,257,420,6,20,26,Cavallino-Treporti
68,113,181,371,384,755,429,410,839,239,333,572,65,84,149,8,18,26,San Bartolomeo al Mare
46,45,91,153,143,296,169,196,365,126,168,294,20,21,41,1,1,2,Calizzano
1,0,1,9,13,22,12,8,20,4,4,8,4,2,6,0,0,0,Plodio
31,32,63,100,113,213,141,109,250,77,86,163,20,15,35,0,3,3,Vallebona
12,9,21,31,40,71,39,39,78,31,50,81,3,4,7,1,0,1,Triora
15,15,30,54,52,106,37,30,67,28,43,71,5,11,16,0,0,0,Civitella Alfedena
39,60,99,246,181,427,116,136,252,121,202,323,30,54,84,0,5,5,Castelnovo Bariano
122,170,292,593,509,1102,801,698,1499,401,538,939,171,212,383,12,16,28,Sant'Angelo di Piove di Sacco
400,502,902,1591,1623,3214,2727,2144,4871,976,1435,2411,565,724,1289,145,276,421,Lusciano
8,7,15,19,25,44,27,14,41,11,26,37,4,1,5,0,0,0,Rocca Pietore
18,19,37,63,80,143,60,33,93,44,51,95,5,14,19,0,0,0,Rosignano Monferrato
25,37,62,91,81,172,74,52,126,36,57,93,12,21,33,1,7,8,Torchiara
112,138,250,471,420,891,453,417,870,239,270,509,86,79,165,2,6,8,Caselette
16,21,37,39,30,69,42,41,83,44,47,91,11,10,21,2,7,9,Fontecchio
81,119,200,299,361,660,646,497,1143,323,412,735,161,248,409,16,39,55,Bari Sardo
51,103,154,255,239,494,398,289,687,169,219,388,75,146,221,9,12,21,Tonara
824,927,1751,2778,2977,5755,3298,2956,6254,1985,2420,4405,914,1346,2260,134,204,338,San Cataldo
24,52,76,131,145,276,171,144,315,85,137,222,34,55,89,8,16,24,Naso
21,29,50,130,135,265,187,137,324,119,154,273,34,47,81,7,12,19,Buscemi
213,348,561,1062,1202,2264,2278,1812,4090,1279,1193,2472,430,745,1175,53,213,266,Sorso
291,366,657,1397,1499,2896,1538,1332,2870,644,829,1473,365,396,761,56,59,115,Mascali
11,15,26,56,70,126,119,69,188,88,97,185,16,40,56,2,7,9,Banari
21,73,94,166,136,302,231,186,417,155,229,384,34,54,88,3,4,7,Bortigali
16,11,27,43,67,110,68,59,127,47,61,108,20,27,47,10,13,23,Camini
1752,2173,3925,3716,3517,7233,2383,2007,4390,1164,1866,3030,515,744,1259,45,117,162,Cassino
37,44,81,113,104,217,88,87,175,61,103,164,36,59,95,10,21,31,Felitto
44,64,108,150,139,289,191,157,348,134,201,335,39,71,110,4,23,27,Staffolo
1407,1778,3185,4042,4480,8522,4265,3993,8258,2311,3555,5866,732,868,1600,63,123,186,Verbania
3,6,9,12,11,23,15,6,21,6,10,16,2,3,5,0,0,0,Arquata del Tronto
112,132,244,418,402,820,458,372,830,248,390,638,81,164,245,2,9,11,Ostra
934,1218,2152,3875,3272,7147,3405,3032,6437,2073,2811,4884,989,1448,2437,169,231,400,Mola di Bari
49,115,164,260,359,619,509,398,907,328,336,664,102,159,261,18,17,35,Osilo
403,564,967,1349,1514,2863,2124,1835,3959,1078,1344,2422,654,933,1587,197,166,363,Grammichele
9,11,20,49,43,92,66,56,122,35,52,87,10,22,32,0,0,0,Crova
22,17,39,98,104,202,144,107,251,64,110,174,16,48,64,1,7,8,Montecchio
5,8,13,33,40,73,39,32,71,34,35,69,9,12,21,1,1,2,Mezzana Rabattone
202,221,423,517,492,1009,454,510,964,194,301,495,94,89,183,4,7,11,Tione di Trento
8,6,14,39,30,69,29,28,57,19,30,49,5,14,19,0,1,1,Verghereto
9,13,22,47,49,96,54,48,102,39,54,93,12,25,37,8,7,15,Acquappesa
51,50,101,176,157,333,120,101,221,78,109,187,17,35,52,4,7,11,Carovilli
1057,1209,2266,2856,2784,5640,2588,2215,4803,1146,1612,2758,702,859,1561,129,354,483,Palmi
17,22,39,104,99,203,114,92,206,63,100,163,19,17,36,1,0,1,Tricerro
40,31,71,105,100,205,88,82,170,76,93,169,18,54,72,12,22,34,Pisciotta
323,407,730,1625,1506,3131,2434,2199,4633,1258,1515,2773,617,896,1513,137,337,474,Carovigno
1684,1880,3564,3905,3864,7769,3490,3080,6570,1718,2859,4577,699,844,1543,42,71,113,Castelfranco Veneto
20,36,56,134,145,279,187,151,338,137,167,304,27,38,65,4,5,9,Badalucco
328,381,709,1341,1257,2598,1577,1492,3069,1046,1310,2356,547,831,1378,89,167,256,Matino
30,32,62,122,119,241,116,116,232,60,91,151,23,24,47,1,2,3,Casalnoceto
14,13,27,19,28,47,20,18,38,17,29,46,9,14,23,1,3,4,Gallinaro
565,673,1238,1986,2111,4097,1751,1758,3509,780,1054,1834,337,317,654,10,22,32,Arco
572,654,1226,1673,1854,3527,1445,1557,3002,691,1185,1876,261,301,562,12,22,34,Alassio
20,30,50,98,124,222,81,55,136,49,60,109,12,33,45,1,3,4,Muccia
190,241,431,696,698,1394,721,614,1335,457,602,1059,188,339,527,17,51,68,Casalbordino
11,25,36,40,27,67,27,26,53,23,26,49,7,6,13,1,0,1,Ayas
71,102,173,395,329,724,435,370,805,217,282,499,79,86,165,3,8,11,San Biagio di Callalta
58,84,142,298,266,564,476,385,861,285,364,649,77,86,163,13,12,25,Pontida
32,64,96,227,207,434,239,197,436,143,219,362,41,79,120,6,14,20,Gallese
1,1,2,43,25,68,19,22,41,14,27,41,1,3,4,0,0,0,Paisco Loveno
11,22,33,53,53,106,112,98,210,71,72,143,67,63,130,16,34,50,Aieta
337,352,689,1254,1135,2389,1057,993,2050,581,813,1394,197,196,393,9,14,23,Monticello Conte Otto
7,6,13,26,26,52,30,27,57,24,47,71,1,3,4,0,0,0,Urbe
294,311,605,1168,1065,2233,1068,962,2030,548,910,1458,199,279,478,10,6,16,Martellago
22,21,43,74,94,168,91,85,176,59,95,154,10,17,27,2,5,7,Monastero Bormida
188,284,472,849,828,1677,844,674,1518,425,548,973,164,243,407,6,15,21,San Giovanni in Marignano
111,120,231,475,414,889,501,401,902,321,363,684,174,234,408,44,78,122,Tolve
47,47,94,223,187,410,228,214,442,69,115,184,27,30,57,0,0,0,Roana
272,361,633,1039,1029,2068,1169,1006,2175,541,838,1379,232,328,560,12,32,44,Tuscania
89,130,219,432,403,835,566,501,1067,354,478,832,130,189,319,6,12,18,Santa Maria Nuova
32,43,75,163,141,304,147,128,275,61,117,178,20,38,58,2,3,5,Pievepelago
114,134,248,361,339,700,253,293,546,162,171,333,49,90,139,14,29,43,Sant'Angelo dei Lombardi
10,10,20,32,29,61,40,32,72,33,46,79,3,10,13,0,0,0,Bajardo
19,18,37,52,73,125,97,68,165,68,97,165,14,14,28,3,3,6,Perinaldo
41,63,104,187,213,400,290,212,502,148,219,367,47,62,109,2,11,13,Dolceacqua
65,100,165,404,357,761,447,411,858,206,348,554,50,86,136,0,5,5,Garessio
60,71,131,219,236,455,294,267,561,156,174,330,88,125,213,23,80,103,Maierato
12,31,43,100,90,190,101,72,173,38,71,109,12,15,27,0,0,0,Giaglione
44,40,84,159,174,333,175,161,336,124,133,257,41,53,94,2,5,7,Monzuno
9,14,23,46,28,74,42,29,71,27,41,68,4,17,21,2,1,3,Chiauci
15,24,39,104,103,207,126,115,241,67,95,162,19,25,44,1,4,5,Sesta Godano
22,26,48,96,95,191,77,63,140,46,72,118,14,10,24,0,1,1,Sarezzano
32,66,98,161,139,300,152,129,281,84,102,186,40,68,108,8,9,17,Campodipietra
165,213,378,617,600,1217,608,506,1114,253,323,576,162,277,439,40,114,154,Rizziconi
173,196,369,753,776,1529,978,902,1880,502,779,1281,149,166,315,6,7,13,Zogno
279,309,588,962,986,1948,862,765,1627,423,621,1044,134,188,322,2,9,11,Lignano Sabbiadoro
21,12,33,78,79,157,69,77,146,61,68,129,18,11,29,1,2,3,Mombaruzzo
46,57,103,272,274,546,297,266,563,160,223,383,54,74,128,3,2,5,Castagnole Piemonte
879,1077,1956,2672,2523,5195,2834,2669,5503,1560,2182,3742,556,563,1119,50,86,136,Fossano
10,11,21,42,57,99,115,98,213,63,55,118,14,23,37,2,2,4,Erula
8,8,16,51,66,117,142,97,239,83,77,160,15,37,52,5,6,11,Pauli Arbarei
233,308,541,1326,1298,2624,1948,1775,3723,1078,1253,2331,502,581,1083,75,72,147,Ficarazzi
29,26,55,88,133,221,132,125,257,83,111,194,41,45,86,10,10,20,Mirto
25,28,53,115,133,248,302,255,557,101,126,227,49,82,131,8,25,33,Selegas
819,1274,2093,2802,3094,5896,3546,2973,6519,1455,1875,3330,525,705,1230,77,123,200,Monserrato
210,337,547,1346,1509,2855,3095,2825,5920,1591,1695,3286,878,1073,1951,248,298,546,Palagonia
174,235,409,880,842,1722,1241,1019,2260,649,941,1590,265,247,512,30,42,72,Olginate
53,50,103,120,101,221,104,60,164,40,71,111,18,31,49,2,5,7,Monte San Giovanni Campano
183,198,381,678,628,1306,685,548,1233,297,479,776,116,107,223,7,18,25,Triuggio
60,51,111,172,213,385,197,176,373,118,183,301,23,27,50,1,2,3,Barzio
18,22,40,100,93,193,118,83,201,79,113,192,15,12,27,1,1,2,Esino Lario
270,376,646,1021,1114,2135,983,858,1841,540,764,1304,195,272,467,37,52,89,Giardini-Naxos
9,14,23,51,58,109,116,78,194,67,71,138,25,35,60,4,6,10,Ussaramanna
34,45,79,214,186,400,192,143,335,115,157,272,28,32,60,1,3,4,Fombio
281,361,642,1147,1127,2274,1184,1039,2223,532,707,1239,164,202,366,22,15,37,Colico
71,98,169,372,400,772,573,495,1068,297,355,652,158,222,380,65,63,128,San Michele di Ganzaria
57,76,133,264,286,550,461,428,889,221,329,550,112,173,285,20,13,33,Buseto Palizzolo
835,954,1789,4303,4174,8477,5717,5262,10979,3139,3782,6921,1546,1899,3445,378,332,710,Carini
92,117,209,421,440,861,491,356,847,242,411,653,66,89,155,3,5,8,San Rocco al Porto
75,122,197,367,393,760,358,274,632,166,199,365,69,81,150,3,5,8,Casalmaiocco
12,12,24,51,50,101,74,61,135,27,36,63,15,9,24,0,0,0,Casaletto Lodigiano
1177,1498,2675,3275,3285,6560,2490,2191,4681,1479,1987,3466,641,980,1621,113,224,337,Castrovillari
12,24,36,64,61,125,80,54,134,36,47,83,15,20,35,4,8,12,Colosimi
9,9,18,34,27,61,31,24,55,17,37,54,6,11,17,1,0,1,Serrapetrona
123,160,283,451,521,972,499,423,922,372,470,842,117,173,290,9,15,24,Bolsena
30,52,82,191,159,350,249,215,464,141,214,355,30,49,79,5,6,11,Vogogna
45,69,114,209,280,489,585,435,1020,329,319,648,125,175,300,28,45,73,Villamar
65,91,156,275,273,548,320,305,625,148,205,353,54,70,124,2,3,5,Arborea
134,141,275,441,447,888,466,396,862,298,428,726,68,79,147,4,9,13,Monticello Brianza
160,227,387,757,761,1518,687,529,1216,290,470,760,117,117,234,7,9,16,Ornago
64,110,174,234,190,424,160,112,272,85,119,204,52,85,137,1,17,18,Coreno Ausonio
20,31,51,82,73,155,83,92,175,52,73,125,29,40,69,3,4,7,Cellino Attanasio
267,341,608,1100,1167,2267,1465,1224,2689,880,1122,2002,246,387,633,14,47,61,Pieve a Nievole
21,14,35,39,38,77,23,20,43,14,30,44,3,7,10,0,1,1,Fano Adriano
268,330,598,1014,1075,2089,905,767,1672,559,727,1286,255,361,616,14,41,55,Russi
296,409,705,1100,1125,2225,1151,997,2148,584,735,1319,245,374,619,14,33,47,Castel Bolognese
24,28,52,90,105,195,156,125,281,82,100,182,10,24,34,0,1,1,Filighera
152,180,332,604,636,1240,693,546,1239,436,469,905,316,405,721,91,146,237,Terranova da Sibari
1417,1521,2938,3768,3575,7343,4973,3803,8776,2028,3656,5684,1034,1580,2614,228,674,902,Frattamaggiore
148,187,335,546,519,1065,739,594,1333,442,507,949,196,314,510,49,91,140,Rocca di Neto
1,2,3,6,7,13,16,7,23,16,15,31,0,2,2,0,0,0,Varco Sabino
187,225,412,905,933,1838,1151,911,2062,683,966,1649,336,399,735,56,68,124,Agerola
82,115,197,347,324,671,369,310,679,169,218,387,67,86,153,2,5,7,Polverara
117,182,299,505,599,1104,599,436,1035,330,496,826,135,175,310,8,23,31,Montelibretti
2,4,6,27,22,49,40,27,67,22,28,50,12,13,25,0,2,2,Concamarise
18,22,40,71,61,132,66,54,120,34,35,69,8,23,31,2,4,6,Cugnoli
464,603,1067,2139,2050,4189,2024,1818,3842,1075,1489,2564,426,404,830,18,26,44,Carugate
94,110,204,444,451,895,609,484,1093,349,474,823,123,128,251,4,11,15,Vidor
79,124,203,462,425,887,632,569,1201,328,408,736,112,156,268,13,12,25,Campolongo Maggiore
321,359,680,1417,1419,2836,2066,1703,3769,978,1389,2367,395,353,748,15,34,49,Osio Sotto
43,49,92,170,145,315,140,134,274,125,115,240,38,70,108,3,16,19,Villamagna
33,42,75,91,68,159,114,89,203,58,71,129,27,32,59,9,19,28,Paupisi
33,51,84,143,127,270,114,102,216,60,116,176,26,47,73,8,10,18,Sant'Angelo d'Alife
125,111,236,491,457,948,565,547,1112,326,572,898,127,105,232,2,4,6,Brendola
7,9,16,26,19,45,22,23,45,21,25,46,5,8,13,1,2,3,Mombello Monferrato
7,10,17,54,44,98,88,70,158,53,76,129,14,15,29,0,0,0,Corteno Golgi
99,119,218,317,308,625,316,266,582,193,221,414,64,75,139,1,5,6,Orsenigo
129,170,299,711,721,1432,856,788,1644,524,676,1200,164,179,343,15,27,42,Montanaro
12,17,29,71,62,133,81,59,140,35,63,98,17,20,37,0,1,1,Pessinetto
115,161,276,475,469,944,408,340,748,194,261,455,92,84,176,4,7,11,San Michele all'Adige
44,70,114,240,291,531,389,309,698,220,201,421,76,106,182,7,29,36,Perfugas
130,213,343,501,614,1115,850,616,1466,459,471,930,157,209,366,21,37,58,Ploaghe
195,233,428,1002,830,1832,723,633,1356,451,626,1077,188,376,564,23,46,69,Carloforte
178,170,348,723,817,1540,1509,1335,2844,789,922,1711,404,429,833,73,62,135,Acate
4,7,11,27,19,46,17,21,38,13,15,28,9,5,14,0,1,1,Montefalcone Appennino
30,37,67,140,156,296,253,249,502,170,204,374,82,95,177,27,20,47,Roccamena
122,138,260,743,847,1590,1403,1301,2704,807,1016,1823,472,584,1056,164,149,313,San Giuseppe Jato
40,80,120,345,258,603,259,235,494,164,231,395,59,94,153,6,14,20,Motta San Giovanni
53,53,106,189,184,373,241,208,449,146,187,333,74,83,157,14,11,25,Poggioreale
29,30,59,80,79,159,107,115,222,103,108,211,29,50,79,4,30,34,Dinami
685,1003,1688,2360,2185,4545,1532,1313,2845,856,1230,2086,385,460,845,68,114,182,Villa San Giovanni
45,91,136,397,396,793,650,539,1189,390,420,810,93,154,247,13,17,30,Oschiri
22,32,54,110,92,202,115,79,194,80,91,171,33,61,94,7,22,29,Paterno Calabro
290,438,728,1392,1336,2728,1044,787,1831,619,786,1405,264,388,652,53,93,146,Pizzo
81,78,159,134,169,303,118,81,199,77,134,211,34,69,103,1,4,5,San Ginesio
59,90,149,240,255,495,482,301,783,260,357,617,93,178,271,39,90,129,Gimigliano
18,15,33,77,56,133,78,73,151,63,77,140,21,29,50,3,9,12,Fondachelli-Fantina
13,14,27,62,91,153,122,97,219,56,66,122,24,30,54,3,3,6,Premilcuore
201,308,509,1149,987,2136,1103,1005,2108,542,731,1273,249,354,603,15,42,57,San Stino di Livenza
43,43,86,203,165,368,260,220,480,144,196,340,26,41,67,2,3,5,Serina
273,364,637,894,891,1785,887,727,1614,369,547,916,162,270,432,17,92,109,Avigliano
42,52,94,234,235,469,302,291,593,196,256,452,50,48,98,2,2,4,Bettola
350,436,786,836,882,1718,667,566,1233,295,405,700,138,194,332,22,63,85,Lagonegro
13,18,31,35,31,66,53,42,95,35,43,78,14,20,34,1,0,1,Borgo Pace
34,35,69,195,195,390,292,209,501,154,253,407,56,61,117,5,20,25,San Germano Vercellese
5,2,7,18,16,34,18,21,39,18,22,40,3,8,11,0,4,4,Condofuri
12,18,30,47,46,93,53,22,75,31,39,70,3,5,8,0,0,0,Pietra de' Giorgi
771,1071,1842,2593,2612,5205,2385,2149,4534,1359,2232,3591,372,532,904,79,111,190,Sestri Levante
99,96,195,486,363,849,463,398,861,163,235,398,43,54,97,1,8,9,Tarvisio
11,21,32,78,98,176,155,123,278,78,110,188,21,29,50,2,4,6,Pigna
17,26,43,71,57,128,79,71,150,46,53,99,14,38,52,3,6,9,Cantalice
23,17,40,70,61,131,113,85,198,54,67,121,20,59,79,12,16,28,Cermignano
89,118,207,314,296,610,391,302,693,238,294,532,93,162,255,7,50,57,Biccari
9,8,17,30,28,58,14,20,34,19,21,40,8,10,18,0,3,3,San Vincenzo Valle Roveto
204,281,485,718,728,1446,479,403,882,199,274,473,95,136,231,5,2,7,Castelnuovo di Porto
625,735,1360,2479,2382,4861,3685,3054,6739,1782,2380,4162,849,1068,1917,122,151,273,Palo del Colle
26,28,54,131,135,266,186,147,333,128,152,280,59,102,161,22,45,67,Ricigliano
2,16,18,32,45,77,84,64,148,44,60,104,15,21,36,1,3,4,Esporlatu
176,224,400,415,536,951,516,385,901,248,396,644,74,104,178,7,7,14,Barga
15,17,32,55,58,113,69,67,136,43,55,98,18,37,55,0,8,8,Castropignano
2,0,2,7,16,23,14,8,22,4,10,14,0,3,3,0,1,1,Moncestino
188,271,459,927,909,1836,847,739,1586,535,721,1256,201,214,415,6,9,15,Podenzano
98,131,229,402,343,745,352,307,659,210,293,503,88,140,228,4,7,11,Acqualagna
189,201,390,703,720,1423,669,665,1334,368,584,952,164,159,323,19,24,43,Cologna Veneta
6,1,7,10,12,22,20,13,33,10,16,26,5,3,8,4,2,6,Provvidenti
3,6,9,41,32,73,100,93,193,59,78,137,16,8,24,0,0,0,Monte Isola
21,35,56,78,66,144,101,107,208,23,41,64,20,32,52,3,13,16,Rocca d'Evandro
126,185,311,570,593,1163,729,606,1335,302,481,783,130,141,271,16,25,41,Pozzolo Formigaro
18,23,41,139,118,257,140,133,273,107,129,236,34,32,66,2,3,5,Valli del Pasubio
188,201,389,615,553,1168,582,461,1043,301,422,723,104,147,251,20,32,52,Castellabate
18,25,43,88,94,182,111,72,183,85,122,207,21,45,66,1,1,2,Palaia
82,100,182,371,394,765,440,347,787,239,285,524,85,116,201,4,16,20,Gattatico
178,201,379,768,739,1507,987,834,1821,526,690,1216,165,201,366,18,39,57,Serravalle Scrivia
68,98,166,236,255,491,300,299,599,149,175,324,62,59,121,2,2,4,Nus
40,49,89,184,145,329,196,199,395,110,162,272,36,48,84,4,4,8,Predosa
4,2,6,9,11,20,11,9,20,4,7,11,0,5,5,0,0,0,Avise
61,57,118,147,132,279,157,133,290,59,102,161,31,63,94,16,32,48,Gerace
50,57,107,284,296,580,352,309,661,236,288,524,58,55,113,3,10,13,Rivara
105,138,243,474,482,956,552,494,1046,297,436,733,89,110,199,7,17,24,San Giusto Canavese
107,136,243,324,331,655,413,356,769,226,287,513,71,85,156,5,6,11,Frossasco
1727,1869,3596,3526,3805,7331,3106,3054,6160,1327,2430,3757,563,645,1208,36,81,117,Ivrea
1,0,1,1,5,6,10,2,12,4,10,14,0,1,1,0,0,0,Monastero di Lanzo
12,17,29,85,81,166,96,87,183,77,105,182,14,9,23,0,0,0,Mezzenile
9,6,15,27,20,47,56,38,94,23,42,65,5,5,10,0,1,1,Perrero
7,14,21,43,55,98,68,56,124,49,64,113,14,16,30,2,0,2,Bobbio Pellice
4,7,11,9,9,18,8,15,23,34,98,132,2,4,6,0,0,0,Bleggio Superiore
4,6,10,27,30,57,31,23,54,40,44,84,4,6,10,0,0,0,Aisone
23,15,38,144,108,252,109,114,223,93,144,237,28,37,65,0,0,0,Cesiomaggiore
55,66,121,297,309,606,475,389,864,239,322,561,64,90,154,10,10,20,Roccavione
18,19,37,71,74,145,70,54,124,71,82,153,11,37,48,0,4,4,San Casciano dei Bagni
155,185,340,436,433,869,418,353,771,231,285,516,78,65,143,1,4,5,Courmayeur
22,24,46,85,91,176,83,77,160,40,72,112,10,28,38,1,3,4,Santa Vittoria in Matenano
1737,2406,4143,6159,6670,12829,6805,6270,13075,3251,3527,6778,1364,1699,3063,108,162,270,Olbia
158,176,334,502,427,929,314,255,569,135,282,417,48,92,140,10,9,19,Fontana Liri
39,40,79,139,127,266,160,161,321,104,148,252,26,41,67,3,3,6,Corno Giovine
6,13,19,46,47,93,74,58,132,53,79,132,17,29,46,4,5,9,Magomadas
292,366,658,1098,1083,2181,1298,1120,2418,624,943,1567,273,251,524,9,9,18,Rodengo Saiano
165,196,361,589,606,1195,611,504,1115,246,384,630,89,106,195,4,11,15,Bellinzago Lombardo
258,308,566,873,841,1714,908,791,1699,414,626,1040,219,314,533,17,40,57,San Vitaliano
26,42,68,169,153,322,183,111,294,128,199,327,32,56,88,0,4,4,San Daniele Po
1,4,5,26,22,48,30,23,53,25,34,59,8,9,17,0,0,0,Terzorio
195,214,409,394,359,753,309,284,593,166,197,363,100,92,192,1,3,4,Borgarello
96,176,272,431,420,851,557,458,1015,317,435,752,94,110,204,3,1,4,Esine
67,83,150,332,375,707,542,450,992,277,379,656,89,107,196,3,14,17,Saltrio
10,13,23,38,27,65,44,39,83,23,49,72,8,6,14,2,0,2,Vesime
0,1,1,1,1,2,2,4,6,4,5,9,0,0,0,0,0,0,Angrogna
728,952,1680,2772,2678,5450,2451,2055,4506,1193,1456,2649,691,1060,1751,156,320,476,San Giovanni in Fiore
9,18,27,106,95,201,242,217,459,116,114,230,76,89,165,9,22,31,Maniace
22,23,45,113,87,200,46,44,90,36,72,108,11,13,24,1,1,2,Vastogirardi
550,665,1215,1636,1524,3160,1522,1252,2774,749,956,1705,364,378,742,33,36,69,Porto Recanati
330,424,754,1701,1636,3337,2331,2020,4351,1287,1674,2961,482,495,977,34,52,86,Sarezzo
156,183,339,646,606,1252,1005,828,1833,461,608,1069,241,343,584,34,108,142,Ascoli Satriano
6,14,20,76,64,140,133,113,246,63,88,151,13,14,27,0,0,0,Valbondione
18,13,31,61,57,118,137,103,240,91,105,196,41,55,96,5,21,26,Roccaspinalveti
273,351,624,1297,1265,2562,1871,1601,3472,881,1141,2022,355,374,729,16,25,41,Leno
103,184,287,508,575,1083,1209,1009,2218,638,631,1269,181,278,459,29,69,98,Ossi
107,116,223,434,403,837,633,519,1152,248,307,555,127,180,307,32,77,109,Forino
518,552,1070,1396,1415,2811,1092,950,2042,404,566,970,234,255,489,8,12,20,Assago
461,655,1116,2014,1862,3876,1898,1761,3659,735,1259,1994,308,347,655,9,11,20,Ronchi dei Legionari
114,145,259,555,607,1162,878,706,1584,432,643,1075,149,178,327,12,24,36,Guidizzolo
123,151,274,529,490,1019,585,475,1060,302,430,732,99,123,222,7,11,18,Vigonovo
185,189,374,461,485,946,399,374,773,265,374,639,81,103,184,2,6,8,Buguggiate
7,10,17,31,28,59,23,20,43,15,31,46,4,1,5,1,2,3,Castana
15,18,33,61,42,103,54,35,89,25,48,73,12,22,34,1,11,12,Sessa Cilento
19,9,28,43,41,84,40,48,88,26,43,69,4,7,11,2,2,4,Bruno
245,302,547,787,788,1575,907,767,1674,461,611,1072,151,177,328,8,9,17,Tavernerio
19,25,44,92,106,198,108,100,208,57,72,129,13,23,36,0,2,2,Valganna
3,5,8,38,44,82,60,47,107,39,43,82,6,27,33,3,4,7,Cagnano Amiterno
6,13,19,37,48,85,70,53,123,32,51,83,14,10,24,0,0,0,Cappella Cantone
76,99,175,259,258,517,321,249,570,193,242,435,53,64,117,4,4,8,Aymavilles
24,37,61,99,84,183,87,77,164,44,78,122,21,26,47,4,3,7,Santa Paolina
2177,3000,5177,6540,6975,13515,6382,5142,11524,3958,5917,9875,1262,1704,2966,73,148,221,Sesto Fiorentino
0,0,0,2,1,3,5,4,9,5,2,7,1,0,1,0,0,0,Borgomale
79,120,199,451,422,873,498,385,883,210,294,504,62,94,156,8,3,11,Follo
315,461,776,1408,1310,2718,2159,1824,3983,1161,1693,2854,400,372,772,18,35,53,Bagnolo Mella
32,33,65,149,164,313,157,124,281,73,126,199,28,29,57,4,2,6,Cuceglio
74,85,159,318,317,635,457,419,876,204,290,494,95,121,216,11,15,26,Leporano
255,354,609,941,818,1759,781,751,1532,376,552,928,148,172,320,5,11,16,Popoli
1146,1292,2438,3427,3400,6827,3865,3233,7098,1660,2624,4284,676,645,1321,25,50,75,Seriate
2,2,4,44,24,68,56,60,116,69,66,135,5,9,14,0,0,0,Albaredo per San Marco
4,11,15,16,20,36,28,19,47,19,19,38,3,11,14,1,7,8,Serramezzana
885,1004,1889,2505,2444,4949,2615,2369,4984,1244,1983,3227,493,515,1008,28,46,74,Tradate
24,46,70,205,183,388,128,103,231,92,112,204,38,61,99,14,33,47,Fuscaldo
611,742,1353,1852,1691,3543,1460,1352,2812,799,1254,2053,254,260,514,16,12,28,Biassono
628,799,1427,2118,1887,4005,1733,1663,3396,798,1410,2208,344,405,749,13,21,34,San Vito al Tagliamento
67,77,144,205,215,420,169,122,291,86,168,254,29,68,97,1,3,4,San Donato Val di Comino
4,8,12,38,26,64,36,34,70,13,27,40,3,5,8,1,0,1,Baldissero Canavese
101,122,223,532,567,1099,802,619,1421,462,639,1101,165,186,351,16,26,42,Varallo Pombia
0,0,0,2,4,6,8,5,13,2,7,9,0,1,1,0,0,0,Bosia
2356,2654,5010,6694,6344,13038,7096,6131,13227,2800,4568,7368,1368,1872,3240,261,584,845,Nocera Inferiore
236,299,535,992,931,1923,1369,1092,2461,514,703,1217,324,384,708,52,100,152,Montoro
133,155,288,550,543,1093,873,631,1504,396,563,959,149,138,287,10,18,28,Calvisano
169,249,418,764,851,1615,976,701,1677,451,631,1082,148,172,320,7,13,20,Dairago
14,22,36,71,71,142,49,47,96,45,55,100,16,38,54,3,7,10,Altino
12,19,31,87,87,174,103,63,166,53,108,161,5,12,17,1,3,4,Pizzale
2,2,4,14,15,29,52,37,89,44,57,101,4,0,4,0,1,1,Parzanica
54,59,113,186,179,365,171,150,321,93,103,196,21,25,46,0,0,0,Piobesi d'Alba
12,12,24,71,74,145,118,99,217,83,104,187,16,26,42,3,7,10,Murello
33,31,64,137,123,260,167,159,326,111,142,253,37,38,75,2,2,4,Margarita
27,45,72,155,155,310,256,219,475,130,167,297,37,47,84,6,8,14,Montignoso
88,117,205,336,343,679,344,310,654,167,230,397,57,75,132,7,6,13,San Giorgio Canavese
72,67,139,283,265,548,224,216,440,154,228,382,39,50,89,1,2,3,Pozzuolo del Friuli
112,151,263,326,307,633,364,279,643,211,322,533,93,193,286,12,33,45,Arnesano
23,41,64,184,171,355,213,197,410,197,227,424,65,138,203,16,31,47,Jolanda di Savoia
103,123,226,437,430,867,419,349,768,281,391,672,130,170,300,8,18,26,Solarolo
40,72,112,300,218,518,254,256,510,211,323,534,43,87,130,99,48,147,Ficarolo
210,299,509,876,881,1757,949,771,1720,622,743,1365,207,276,483,6,21,27,Campogalliano
19,24,43,68,56,124,66,53,119,36,54,90,7,7,14,1,3,4,Portofino
31,19,50,90,94,184,117,98,215,68,80,148,23,46,69,1,11,12,Roccamontepiano
29,49,78,146,148,294,133,117,250,79,109,188,28,47,75,7,5,12,San Giacomo degli Schiavoni
69,99,168,363,298,661,380,323,703,238,351,589,59,91,150,2,5,7,Lugo di Vicenza
58,67,125,253,245,498,317,289,606,181,301,482,56,38,94,6,6,12,Ponte Nossa
1759,2090,3849,7325,7577,14902,7029,6153,13182,3639,5020,8659,1305,1613,2918,94,158,252,Paderno Dugnano
57,71,128,259,219,478,412,365,777,231,310,541,76,96,172,9,26,35,Monteparano
91,94,185,255,270,525,235,190,425,103,177,280,46,63,109,4,2,6,Porano
78,86,164,264,260,524,309,227,536,194,252,446,79,134,213,17,18,35,Cetara
41,56,97,180,203,383,240,201,441,146,190,336,46,68,114,1,4,5,Gruaro
7,9,16,55,48,103,66,60,126,44,67,111,15,10,25,0,1,1,Olmo al Brembo
155,212,367,948,813,1761,1703,1494,3197,780,966,1746,397,555,952,89,179,268,San Marzano di San Giuseppe
47,76,123,283,263,546,363,329,692,178,227,405,56,60,116,2,7,9,Besate
454,521,975,1243,1162,2405,1028,968,1996,487,722,1209,190,226,416,7,12,19,Mozzo
28,34,62,133,152,285,247,202,449,153,221,374,40,45,85,4,1,5,Bovegno
20,42,62,136,141,277,213,175,388,101,121,222,40,47,87,1,4,5,Piario
79,77,156,330,266,596,345,323,668,208,327,535,63,73,136,1,3,4,Nimis
7,12,19,78,61,139,88,70,158,58,107,165,20,15,35,3,10,13,Serravalle a Po
51,57,108,221,221,442,278,224,502,109,120,229,52,55,107,0,4,4,Torrevecchia Pia
60,49,109,109,132,241,92,69,161,49,71,120,29,40,69,2,8,10,Comiziano
145,195,340,614,540,1154,427,400,827,256,458,714,83,137,220,3,19,22,Castelmassa
12,13,25,62,39,101,32,34,66,27,57,84,9,13,22,0,0,0,Soverzene
33,38,71,119,138,257,152,121,273,98,122,220,48,66,114,7,38,45,Castelpoto
95,119,214,559,515,1074,713,646,1359,346,440,786,128,144,272,3,6,9,Tezze sul Brenta
102,130,232,493,427,920,493,466,959,180,282,462,106,108,214,2,3,5,Resana
21,31,52,100,88,188,95,64,159,46,59,105,16,24,40,1,3,4,Caianello
14,31,45,130,121,251,203,196,399,104,159,263,33,35,68,3,3,6,Ottobiano
145,163,308,317,322,639,272,263,535,159,235,394,34,43,77,4,3,7,Gardone Riviera
87,112,199,569,604,1173,1377,1148,2525,605,721,1326,228,247,475,11,12,23,Castelcovati
52,92,144,381,372,753,481,372,853,280,356,636,71,76,147,3,3,6,Cividate Camuno
572,674,1246,1850,1718,3568,1571,1451,3022,901,1330,2231,320,406,726,12,17,29,Cadoneghe
17,37,54,179,136,315,129,131,260,79,124,203,27,26,53,0,1,1,La Valle Agordina
686,817,1503,2611,2711,5322,2904,2641,5545,1375,2230,3605,480,617,1097,35,48,83,Melzo
2,4,6,8,7,15,14,7,21,12,14,26,3,2,5,0,0,0,Tione degli Abruzzi
20,18,38,50,48,98,47,26,73,49,40,89,18,41,59,4,16,20,Campora
165,208,373,806,793,1599,782,695,1477,502,775,1277,165,228,393,9,19,28,Cavezzo
8,12,20,60,48,108,98,75,173,93,122,215,17,31,48,6,3,9,Scillato
60,63,123,279,298,577,438,413,851,277,359,636,142,258,400,65,78,143,Castrofilippo
34,28,62,85,97,182,136,131,267,99,144,243,47,54,101,2,11,13,Limina
22,32,54,100,99,199,170,147,317,162,150,312,52,67,119,7,22,29,Tuili
9,27,36,73,86,159,108,83,191,80,126,206,20,41,61,5,6,11,San Salvatore di Fitalia
52,86,138,292,301,593,579,575,1154,401,329,730,148,191,339,21,33,54,Villamassargia
92,108,200,359,352,711,446,346,792,232,326,558,74,93,167,2,5,7,Garlate
14,17,31,50,45,95,51,37,88,42,57,99,12,27,39,2,0,2,Sant'Angelo del Pesco
101,201,302,719,626,1345,786,626,1412,504,704,1208,137,165,302,2,2,4,Rivignano Teor
46,124,170,407,461,868,740,592,1332,363,385,748,122,193,315,17,34,51,Siliqua
9,10,19,64,70,134,195,149,344,116,108,224,35,59,94,6,8,14,Ballao
19,41,60,199,202,401,265,206,471,106,131,237,33,41,74,1,2,3,Comazzo
82,89,171,337,382,719,531,479,1010,317,399,716,201,289,490,67,73,140,San Biagio Platani
35,46,81,170,161,331,279,234,513,177,245,422,84,129,213,13,17,30,Villalba
117,176,293,612,587,1199,769,680,1449,473,652,1125,206,288,494,49,28,77,Santa Ninfa
91,94,185,407,368,775,483,486,969,428,510,938,170,270,440,52,38,90,Montemaggiore Belsito
39,55,94,190,206,396,363,363,726,238,273,511,103,157,260,40,54,94,Roccapalumba
163,239,402,933,1018,1951,1019,839,1858,491,582,1073,193,207,400,4,16,20,Zelo Buon Persico
62,93,155,344,336,680,414,347,761,227,318,545,44,80,124,4,5,9,Graffignana
93,113,206,408,382,790,465,354,819,254,334,588,91,93,184,7,9,16,Rogeno
2,1,3,16,16,32,26,19,45,19,32,51,4,4,8,0,0,0,Fallo
144,103,247,376,358,734,484,433,917,278,332,610,222,277,499,56,74,130,Roccabernarda
41,47,88,91,102,193,89,48,137,76,84,160,25,33,58,14,30,44,Cersosimo
35,56,91,134,108,242,102,96,198,71,112,183,16,33,49,0,1,1,Visso
11,14,25,54,63,117,71,57,128,67,85,152,11,27,38,1,3,4,Semproniano
18,39,57,125,110,235,136,120,256,101,131,232,34,53,87,4,11,15,Bassiano
74,95,169,290,279,569,389,284,673,237,315,552,56,70,126,1,5,6,Barzago
11,24,35,59,62,121,135,106,241,83,85,168,28,44,72,1,3,4,Bauladu
10,14,24,84,75,159,111,87,198,53,75,128,11,35,46,0,0,0,Boschi Sant'Anna
25,27,52,88,113,201,91,67,158,43,76,119,21,25,46,3,3,6,Casperia
90,86,176,293,230,523,279,255,534,223,328,551,68,103,171,8,20,28,San Cassiano
180,199,379,723,766,1489,949,783,1732,616,738,1354,285,550,835,39,84,123,Collepasso
23,25,48,80,61,141,88,76,164,65,77,142,15,22,37,0,2,2,Isola del Giglio
319,473,792,1362,1466,2828,1468,1220,2688,878,1141,2019,351,574,925,23,47,70,Alfonsine
853,935,1788,2088,1912,4000,1713,1725,3438,868,1468,2336,346,354,700,10,23,33,Merate
112,116,228,335,363,698,435,378,813,271,416,687,96,137,233,22,36,58,Vernole
91,103,194,421,417,838,320,330,650,164,229,393,52,48,100,2,2,4,Moena
37,45,82,199,196,395,323,271,594,170,197,367,76,82,158,2,8,10,Milzano
69,78,147,243,266,509,331,253,584,184,241,425,54,59,113,1,5,6,Marcignago
31,38,69,176,196,372,178,149,327,131,165,296,21,22,43,1,0,1,Bianzone
105,130,235,656,557,1213,639,599,1238,343,479,822,119,145,264,9,12,21,San Giovanni al Natisone
831,1079,1910,2604,2392,4996,2216,2019,4235,1291,1901,3192,419,585,1004,15,25,40,Albignasego
8,4,12,39,39,78,38,27,65,21,32,53,9,8,17,1,0,1,Velo Veronese
82,99,181,406,378,784,428,369,797,235,312,547,67,104,171,7,13,20,Sarmato
47,55,102,129,136,265,177,139,316,100,125,225,35,51,86,1,8,9,Sermoneta
45,40,85,133,108,241,76,52,128,67,81,148,23,45,68,2,16,18,San Lupo
260,391,651,973,865,1838,926,780,1706,606,819,1425,230,343,573,39,58,97,Sammichele di Bari
165,212,377,528,609,1137,732,590,1322,495,678,1173,132,194,326,5,17,22,Impruneta
386,474,860,1961,1787,3748,1959,1761,3720,1101,1693,2794,376,376,752,10,15,25,Dueville
117,131,248,569,564,1133,504,495,999,263,357,620,117,145,262,1,4,5,Cavaion Veronese
346,371,717,900,873,1773,872,792,1664,438,685,1123,146,175,321,8,4,12,Ranica
299,388,687,1175,1168,2343,1710,1421,3131,920,1342,2262,296,297,593,22,31,53,Nembro
748,1025,1773,2347,2224,4571,1442,1191,2633,806,1203,2009,318,530,848,63,170,233,Paola
302,386,688,1423,1350,2773,2307,1930,4237,848,1212,2060,488,610,1098,82,192,274,Teverola
13,23,36,72,74,146,153,105,258,54,103,157,29,28,57,2,2,4,Motta Baluffi
27,26,53,154,168,322,169,134,303,93,122,215,39,41,80,2,4,6,Bevilacqua
3,5,8,15,12,27,21,15,36,12,25,37,1,4,5,0,0,0,Faedo Valtellino
31,40,71,90,105,195,144,131,275,53,62,115,53,33,86,8,5,13,Malfa
69,57,126,349,306,655,372,389,761,243,291,534,156,235,391,39,47,86,San Cono
126,177,303,413,335,748,280,256,536,171,218,389,77,88,165,2,5,7,Monsano
88,160,248,246,358,604,567,388,955,304,334,638,73,88,161,4,7,11,Gavoi
312,394,706,929,959,1888,1076,830,1906,573,843,1416,235,393,628,36,61,97,San Cesario di Lecce
9,6,15,18,19,37,22,25,47,16,27,43,5,1,6,0,0,0,Fosciandora
143,172,315,493,462,955,628,469,1097,345,480,825,124,269,393,14,53,67,Sogliano Cavour
2143,2537,4680,5530,5786,11316,8919,7535,16454,5911,7195,13106,2290,2975,5265,291,475,766,San Severo
15,16,31,52,64,116,56,48,104,29,34,63,11,24,35,0,7,7,Cellara
470,634,1104,1602,1692,3294,1605,1426,3031,920,1147,2067,342,575,917,31,80,111,Alba Adriatica
70,95,165,268,265,533,255,251,506,125,165,290,38,40,78,3,2,5,Capriva del Friuli
80,98,178,253,230,483,310,271,581,192,251,443,57,85,142,2,10,12,San Lorenzo Nuovo
70,78,148,176,176,352,191,162,353,100,133,233,32,34,66,3,5,8,Lozza
22,32,54,129,127,256,244,212,456,151,148,299,58,104,162,10,68,78,Anzano di Puglia
5,8,13,30,24,54,36,24,60,34,47,81,5,12,17,1,0,1,Collepietro
34,63,97,214,184,398,245,173,418,114,192,306,51,83,134,4,4,8,Montecosaro
90,123,213,489,587,1076,855,788,1643,574,825,1399,132,201,333,18,20,38,Borghetto Santo Spirito
563,742,1305,2175,2206,4381,3172,2459,5631,1659,2247,3906,523,530,1053,31,56,87,Romano di Lombardia
1075,1313,2388,3609,3621,7230,3389,2938,6327,1702,2695,4397,787,1102,1889,88,171,259,Pompei
150,178,328,584,574,1158,478,374,852,217,306,523,90,108,198,0,3,3,Masate
0,0,0,1,3,4,5,4,9,2,7,9,0,2,2,0,0,0,Levice
24,36,60,93,118,211,145,118,263,103,143,246,22,39,61,3,4,7,Siligo
910,1191,2101,3444,3666,7110,3467,3249,6716,1843,2209,4052,616,979,1595,59,157,216,Iglesias
0,3,3,14,17,31,56,42,98,35,27,62,5,13,18,2,1,3,Siris
18,25,43,99,66,165,58,49,107,72,111,183,9,27,36,1,0,1,Pietrabbondante
24,25,49,71,105,176,79,65,144,45,73,118,10,13,23,2,0,2,Roppolo
302,358,660,1091,1110,2201,1196,976,2172,491,792,1283,206,305,511,16,24,40,Ronciglione
163,219,382,576,565,1141,694,643,1337,348,498,846,140,126,266,2,13,15,Caraglio
475,632,1107,1974,1911,3885,2565,2326,4891,1302,1915,3217,424,528,952,39,68,107,Omegna
30,30,60,119,122,241,164,145,309,84,106,190,36,27,63,1,3,4,Rivarossa
29,34,63,119,117,236,150,147,297,81,106,187,24,35,59,3,4,7,Lauriano
22,23,45,130,145,275,264,212,476,150,205,355,30,39,69,1,0,1,Sedrina
74,61,135,219,193,412,188,171,359,96,107,203,56,72,128,5,56,61,Flumeri
28,19,47,82,112,194,146,106,252,61,85,146,26,27,53,4,41,45,Valva
13,22,35,64,63,127,79,72,151,82,164,246,16,13,29,0,2,2,Sala Comacina
5,1,6,7,13,20,8,8,16,8,8,16,0,4,4,0,0,0,Maretto
6,22,28,97,90,187,185,180,365,127,148,275,21,28,49,1,0,1,San Bartolomeo Val Cavargna
0,1,1,4,6,10,11,21,32,22,14,36,1,2,3,1,0,1,Val Rezzo
30,31,61,186,213,399,255,204,459,124,128,252,48,64,112,1,3,4,Gerenzago
82,100,182,391,411,802,414,316,730,233,282,515,64,71,135,4,10,14,Faloppio
55,84,139,322,276,598,417,400,817,267,356,623,74,131,205,6,14,20,Loreo
76,107,183,460,552,1012,855,703,1558,428,488,916,160,178,338,15,40,55,Camporosso
49,71,120,287,322,609,372,272,644,170,200,370,73,99,172,12,7,19,Cervignano d'Adda
10,11,21,36,49,85,57,38,95,31,58,89,7,9,16,2,1,3,Bozzole
29,37,66,163,184,347,202,149,351,80,86,166,32,34,66,0,4,4,Galgagnano
204,247,451,993,1043,2036,1290,1168,2458,760,960,1720,238,259,497,10,38,48,Arcisate
4,6,10,10,8,18,8,11,19,11,10,21,1,0,1,0,0,0,Golferenzo
30,25,55,119,131,250,146,127,273,80,108,188,17,23,40,4,1,5,Castelnuovo Bozzente
9,19,28,72,62,134,63,44,107,43,41,84,21,28,49,4,11,15,Belsito
50,66,116,164,135,299,190,147,337,118,183,301,43,63,106,8,16,24,Giuggianello
0,3,3,19,20,39,21,13,34,25,30,55,5,4,9,0,1,1,Lorsica
3530,3893,7423,11134,10353,21487,15523,11977,27500,8864,11326,20190,3972,5649,9621,551,975,1526,Barletta
9,11,20,22,31,53,43,23,66,28,32,60,1,6,7,0,0,0,Trezzone
9,10,19,20,20,40,23,33,56,17,17,34,6,16,22,0,0,0,Monte Vidon Combatte
179,240,419,727,783,1510,979,744,1723,546,742,1288,164,202,366,14,26,40,Sumirago
38,53,91,235,204,439,216,154,370,110,151,261,61,106,167,15,42,57,San Mango d'Aquino
953,1099,2052,2741,2624,5365,2287,2074,4361,1169,1956,3125,393,411,804,18,28,46,Arcore
82,135,217,345,312,657,562,436,998,253,380,633,99,143,242,6,15,21,Canepina
64,48,112,245,237,482,269,175,444,158,171,329,132,196,328,53,131,184,Campana
99,104,203,284,281,565,283,288,571,140,202,342,49,51,100,2,7,9,Castelveccana
8,14,22,28,31,59,27,28,55,29,30,59,7,6,13,0,1,1,Calosso
11,12,23,58,54,112,89,71,160,52,88,140,9,4,13,0,1,1,Bianzano
30,27,57,124,138,262,155,141,296,72,91,163,26,34,60,0,1,1,Muscoline
29,35,64,88,77,165,83,61,144,34,58,92,14,8,22,2,0,2,Castello Cabiaglio
2,4,6,15,18,33,38,35,73,25,26,51,4,7,11,3,6,9,Pescosansonesco
84,102,186,355,325,680,347,304,651,178,276,454,76,68,144,1,2,3,Zoppola
12,29,41,69,64,133,47,44,91,21,45,66,14,12,26,1,1,2,Scarmagno
136,202,338,679,625,1304,820,655,1475,376,488,864,225,328,553,35,70,105,Palazzo San Gervasio
230,301,531,813,864,1677,989,746,1735,626,646,1272,240,314,554,65,133,198,Senise
7,3,10,29,27,56,59,44,103,42,47,89,9,18,27,5,5,10,Vallepietra
241,318,559,898,843,1741,715,598,1313,404,559,963,149,284,433,6,15,21,Castiglione del Lago
44,51,95,177,172,349,176,153,329,98,153,251,31,39,70,1,2,3,Candia Canavese
67,92,159,341,308,649,386,372,758,209,292,501,56,66,122,1,4,5,Cafasse
156,208,364,653,696,1349,860,691,1551,491,589,1080,172,160,332,17,12,29,Bregnano
66,96,162,292,285,577,313,274,587,206,295,501,47,64,111,4,9,13,Rivarolo Mantovano
18,16,34,63,75,138,99,80,179,48,68,116,14,14,28,3,3,6,Bossolasco
12,15,27,50,61,111,72,62,134,34,71,105,10,8,18,0,0,0,Brosso
137,265,402,980,1007,1987,1284,943,2227,691,965,1656,254,326,580,31,65,96,Castelnovo di Sotto
8,14,22,54,48,102,96,83,179,59,60,119,19,20,39,0,1,1,Gandosso
37,42,79,97,86,183,94,83,177,58,69,127,16,32,48,6,5,11,Salza Irpina
104,129,233,559,461,1020,557,467,1024,299,404,703,124,119,243,3,5,8,Sergnano
61,64,125,196,227,423,305,240,545,132,209,341,46,41,87,2,5,7,Cureggio
11,7,18,32,36,68,32,30,62,42,49,91,5,7,12,2,0,2,Romagnese
99,154,253,469,492,961,637,558,1195,332,486,818,80,111,191,7,17,24,Romagnano Sesia
260,271,531,665,646,1311,635,566,1201,336,560,896,116,155,271,5,14,19,Ispra
8,3,11,28,25,53,27,20,47,24,29,53,5,6,11,0,0,0,Clauzetto
11,24,35,73,62,135,89,92,181,66,105,171,10,9,19,0,0,0,Rueglio
36,27,63,126,135,261,136,138,274,94,129,223,17,45,62,1,1,2,Tresana
13,25,38,95,110,205,161,110,271,83,143,226,22,33,55,0,2,2,Sparone
64,61,125,153,158,311,109,118,227,43,84,127,16,33,49,1,2,3,Burolo
2023,2363,4386,4634,4790,9424,4273,4040,8313,2033,3198,5231,881,1236,2117,150,311,461,Santa Maria Capua Vetere
17,31,48,114,108,222,118,100,218,74,120,194,16,20,36,2,4,6,Buronzo
33,38,71,108,133,241,170,124,294,65,65,130,40,61,101,4,15,19,Prignano Cilento
109,158,267,571,566,1137,728,656,1384,311,517,828,120,145,265,11,17,28,Sant'Antonino di Susa
26,33,59,155,150,305,170,135,305,97,189,286,22,31,53,3,2,5,Vische
98,99,197,241,276,517,240,221,461,105,182,287,27,39,66,3,2,5,Meina
35,44,79,125,127,252,149,143,292,106,126,232,26,28,54,3,4,7,Massino Visconti
9,14,23,49,60,109,91,63,154,69,63,132,14,20,34,1,4,5,Cavallerleone
37,66,103,226,204,430,242,218,460,129,158,287,43,31,74,3,2,5,Pontedassio
156,177,333,604,628,1232,669,614,1283,349,505,854,172,172,344,28,41,69,Ceva
13,17,30,85,73,158,117,85,202,75,110,185,14,10,24,1,1,2,Mattie
15,16,31,43,44,87,81,55,136,30,37,67,7,11,18,2,0,2,Villeneuve
2,8,10,18,19,37,38,36,74,30,39,69,10,8,18,1,2,3,Tornata
222,243,465,939,820,1759,1693,1403,3096,648,930,1578,307,421,728,108,176,284,Frignano
342,473,815,1720,1550,3270,2593,2162,4755,1173,1509,2682,421,428,849,26,30,56,Ospitaletto
81,94,175,254,257,511,229,221,450,163,220,383,47,80,127,2,9,11,Lucignano
18,14,32,58,56,114,113,101,214,56,72,128,26,16,42,7,8,15,Barbata
85,99,184,360,334,694,414,325,739,215,302,517,89,82,171,9,24,33,Camposanto
30,34,64,200,167,367,213,183,396,133,160,293,57,61,118,2,5,7,Casale Cremasco-Vidolasco
3,1,4,6,10,16,14,5,19,4,14,18,3,3,6,0,1,1,Calice al Cornoviglio
18,33,51,98,93,191,126,120,246,73,87,160,19,33,52,1,6,7,Monteleone Sabino
203,230,433,729,673,1402,660,539,1199,423,475,898,262,358,620,79,190,269,Bisignano
42,38,80,190,173,363,212,172,384,107,129,236,34,52,86,2,4,6,Civitella San Paolo
64,89,153,294,261,555,239,210,449,142,223,365,50,69,119,2,17,19,Attigliano
136,184,320,703,596,1299,565,508,1073,372,559,931,128,138,266,11,13,24,Cappella Maggiore
80,98,178,430,381,811,461,401,862,256,333,589,106,119,225,4,16,20,Corchiano
498,673,1171,1342,1355,2697,1592,1322,2914,816,1162,1978,388,614,1002,105,196,301,Campi Salentina
206,277,483,698,689,1387,734,651,1385,367,576,943,172,242,414,20,51,71,Otranto
68,93,161,212,228,440,250,214,464,153,196,349,47,69,116,6,2,8,Sabbioneta
36,37,73,185,161,346,169,146,315,122,162,284,38,79,117,2,5,7,Apecchio
122,147,269,619,502,1121,635,517,1152,363,531,894,118,188,306,7,12,19,Meolo
44,46,90,302,232,534,283,256,539,116,179,295,63,57,120,6,6,12,Vajont
535,540,1075,1233,1119,2352,1205,1114,2319,581,1084,1665,220,301,521,14,22,36,Dolo
58,79,137,227,208,435,279,177,456,170,243,413,48,98,146,9,19,28,Martignano
199,249,448,465,491,956,333,314,647,205,314,519,76,92,168,4,16,20,Sori
243,362,605,1313,1199,2512,1291,1110,2401,761,993,1754,275,359,634,8,20,28,Santa Lucia di Piave
91,109,200,403,337,740,503,433,936,272,351,623,140,224,364,28,75,103,Volturara Irpina
274,382,656,1382,1414,2796,2087,1678,3765,1072,1415,2487,404,434,838,32,60,92,Carpenedolo
267,351,618,823,744,1567,629,566,1195,394,623,1017,135,167,302,4,5,9,Martignacco
1,2,3,11,7,18,13,11,24,10,14,24,2,0,2,0,0,0,Dogna
11,17,28,62,59,121,55,48,103,40,50,90,11,9,20,0,1,1,Pontinvrea
21,25,46,76,74,150,93,65,158,74,85,159,20,39,59,5,24,29,Orria
100,156,256,577,581,1158,764,623,1387,423,555,978,142,164,306,9,10,19,Lonate Ceppino
258,360,618,1241,1169,2410,1384,1158,2542,598,906,1504,222,271,493,20,19,39,Pogliano Milanese
36,56,92,169,145,314,137,106,243,71,126,197,30,51,81,3,13,16,Marzano Appio
96,111,207,352,379,731,440,325,765,255,314,569,88,192,280,12,48,60,Paglieta
45,54,99,150,149,299,160,145,305,84,97,181,38,84,122,5,22,27,Castelfranci
23,25,48,80,82,162,111,71,182,70,94,164,10,36,46,0,4,4,Picciano
23,28,51,94,91,185,138,113,251,74,89,163,39,51,90,13,33,46,Aquara
66,87,153,334,315,649,379,277,656,194,208,402,80,92,172,4,8,12,Folignano
42,50,92,134,151,285,162,131,293,70,82,152,25,15,40,2,2,4,Vignone
11,14,25,48,47,95,65,58,123,41,44,85,13,14,27,0,0,0,Isolabella
30,35,65,112,120,232,151,133,284,97,130,227,35,31,66,1,5,6,Cicognolo
19,29,48,77,89,166,172,160,332,88,119,207,24,48,72,8,15,23,Illorai
83,98,181,342,356,698,456,424,880,296,359,655,128,209,337,22,18,40,Giarratana
37,39,76,160,202,362,300,275,575,202,237,439,93,95,188,22,13,35,Contessa Entellina
84,99,183,481,422,903,419,360,779,224,359,583,98,107,205,0,8,8,Monastier di Treviso
32,32,64,101,116,217,130,104,234,95,126,221,26,38,64,1,6,7,Pieve Albignola
22,37,59,192,181,373,293,221,514,112,188,300,31,48,79,4,14,18,Borgo San Martino
217,329,546,1323,1331,2654,1488,1334,2822,621,787,1408,345,474,819,64,88,152,Motta Sant'Anastasia
45,64,109,211,204,415,163,129,292,80,117,197,30,30,60,0,1,1,Caresanablot
49,100,149,339,350,689,662,529,1191,339,363,702,105,179,284,17,42,59,San Giovanni Suergiu
51,112,163,145,282,427,417,346,763,348,294,642,121,98,219,20,9,29,Orune
42,41,83,135,123,258,115,102,217,78,81,159,30,55,85,11,25,36,Samo
64,94,158,278,283,561,351,290,641,239,307,546,74,75,149,8,10,18,Alice Castello
530,668,1198,1633,1703,3336,1599,1257,2856,792,1148,1940,343,546,889,14,27,41,Santarcangelo di Romagna
1042,1385,2427,6364,6068,12432,7584,6959,14543,3729,5328,9057,1274,1804,3078,128,267,395,Settimo Torinese
91,132,223,266,247,513,174,138,312,109,163,272,59,90,149,9,13,22,Cetraro
96,119,215,393,421,814,545,423,968,321,410,731,88,165,253,9,23,32,Piancastagnaio
69,84,153,220,186,406,214,209,423,146,185,331,56,84,140,25,58,83,San Vito sullo Ionio
113,180,293,565,636,1201,839,581,1420,388,420,808,142,258,400,31,52,83,Muravera
3245,4544,7789,9779,10202,19981,10795,9602,20397,4498,5387,9885,1933,2441,4374,318,481,799,Quartu Sant'Elena
5,12,17,65,57,122,53,61,114,53,67,120,6,16,22,0,0,0,Canal San Bovo
768,1071,1839,2832,2726,5558,2711,2195,4906,1682,2302,3984,505,756,1261,35,67,102,Montevarchi
58,96,154,228,207,435,229,211,440,114,120,234,41,59,100,1,1,2,Lesignano de' Bagni
4,4,8,24,16,40,47,35,82,32,30,62,24,28,52,20,45,65,Pietrapaola
43,51,94,165,192,357,225,177,402,153,156,309,99,151,250,47,71,118,Monte San Giacomo
75,129,204,608,510,1118,511,477,988,339,522,861,95,108,203,4,5,9,Montereale Valcellina
3,8,11,22,37,59,58,45,103,64,76,140,6,6,12,0,0,0,Fabbriche di Vergemoli
108,127,235,415,366,781,394,302,696,220,334,554,125,162,287,17,31,48,Brienza
531,615,1146,1580,1490,3070,1025,929,1954,645,863,1508,283,436,719,29,63,92,Amantea
268,286,554,1118,993,2111,1403,1189,2592,779,903,1682,324,446,770,80,216,296,Bagnara Calabra
134,174,308,524,570,1094,558,483,1041,369,495,864,80,107,187,9,6,15,Gravedona ed Uniti
27,40,67,157,150,307,250,190,440,152,177,329,51,46,97,2,2,4,Lodrino
1,0,1,15,6,21,18,23,41,10,9,19,7,6,13,3,1,4,Pertica Bassa
12,13,25,54,61,115,92,88,180,45,78,123,11,22,33,1,5,6,Isolabona
59,87,146,251,249,500,336,251,587,159,166,325,79,117,196,14,20,34,Briatico
12,6,18,35,39,74,39,25,64,38,56,94,4,8,12,0,1,1,Cereseto
447,557,1004,1593,1667,3260,1884,1540,3424,856,1247,2103,289,510,799,26,53,79,Vetralla
154,166,320,475,501,976,476,480,956,216,297,513,82,78,160,2,3,5,Cavalese
8,1,9,16,17,33,13,17,30,11,11,22,4,4,8,0,0,0,Montegallo
1403,1726,3129,4305,4799,9104,3612,3657,7269,1810,2927,4737,629,766,1395,50,85,135,Rapallo
75,88,163,292,338,630,444,404,848,283,372,655,98,117,215,15,13,28,Bagnolo Piemonte
23,42,65,135,128,263,220,181,401,141,178,319,50,103,153,11,26,37,Castelluccio Valmaggiore
89,102,191,308,291,599,429,372,801,255,364,619,84,158,242,10,24,34,Pietramontecorvino
521,600,1121,1396,1384,2780,1320,1367,2687,816,1314,2130,223,303,526,8,15,23,Albisola Superiore
6,8,14,41,25,66,37,36,73,27,40,67,14,11,25,0,2,2,Sefro
2,5,7,43,37,80,40,28,68,29,44,73,4,3,7,0,0,0,Roncobello
195,187,382,651,659,1310,488,545,1033,232,379,611,68,98,166,4,4,8,Asiago
319,402,721,1485,1313,2798,1158,957,2115,727,970,1697,334,490,824,47,103,150,Ferrandina
12,19,31,58,58,116,47,38,85,34,51,85,13,13,26,1,1,2,Sant'Anna d'Alfaedo
25,49,74,108,107,215,172,135,307,102,165,267,35,54,89,4,9,13,San Giuliano di Puglia
369,490,859,1181,1202,2383,1226,1080,2306,764,919,1683,246,341,587,16,44,60,Pianoro
63,92,155,370,364,734,436,363,799,214,323,537,99,88,187,6,10,16,Oppeano
4,5,9,27,25,52,37,37,74,25,39,64,4,2,6,0,0,0,Traversella
18,18,36,68,53,121,40,46,86,54,58,112,18,27,45,1,2,3,San Paolo di Jesi
49,34,83,171,144,315,151,139,290,79,119,198,29,71,100,4,10,14,Caramanico Terme
485,536,1021,1845,1676,3521,2194,1962,4156,1043,1360,2403,360,418,778,18,30,48,Romano d'Ezzelino
287,329,616,1076,1040,2116,1500,1262,2762,839,1280,2119,241,305,546,26,42,68,Garlasco
65,67,132,190,209,399,184,128,312,85,124,209,37,68,105,24,44,68,San Sosti
34,36,70,187,166,353,235,207,442,128,202,330,20,28,48,2,4,6,Ormea
22,31,53,178,149,327,174,157,331,122,177,299,29,37,66,4,2,6,Dego
16,15,31,69,70,139,107,111,218,68,74,142,32,42,74,11,34,45,Careri
111,104,215,505,500,1005,746,631,1377,482,594,1076,230,306,536,123,242,365,Laureana di Borrello
39,29,68,163,160,323,248,202,450,136,152,288,46,52,98,5,15,20,Incisa Scapaccino
15,23,38,111,115,226,126,93,219,77,110,187,31,24,55,0,1,1,Segonzano
20,15,35,49,66,115,78,77,155,51,63,114,12,17,29,0,1,1,Pecetto di Valenza
350,552,902,1469,1364,2833,1199,1077,2276,698,1123,1821,255,371,626,18,32,50,Finale Emilia
13,9,22,44,33,77,42,38,80,24,41,65,7,11,18,0,0,0,Melazzo
110,149,259,394,471,865,512,454,966,333,443,776,92,118,210,11,16,27,San Salvatore Monferrato
18,25,43,93,94,187,118,89,207,77,125,202,21,22,43,2,3,5,Valmacca
329,422,751,1125,1117,2242,1017,907,1924,658,1031,1689,206,357,563,10,24,34,Bondeno
127,144,271,507,454,961,813,731,1544,441,617,1058,122,145,267,3,7,10,Cazzago San Martino
17,29,46,60,66,126,62,58,120,29,32,61,9,12,21,1,1,2,Montaldo Torinese
26,29,55,136,144,280,196,158,354,103,150,253,38,29,67,0,2,2,Pieranica
77,98,175,327,312,639,553,460,1013,290,402,692,69,94,163,3,6,9,Erbusco
184,224,408,735,815,1550,827,709,1536,396,555,951,134,166,300,8,11,19,Pozzuolo Martesana
30,30,60,111,92,203,107,91,198,46,61,107,39,52,91,6,6,12,Fontegreca
71,128,199,307,422,729,676,562,1238,479,423,902,126,218,344,26,36,62,Bonorva
54,83,137,475,488,963,784,624,1408,446,518,964,128,204,332,24,17,41,Sarroch
197,215,412,425,473,898,597,466,1063,281,354,635,149,232,381,43,49,92,Bivona
72,75,147,294,338,632,574,545,1119,379,499,878,179,263,442,36,57,93,Vallelunga Pratameno
148,138,286,420,434,854,591,542,1133,343,384,727,212,353,565,67,87,154,Cattolica Eraclea
78,114,192,355,390,745,520,421,941,243,278,521,75,106,181,8,15,23,Abbasanta
83,139,222,615,617,1232,1423,1192,2615,634,615,1249,279,401,680,48,83,131,Maracalagonis
84,47,131,384,306,690,710,694,1404,290,310,600,185,221,406,51,135,186,San Luca
229,267,496,796,786,1582,798,696,1494,337,502,839,134,223,357,30,78,108,Teano
2283,2835,5118,7507,7557,15064,6818,5928,12746,3141,4262,7403,1499,1996,3495,202,485,687,Battipaglia
0,3,3,24,19,43,23,13,36,11,21,32,3,2,5,0,0,0,Massimeno
74,105,179,319,283,602,373,329,702,234,321,555,48,132,180,8,20,28,Calasetta
3,1,4,9,10,19,14,9,23,4,10,14,4,1,5,0,0,0,Cortino
27,47,74,158,187,345,220,168,388,167,185,352,37,49,86,13,12,25,Florinas
39,52,91,185,182,367,195,155,350,147,187,334,40,78,118,9,18,27,Sanarica
541,624,1165,1368,1281,2649,946,924,1870,492,811,1303,224,267,491,3,10,13,Selvazzano Dentro
139,157,296,419,394,813,357,304,661,209,265,474,79,82,161,0,1,1,Fumane
44,62,106,219,225,444,350,272,622,202,265,467,38,94,132,5,7,12,Gazzo Veronese
32,49,81,192,177,369,285,279,564,156,184,340,49,48,97,4,1,5,Scalenghe
1,0,1,4,5,9,5,1,6,6,5,11,0,0,0,0,0,0,Montecrestese
360,469,829,949,834,1783,754,729,1483,419,565,984,173,267,440,22,59,81,Atri
378,518,896,1427,1436,2863,1615,1362,2977,959,1121,2080,449,597,1046,91,139,230,Bernalda
295,400,695,1419,1274,2693,1304,1187,2491,615,934,1549,280,307,587,12,19,31,Valeggio sul Mincio
60,56,116,183,224,407,161,148,309,94,161,255,41,30,71,0,1,1,Spiazzo
1166,1424,2590,2866,2775,5641,2229,2140,4369,1056,1876,2932,387,641,1028,25,38,63,Portogruaro
4,4,8,8,10,18,18,12,30,10,6,16,2,1,3,0,0,0,Pozzol Groppo
4,7,11,26,23,49,33,27,60,45,58,103,4,3,7,0,1,1,Cosio d'Arroscia
55,59,114,134,125,259,126,107,233,78,103,181,20,56,76,1,4,5,Mondavio
316,356,672,1117,907,2024,939,935,1874,595,766,1361,268,447,715,42,131,173,Montella
14,11,25,56,55,111,75,70,145,53,59,112,12,19,31,2,9,11,Guardiaregia
488,701,1189,2133,2175,4308,1850,1351,3201,877,1263,2140,388,570,958,33,83,116,Ferentino
15,17,32,109,78,187,71,73,144,58,72,130,16,15,31,0,0,0,Caldes
22,21,43,82,80,162,77,70,147,65,72,137,17,35,52,11,13,24,Ottati
64,63,127,208,221,429,159,138,297,125,196,321,37,52,89,2,2,4,Fivizzano
18,27,45,92,89,181,126,112,238,81,97,178,37,56,93,17,20,37,Magisano
28,45,73,125,101,226,102,69,171,56,95,151,22,52,74,5,4,9,Colli a Volturno
8,15,23,64,63,127,87,63,150,59,76,135,17,17,34,3,0,3,San Godenzo
1011,1129,2140,2616,2991,5607,2809,2394,5203,1485,2400,3885,448,682,1130,21,45,66,Pietrasanta
12,22,34,54,59,113,76,73,149,123,127,250,47,75,122,13,33,46,Tavenna
82,139,221,496,468,964,516,461,977,328,437,765,112,144,256,9,7,16,Medesano
20,40,60,80,104,184,130,74,204,81,104,185,45,63,108,23,59,82,Montegiordano
38,33,71,124,129,253,150,122,272,68,98,166,29,50,79,1,3,4,Mercatino Conca
336,481,817,1604,1569,3173,1557,1256,2813,891,1201,2092,307,395,702,18,44,62,Sant'Ambrogio di Valpolicella
19,27,46,129,100,229,112,93,205,81,101,182,25,26,51,2,2,4,Solignano
119,159,278,509,477,986,551,471,1022,267,386,653,110,110,220,4,6,10,Villafranca Padovana
89,101,190,355,387,742,434,342,776,211,306,517,77,69,146,2,3,5,Rovetta
163,215,378,519,420,939,794,716,1510,432,553,985,201,323,524,49,84,133,Santa Croce di Magliano
21,37,58,136,121,257,101,105,206,58,84,142,16,23,39,0,1,1,Fiumalbo
40,49,89,170,137,307,138,141,279,127,205,332,36,53,89,6,8,14,Diso
106,149,255,418,451,869,491,415,906,199,277,476,76,106,182,17,14,31,Viguzzolo
70,96,166,227,260,487,276,255,531,137,177,314,32,49,81,4,7,11,Molare
43,46,89,178,213,391,226,206,432,122,182,304,28,38,66,15,11,26,Torriglia
218,254,472,584,668,1252,586,605,1191,259,420,679,101,106,207,7,8,15,Stresa
6,7,13,11,19,30,26,17,43,19,19,38,3,2,5,0,0,0,Campertogno
45,50,95,149,156,305,129,91,220,96,147,243,63,98,161,20,61,81,San Fele
410,491,901,1511,1611,3122,1610,1548,3158,1016,1361,2377,347,454,801,18,36,54,Scandiano
325,406,731,1483,1483,2966,1608,1304,2912,926,1281,2207,351,490,841,21,50,71,Novellara
11,18,29,51,32,83,71,57,128,57,65,122,31,57,88,10,27,37,Lupara
160,234,394,685,672,1357,580,547,1127,331,492,823,94,172,266,4,7,11,Levanto
47,43,90,171,149,320,159,144,303,74,119,193,38,43,81,24,52,76,Terranova di Pollino
597,714,1311,2469,2335,4804,3105,2639,5744,1394,1767,3161,808,933,1741,242,434,676,Gioia Tauro
131,168,299,430,431,861,398,309,707,241,353,594,70,112,182,9,8,17,Anghiari
8,13,21,59,57,116,67,45,112,46,60,106,10,18,28,0,2,2,Santa Luce
593,554,1147,1684,1566,3250,2504,2137,4641,1488,2026,3514,924,1279,2203,121,229,350,San Nicandro Garganico
11,12,23,41,42,83,34,35,69,24,47,71,8,5,13,1,2,3,Conzano
27,28,55,56,56,112,39,46,85,38,35,73,6,7,13,0,0,0,Coassolo Torinese
1,1,2,10,15,25,30,20,50,16,17,33,4,2,6,1,0,1,Rossa
15,22,37,136,126,262,183,146,329,105,155,260,20,31,51,2,4,6,Caresana
76,90,166,322,365,687,484,419,903,270,307,577,89,132,221,22,17,39,San Vito Lo Capo
7,19,26,37,40,77,78,56,134,48,69,117,9,28,37,5,3,8,Sorradile
54,105,159,244,264,508,461,376,837,199,201,400,71,115,186,9,20,29,Villaspeciosa
10,22,32,70,99,169,217,172,389,82,91,173,45,68,113,7,5,12,Burgos
8,5,13,27,24,51,38,37,75,50,63,113,18,22,40,1,3,4,Cairano
85,114,199,314,310,624,430,363,793,223,353,576,62,96,158,2,6,8,Occhieppo Superiore
217,216,433,673,667,1340,881,708,1589,632,832,1464,308,399,707,39,77,116,Lesina
307,336,643,893,872,1765,925,769,1694,429,605,1034,185,194,379,19,16,35,Robbiate
695,822,1517,1690,1953,3643,1954,1794,3748,1022,1594,2616,357,425,782,24,52,76,Saluzzo
8,10,18,30,38,68,46,40,86,22,34,56,3,7,10,0,0,0,Ternengo
65,106,171,353,342,695,645,479,1124,343,425,768,149,256,405,23,39,62,Peschici
261,301,562,899,941,1840,1133,994,2127,650,771,1421,319,389,708,56,66,122,Solarino
206,250,456,1010,909,1919,1200,1079,2279,536,701,1237,314,343,657,43,26,69,Isola delle Femmine
28,39,67,152,147,299,206,173,379,128,159,287,37,23,60,2,2,4,Verrone
1604,2077,3681,4874,5322,10196,4597,3789,8386,2643,3730,6373,892,1415,2307,54,118,172,Riccione
2,4,6,8,6,14,23,14,37,23,14,37,3,9,12,1,1,2,Cantagallo
98,138,236,583,645,1228,709,514,1223,335,420,755,125,119,244,7,10,17,Massalengo
40,38,78,110,107,217,99,76,175,78,98,176,22,37,59,9,13,22,Joppolo
43,74,117,157,151,308,258,201,459,137,217,354,33,54,87,6,2,8,Campiglia Marittima
8,14,22,55,59,114,88,66,154,50,89,139,9,14,23,1,0,1,Villa Basilica
22,30,52,51,63,114,68,53,121,31,57,88,13,34,47,4,5,9,Sant'Angelo in Pontano
11,15,26,75,48,123,56,42,98,38,64,102,5,23,28,1,0,1,Rocca Massima
9,12,21,35,37,72,37,37,74,45,48,93,11,17,28,0,2,2,Concerviano
33,59,92,161,190,351,451,420,871,291,224,515,104,123,227,19,23,42,Irgoli
806,1072,1878,2467,2657,5124,2326,2021,4347,1122,1703,2825,470,698,1168,9,32,41,Cattolica
387,441,828,1077,1080,2157,787,814,1601,282,524,806,160,207,367,10,9,19,Manziana
8,6,14,34,42,76,54,45,99,41,50,91,8,23,31,3,2,5,Morro d'Oro
28,35,63,119,111,230,135,95,230,82,113,195,29,48,77,0,2,2,Castellina Marittima
694,852,1546,2428,2195,4623,1300,1252,2552,818,1152,1970,360,491,851,22,35,57,Piano di Sorrento
18,13,31,41,34,75,59,55,114,57,49,106,38,50,88,8,22,30,Umbriatico
17,24,41,159,135,294,110,109,219,69,129,198,21,31,52,5,8,13,Travesio
381,469,850,1779,1479,3258,1604,1519,3123,750,1196,1946,255,317,572,16,25,41,Maniago
114,92,206,214,230,444,208,164,372,142,192,334,61,111,172,6,27,33,Moio della Civitella
114,143,257,441,468,909,423,308,731,219,317,536,85,126,211,17,37,54,Minori
11,13,24,43,53,96,81,57,138,53,73,126,17,44,61,10,21,31,Monasterace
13,23,36,115,94,209,157,150,307,108,138,246,14,21,35,0,0,0,Zone
48,73,121,328,348,676,382,313,695,221,264,485,81,74,155,12,19,31,Canossa
10,8,18,18,36,54,31,15,46,16,23,39,7,8,15,0,1,1,Ortignano Raggiolo
37,31,68,158,128,286,155,119,274,75,124,199,26,27,53,2,4,6,Ponzano Romano
11,22,33,77,78,155,111,100,211,59,80,139,7,10,17,0,0,0,Bardineto
10,4,14,25,23,48,24,13,37,23,29,52,5,7,12,2,2,4,Vacone
98,97,195,449,409,858,545,487,1032,300,432,732,103,137,240,10,18,28,Pontelongo
91,111,202,345,254,599,290,273,563,131,216,347,47,80,127,4,7,11,Saonara
20,14,34,78,70,148,38,51,89,30,37,67,12,8,20,1,0,1,Ronzone
92,132,224,583,463,1046,499,471,970,348,494,842,106,137,243,6,1,7,Orsago
76,104,180,549,513,1062,532,411,943,295,449,744,88,154,242,1,10,11,San Vito Romano
42,46,88,182,146,328,258,204,462,104,176,280,49,72,121,13,7,20,Poggiorsini
5,12,17,38,25,63,23,22,45,33,40,73,18,35,53,2,2,4,Pennadomo
19,23,42,165,147,312,236,187,423,129,182,311,26,37,63,0,0,0,Enego
34,25,59,122,105,227,126,109,235,86,133,219,30,17,47,0,2,2,Cazzano di Tramigna
51,63,114,237,183,420,211,193,404,55,128,183,30,44,74,2,1,3,Mariano del Friuli
66,96,162,286,289,575,352,258,610,165,244,409,60,65,125,2,4,6,Bagnolo San Vito
234,326,560,1107,1109,2216,1149,903,2052,472,750,1222,252,366,618,31,90,121,Sparanise
44,52,96,235,230,465,233,211,444,120,184,304,37,52,89,1,0,1,Gallio
29,33,62,134,120,254,126,123,249,87,137,224,25,47,72,5,2,7,Penna in Teverina
221,255,476,785,837,1622,741,579,1320,496,728,1224,218,325,543,48,64,112,Grotte
416,509,925,1031,1155,2186,1691,1433,3124,854,1152,2006,509,649,1158,130,165,295,Nicosia
55,57,112,264,211,475,469,430,899,286,330,616,64,113,177,32,34,66,Favignana
54,55,109,129,120,249,121,100,221,71,108,179,47,69,116,8,29,37,Petrizzi
37,52,89,208,215,423,349,322,671,193,230,423,67,60,127,5,4,9,Paitone
1642,2124,3766,6033,6610,12643,6939,5414,12353,4464,6302,10766,1176,1767,2943,88,175,263,Scandicci
983,937,1920,1247,1375,2622,696,770,1466,243,284,527,248,205,453,5,4,9,Basiglio
131,158,289,609,561,1170,562,498,1060,274,348,622,109,124,233,3,8,11,Basiano
58,76,134,276,287,563,423,330,753,178,251,429,97,68,165,3,11,14,San Gervasio Bresciano
33,65,98,224,207,431,217,151,368,104,196,300,35,75,110,4,3,7,Roviano
36,68,104,141,142,283,129,87,216,60,81,141,25,27,52,2,0,2,Malagnino
39,29,68,86,90,176,81,59,140,76,90,166,29,55,84,2,17,19,Controne
75,102,177,251,217,468,277,201,478,98,170,268,58,59,117,8,26,34,Marzano di Nola
247,337,584,1007,1029,2036,1896,1484,3380,689,917,1606,427,548,975,54,207,261,San Marzano sul Sarno
47,64,111,233,241,474,313,252,565,181,238,419,60,85,145,3,11,14,Malalbergo
26,45,71,102,95,197,131,81,212,51,80,131,22,32,54,3,8,11,Pico
13,15,28,47,40,87,38,33,71,21,38,59,3,5,8,0,0,0,Sant'Agata Fossili
45,49,94,137,130,267,130,92,222,89,91,180,25,31,56,2,0,2,Brinzio
1,0,1,5,2,7,5,5,10,6,7,13,0,0,0,0,0,0,Rondanina
360,480,840,1096,1108,2204,901,751,1652,625,921,1546,224,354,578,17,23,40,Loreto
9,8,17,59,65,124,86,64,150,52,67,119,7,14,21,1,0,1,Capriana
42,50,92,93,100,193,87,76,163,57,75,132,25,48,73,5,22,27,Gioi
56,78,134,348,258,606,241,219,460,144,228,372,41,52,93,1,2,3,Magnano in Riviera
156,152,308,570,526,1096,821,717,1538,471,694,1165,138,128,266,14,17,31,Gozzano
48,41,89,152,151,303,222,186,408,93,136,229,44,43,87,2,7,9,Casalzuigno
39,66,105,357,340,697,373,258,631,236,282,518,73,53,126,9,9,18,Cembra Lisignago
12,13,25,57,60,117,91,79,170,58,84,142,7,13,20,0,2,2,Mottalciata
45,46,91,143,106,249,83,67,150,55,90,145,26,39,65,4,12,16,Spadola
5,11,16,49,34,83,53,40,93,29,46,75,7,13,20,0,0,0,Oneta
87,123,210,280,294,574,291,227,518,148,218,366,61,82,143,9,27,36,Marcellinara
24,13,37,76,70,146,103,73,176,61,86,147,31,47,78,8,10,18,Calciano
27,37,64,112,120,232,148,128,276,73,82,155,16,26,42,2,1,3,Visone
131,150,281,465,487,952,387,330,717,218,292,510,161,219,380,31,56,87,Brancaleone
12,11,23,45,41,86,44,31,75,34,52,86,7,24,31,2,2,4,Cerrina Monferrato
151,151,302,595,591,1186,813,698,1511,412,551,963,149,174,323,17,23,40,Favria
11,20,31,61,73,134,113,86,199,66,79,145,23,23,46,4,4,8,Cargeghe
1709,2155,3864,6147,6321,12468,8551,7559,16110,4806,6175,10981,2270,2951,5221,477,494,971,Bagheria
7,8,15,59,48,107,75,57,132,56,86,142,13,15,28,0,0,0,Cesara
44,51,95,131,125,256,116,88,204,51,71,122,21,29,50,4,5,9,Summonte
24,33,57,110,91,201,131,128,259,76,134,210,29,32,61,0,5,5,Pontestura
28,19,47,75,78,153,72,82,154,51,63,114,12,17,29,1,3,4,Valsolda
1102,1232,2334,4019,3638,7657,3278,3094,6372,1714,2875,4589,557,852,1409,16,34,50,Spinea
198,213,411,878,789,1667,1096,934,2030,528,846,1374,190,223,413,11,16,27,Carmignano di Brenta
58,77,135,275,291,566,265,243,508,109,156,265,46,41,87,0,2,2,Mossa
23,34,57,182,137,319,152,141,293,86,154,240,24,25,49,0,1,1,Enemonzo
39,69,108,233,236,469,262,236,498,115,191,306,35,28,63,2,3,5,Silvano d'Orba
26,24,50,142,155,297,223,173,396,169,178,347,55,94,149,10,25,35,Fumone
120,119,239,239,226,465,170,179,349,124,170,294,49,84,133,6,20,26,Marsico Nuovo
25,25,50,101,82,183,108,85,193,66,102,168,17,18,35,2,3,5,Castelletto di Branduzzo
10,25,35,79,73,152,103,89,192,60,78,138,17,14,31,1,0,1,Orco Feglino
1,0,1,29,22,51,33,24,57,35,27,62,6,6,12,0,1,1,Livo
0,2,2,21,10,31,9,6,15,11,24,35,0,5,5,0,1,1,Solonghello
293,407,700,1579,1368,2947,1394,1168,2562,702,1122,1824,282,380,662,11,15,26,Fiume Veneto
53,35,88,153,161,314,153,122,275,103,128,231,52,56,108,11,15,26,Sarconi
58,82,140,182,173,355,231,200,431,168,200,368,57,90,147,0,3,3,Montappone
134,179,313,484,477,961,666,569,1235,432,582,1014,120,121,241,8,19,27,Grignasco
187,222,409,904,747,1651,1002,893,1895,505,701,1206,175,205,380,8,16,24,Borgoricco
250,337,587,1043,1049,2092,1010,866,1876,438,553,991,183,244,427,10,23,33,Lanuvio
688,811,1499,2390,2282,4672,2233,1883,4116,1082,1736,2818,385,461,846,10,36,46,Concorezzo
24,19,43,94,66,160,110,102,212,40,80,120,9,30,39,1,1,2,Calcata
58,58,116,136,143,279,123,120,243,82,112,194,19,21,40,1,2,3,Laglio
50,38,88,92,105,197,116,85,201,72,95,167,28,44,72,7,10,17,Salento
21,21,42,116,117,233,136,118,254,76,89,165,26,22,48,2,4,6,Sant'Angelo Lomellina
259,321,580,1088,1094,2182,1395,1208,2603,724,918,1642,278,335,613,21,32,53,Mazzano
37,31,68,120,119,239,190,170,360,101,125,226,41,43,84,3,5,8,Casalromano
18,34,52,144,149,293,177,158,335,106,121,227,35,46,81,0,2,2,Bosaro
27,28,55,104,111,215,156,107,263,110,135,245,26,29,55,0,2,2,Preseglie
9,14,23,64,51,115,88,81,169,67,76,143,17,16,33,1,0,1,Costa Valle Imagna
189,200,389,486,459,945,476,413,889,233,357,590,89,108,197,5,7,12,Travedona-Monate
20,28,48,139,136,275,167,133,300,134,159,293,23,29,52,4,3,7,Musso
8,17,25,54,44,98,68,46,114,31,46,77,7,14,21,1,0,1,Revine Lago
5,1,6,22,37,59,43,33,76,29,29,58,12,9,21,0,1,1,Casanova Elvo
80,108,188,446,427,873,604,442,1046,327,509,836,108,188,296,18,27,45,Norma
6,6,12,22,19,41,23,20,43,15,15,30,5,4,9,0,0,0,San Colombano Belmonte
53,71,124,215,235,450,456,369,825,272,338,610,78,72,150,4,6,10,Alfianello
14,12,26,72,51,123,74,68,142,57,66,123,9,9,18,1,1,2,Sillavengo
32,37,69,137,158,295,207,152,359,109,154,263,30,31,61,3,2,5,Cavallirio
7,13,20,67,66,133,117,91,208,60,64,124,14,13,27,2,4,6,Rancio Valcuvia
23,27,50,87,80,167,107,100,207,86,113,199,17,15,32,4,7,11,Castagnole Monferrato
71,93,164,322,371,693,454,338,792,265,309,574,62,77,139,0,4,4,Montodine
164,194,358,838,853,1691,1244,963,2207,579,796,1375,221,198,419,15,14,29,Brembate
232,214,446,484,462,946,378,305,683,131,263,394,71,119,190,4,22,26,Lauro
39,66,105,184,157,341,184,131,315,124,143,267,40,82,122,2,27,29,Torino di Sangro
49,52,101,225,159,384,145,153,298,83,134,217,19,33,52,2,0,2,Pavia di Udine
299,335,634,871,844,1715,935,708,1643,540,633,1173,323,480,803,78,122,200,Spezzano Albanese
20,30,50,71,67,138,101,77,178,59,85,144,25,49,74,14,13,27,Trivigno
2092,2437,4529,5068,5099,10167,3949,3466,7415,2282,3895,6177,721,781,1502,43,68,111,Crema
33,34,67,174,197,371,318,267,585,168,175,343,82,54,136,5,1,6,Adrara San Martino
27,44,71,191,150,341,146,138,284,77,130,207,36,68,104,3,2,5,San Valentino in Abruzzo Citeriore
84,148,232,504,513,1017,715,635,1350,415,527,942,110,138,248,7,13,20,Bisuschio
54,76,130,227,244,471,201,152,353,83,182,265,30,56,86,1,4,5,Monterosso al Mare
175,200,375,693,756,1449,761,567,1328,403,562,965,107,142,249,4,7,11,Marcallo con Casone
102,116,218,290,273,563,336,280,616,144,214,358,59,47,106,4,5,9,Trivolzio
17,24,41,101,88,189,108,94,202,57,94,151,21,28,49,1,1,2,Azzanello
12,10,22,34,25,59,28,36,64,25,30,55,9,11,20,0,0,0,Alfiano Natta
11,14,25,71,66,137,77,61,138,71,102,173,16,17,33,0,2,2,Crotta d'Adda
83,127,210,337,348,685,462,376,838,218,329,547,85,82,167,8,4,12,Beinette
18,10,28,80,81,161,84,76,160,52,80,132,19,31,50,7,15,22,Armento
45,60,105,217,210,427,315,244,559,146,225,371,44,58,102,4,7,11,Frugarolo
233,308,541,1013,1092,2105,1279,1113,2392,653,858,1511,210,262,472,16,21,37,Lacchiarella
6,11,17,85,72,157,147,120,267,119,129,248,15,26,41,1,2,3,Martiniana Po
24,22,46,109,82,191,101,78,179,59,83,142,15,15,30,0,1,1,Vivaro
123,152,275,487,480,967,679,616,1295,312,447,759,91,111,202,4,11,15,Germignaga
30,43,73,121,83,204,117,94,211,80,114,194,25,65,90,1,13,14,Pollutri
54,67,121,337,375,712,552,420,972,233,288,521,128,176,304,26,52,78,Acerno
35,58,93,197,174,371,238,163,401,137,220,357,40,50,90,0,2,2,Pieve San Giacomo
18,15,33,57,55,112,45,48,93,24,19,43,18,27,45,4,9,13,Trevico
86,103,189,263,300,563,344,255,599,151,223,374,67,64,131,5,6,11,Paruzzaro
162,186,348,566,489,1055,441,397,838,222,352,574,80,110,190,1,3,4,Costabissara
8,44,52,121,100,221,186,173,359,91,150,241,27,32,59,0,1,1,Pomaretto
24,29,53,65,83,148,68,58,126,31,60,91,9,19,28,0,0,0,San Sebastiano Curone
96,129,225,534,570,1104,509,410,919,221,290,511,111,104,215,3,8,11,San Zenone al Lambro
112,137,249,600,613,1213,866,733,1599,461,637,1098,144,176,320,14,10,24,Cisano Bergamasco
27,28,55,100,89,189,108,97,205,68,111,179,29,38,67,3,5,8,Chitignano
88,95,183,435,440,875,728,672,1400,412,505,917,146,256,402,11,38,49,Lagosanto
61,56,117,155,212,367,221,148,369,93,143,236,41,67,108,1,3,4,Longiano
74,88,162,433,416,849,441,415,856,271,395,666,79,103,182,2,6,8,San Fior
13,12,25,65,66,131,41,31,72,36,41,77,17,30,47,2,3,5,Roccascalegna
111,144,255,405,424,829,375,366,741,247,326,573,69,69,138,6,7,13,Grandate
16,16,32,83,94,177,104,82,186,72,79,151,17,22,39,0,1,1,Rivoli Veronese
41,46,87,175,158,333,180,185,365,156,170,326,52,70,122,2,13,15,Gradoli
37,55,92,171,158,329,203,193,396,204,215,419,74,137,211,17,21,38,Palata
5,1,6,16,23,39,19,13,32,16,25,41,4,8,12,1,4,5,San Polo Matese
16,24,40,128,118,246,124,105,229,82,108,190,15,21,36,1,1,2,Forgaria nel Friuli
86,122,208,598,491,1089,591,527,1118,461,607,1068,95,165,260,7,6,13,Gonars
43,42,85,241,202,443,178,154,332,90,101,191,26,29,55,0,0,0,Spormaggiore
135,168,303,543,557,1100,585,462,1047,182,238,420,87,97,184,1,4,5,Carpiano
3,9,12,33,29,62,50,38,88,31,39,70,3,6,9,0,0,0,Cornalba
344,459,803,1324,1343,2667,1320,1125,2445,613,665,1278,265,410,675,33,64,97,Itri
358,493,851,1471,1389,2860,1757,1488,3245,860,1344,2204,289,325,614,21,43,64,Castano Primo
17,45,62,144,130,274,164,135,299,77,110,187,21,29,50,1,6,7,Campiglia dei Berici
22,26,48,133,133,266,173,136,309,135,173,308,33,57,90,2,5,7,Scandolara Ravara
0,1,1,5,5,10,4,2,6,1,1,2,0,2,2,0,0,0,Rocca de' Giorgi
1156,1408,2564,4895,4863,9758,5794,4763,10557,2683,3521,6204,1202,1368,2570,114,160,274,Pioltello
73,74,147,251,189,440,297,242,539,169,226,395,80,113,193,8,3,11,Piansano
74,84,158,398,370,768,419,379,798,202,307,509,63,64,127,3,6,9,Osoppo
40,44,84,223,194,417,207,219,426,147,226,373,42,46,88,1,5,6,Lozzo di Cadore
122,154,276,512,518,1030,720,600,1320,362,540,902,128,146,274,9,15,24,Mezzago
0,1,1,11,10,21,10,6,16,7,13,20,0,0,0,0,0,0,Spriana
3,1,4,4,8,12,6,6,12,3,3,6,2,3,5,0,0,0,Frassilongo
3,0,3,4,1,5,2,0,2,2,3,5,0,0,0,0,0,0,Fraconalto
14,19,33,86,93,179,98,64,162,73,79,152,6,11,17,3,0,3,San Damiano al Colle
60,93,153,264,229,493,320,267,587,191,276,467,45,89,134,2,7,9,Carbognano
207,234,441,809,701,1510,823,713,1536,447,644,1091,152,196,348,15,13,28,Torreglia
8,10,18,29,25,54,21,31,52,17,35,52,2,5,7,0,1,1,Tigliole
1,0,1,15,17,32,29,21,50,21,25,46,2,5,7,0,0,0,Averara
34,41,75,132,129,261,203,129,332,102,133,235,37,57,94,16,33,49,Bonea
14,34,48,94,86,180,134,107,241,69,100,169,28,22,50,5,9,14,Roiate
59,56,115,189,199,388,240,209,449,123,158,281,50,85,135,8,24,32,Strevi
181,231,412,723,790,1513,930,796,1726,487,598,1085,170,193,363,4,16,20,Carugo
74,95,169,227,229,456,203,168,371,99,167,266,26,44,70,0,0,0,Chiaverano
14,11,25,55,46,101,48,35,83,29,26,55,3,11,14,1,0,1,Marzio
601,905,1506,2076,2318,4394,3571,2803,6374,1351,1339,2690,694,965,1659,68,132,200,Sestu
13,8,21,115,122,237,218,163,381,132,122,254,70,77,147,12,20,32,Villanova Tulo
71,115,186,281,417,698,843,615,1458,320,377,697,123,198,321,21,28,49,Bono
328,342,670,536,571,1107,487,426,913,274,424,698,105,113,218,2,9,11,Casciago
16,13,29,121,110,231,135,116,251,92,154,246,20,26,46,2,0,2,Comelico Superiore
290,404,694,1109,1136,2245,1080,900,1980,532,662,1194,231,252,483,26,27,53,Nicolosi
154,161,315,412,393,805,508,461,969,281,388,669,200,225,425,56,103,159,Oppido Mamertina
47,43,90,260,230,490,331,317,648,148,164,312,76,92,168,24,37,61,Stilo
9,5,14,30,35,65,58,42,100,14,29,43,7,14,21,1,2,3,Valle Castellana
818,1113,1931,3174,3185,6359,4286,3487,7773,2290,2834,5124,1084,1491,2575,225,443,668,Mondragone
18,37,55,114,110,224,159,112,271,88,121,209,24,43,67,0,2,2,Pescolanciano
23,19,42,81,65,146,96,100,196,62,102,164,12,23,35,1,1,2,Salussola
343,512,855,1978,1919,3897,2409,2155,4564,1064,1317,2381,421,480,901,33,61,94,Leini
27,31,58,119,146,265,132,105,237,103,125,228,33,51,84,0,7,7,Baschi
51,82,133,218,207,425,209,172,381,110,170,280,50,77,127,1,5,6,Monte San Vito
40,49,89,126,139,265,138,96,234,77,110,187,28,52,80,2,7,9,Boville Ernica
531,769,1300,2040,2031,4071,2181,1936,4117,1230,1694,2924,459,700,1159,65,102,167,Castellana Grotte
110,175,285,480,521,1001,786,650,1436,404,484,888,162,315,477,42,101,143,San Donato di Lecce
33,53,86,172,179,351,389,282,671,179,189,368,59,90,149,22,15,37,Sant'Andrea Frius
25,48,73,94,154,248,345,244,589,178,179,357,64,73,137,14,9,23,Lula
29,37,66,117,104,221,150,143,293,80,126,206,28,40,68,8,8,16,Novara di Sicilia
12,11,23,74,65,139,90,73,163,96,121,217,43,55,98,10,20,30,Carbone
389,458,847,1628,1770,3398,2401,2066,4467,1428,2228,3656,383,503,886,23,62,85,Cossato
645,833,1478,2277,2299,4576,2493,2418,4911,1169,1729,2898,501,532,1033,25,38,63,Salsomaggiore Terme
45,79,124,287,229,516,323,263,586,175,246,421,46,80,126,7,5,12,Castel Focognano
41,57,98,212,211,423,240,197,437,141,160,301,69,84,153,23,66,89,Montesano sulla Marcellana
9,7,16,26,20,46,28,25,53,9,20,29,6,12,18,0,1,1,Rocca Sinibalda
72,95,167,622,412,1034,596,609,1205,336,409,745,98,201,299,14,33,47,Porto Tolle
12,18,30,62,72,134,44,39,83,27,38,65,10,10,20,0,0,0,Ledro
1176,1299,2475,3338,3194,6532,3066,2619,5685,1655,2816,4471,533,753,1286,37,59,96,Legnago
211,265,476,1014,967,1981,1202,985,2187,541,943,1484,180,243,423,19,25,44,Nogara
328,410,738,1057,1036,2093,1001,920,1921,497,714,1211,183,258,441,34,34,68,Capri
6,8,14,37,33,70,40,36,76,21,28,49,10,9,19,0,3,3,Santa Maria del Molise
1,2,3,15,15,30,22,18,40,19,14,33,4,6,10,0,0,0,Madonna del Sasso
17,42,59,168,163,331,160,146,306,80,102,182,33,30,63,0,0,0,Piuro
40,61,101,248,210,458,208,172,380,103,140,243,43,59,102,0,3,3,Chions
28,36,64,158,158,316,170,140,310,120,177,297,22,36,58,2,5,7,Sezzadio
19,16,35,34,44,78,25,19,44,24,49,73,9,7,16,0,2,2,Serravalle Pistoiese
43,63,106,141,121,262,184,145,329,154,204,358,41,72,113,10,23,33,Gambatesa
2,8,10,32,19,51,18,23,41,12,20,32,5,4,9,0,0,0,Socchieve
790,1018,1808,2505,2280,4785,1461,1319,2780,887,1352,2239,350,609,959,33,81,114,Ortona
76,96,172,228,203,431,257,205,462,179,209,388,43,69,112,3,6,9,Castelnuovo Berardenga
7,11,18,44,66,110,57,47,104,44,58,102,4,8,12,0,0,0,Corte Brugnatella
3,5,8,25,28,53,33,23,56,33,33,66,6,8,14,0,0,0,Zeri
70,91,161,217,217,434,236,187,423,126,198,324,34,48,82,2,3,5,Mergozzo
55,79,134,207,196,403,326,244,570,197,226,423,74,108,182,1,9,10,Morrovalle
20,25,45,89,93,182,87,72,159,46,51,97,11,18,29,0,0,0,Albareto
10,17,27,80,53,133,65,59,124,51,74,125,3,8,11,0,0,0,Piazzatorre
13,18,31,39,25,64,26,28,54,18,20,38,2,3,5,1,1,2,Cremolino
60,39,99,128,154,282,172,133,305,146,153,299,56,79,135,29,56,85,San Giorgio Lucano
101,110,211,478,451,929,1086,902,1988,541,673,1214,180,183,363,15,29,44,Trenzano
16,23,39,74,77,151,52,29,81,67,74,141,29,50,79,8,20,28,San Costantino Albanese
70,109,179,315,292,607,289,259,548,218,299,517,57,65,122,2,9,11,Borgo Vercelli
53,78,131,386,439,825,586,514,1100,322,472,794,99,116,215,2,15,17,Villafranca Piemonte
60,62,122,219,200,419,180,161,341,143,196,339,39,72,111,2,4,6,Arcevia
262,360,622,766,754,1520,668,535,1203,390,583,973,168,279,447,16,25,41,Pineto
612,771,1383,2544,2505,5049,2291,1857,4148,998,1501,2499,394,528,922,25,52,77,Palestrina
428,551,979,1679,1638,3317,2085,1775,3860,1195,1692,2887,339,388,727,19,49,68,Oleggio
610,804,1414,1982,1964,3946,1705,1500,3205,1007,1410,2417,334,431,765,12,26,38,Castel Maggiore
228,310,538,809,856,1665,698,587,1285,512,720,1232,214,474,688,34,72,106,Cisternino
118,162,280,277,261,538,174,174,348,108,154,262,38,64,102,5,14,19,Morcone
12,13,25,48,56,104,87,72,159,45,55,100,10,15,25,0,2,2,Faule
405,530,935,1361,1416,2777,1493,1429,2922,774,1172,1946,213,288,501,14,43,57,Ovada
510,752,1262,1707,1851,3558,1537,1524,3061,877,1446,2323,293,350,643,50,73,123,Lavagna
1,4,5,14,17,31,19,20,39,14,20,34,4,4,8,0,0,0,Mezzoldo
127,151,278,398,399,797,417,387,804,221,290,511,79,172,251,4,18,22,Offida
1,1,2,7,6,13,11,7,18,11,23,34,1,0,1,0,0,0,Boccioleto
245,379,624,1169,1143,2312,1321,1245,2566,715,936,1651,235,289,524,16,37,53,Gassino Torinese
4,7,11,9,6,15,17,11,28,8,24,32,0,5,5,1,0,1,Prarostino
12,23,35,51,62,113,64,42,106,63,66,129,14,22,36,1,2,3,Trequanda
1755,2300,4055,6759,6979,13738,8318,6959,15277,3573,5499,9072,1778,2143,3921,234,407,641,Marano di Napoli
49,85,134,253,264,517,390,350,740,259,336,595,134,202,336,54,45,99,Vicari
2,1,3,5,12,17,10,5,15,8,8,16,0,1,1,0,0,0,Rezzoaglio
41,44,85,164,185,349,184,152,336,146,170,316,37,44,81,2,1,3,Villa Minozzo
60,66,126,333,272,605,260,235,495,126,203,329,41,48,89,1,1,2,Premariacco
24,20,44,103,117,220,166,143,309,142,123,265,24,25,49,1,1,2,Brossasco
46,58,104,199,205,404,290,266,556,202,251,453,74,114,188,17,17,34,San Marco d'Alunzio
54,75,129,244,239,483,302,279,581,203,230,433,64,101,165,23,38,61,Furnari
11,15,26,49,33,82,39,37,76,33,51,84,8,19,27,2,3,5,Librizzi
363,397,760,1252,1330,2582,1500,1326,2826,730,886,1616,387,393,780,39,44,83,Zafferana Etnea
87,105,192,441,502,943,579,487,1066,304,384,688,121,182,303,28,27,55,Pantelleria
101,165,266,467,550,1017,1142,879,2021,554,639,1193,192,314,506,24,50,74,Samassi
71,78,149,220,189,409,189,180,369,176,243,419,55,108,163,0,6,6,Montecarotto
77,77,154,226,224,450,200,179,379,113,134,247,40,91,131,2,10,12,Castelvenere
24,23,47,48,53,101,75,54,129,40,74,114,13,12,25,0,9,9,Castelpagano
32,61,93,140,120,260,120,85,205,68,77,145,29,34,63,8,21,29,Campoli del Monte Taburno
22,29,51,130,143,273,163,140,303,129,167,296,31,31,62,0,0,0,Caselle Landi
95,112,207,280,325,605,403,348,751,257,276,533,92,119,211,25,36,61,Falcone
52,58,110,235,271,506,341,259,600,143,201,344,93,138,231,28,17,45,Lucca Sicula
785,932,1717,2816,3042,5858,5680,5266,10946,3295,4087,7382,2075,2596,4671,739,699,1438,Adrano
141,152,293,474,489,963,763,584,1347,491,839,1330,154,248,402,33,42,75,Calatafimi-Segesta
13,12,25,37,37,74,77,69,146,54,59,113,33,50,83,16,24,40,Crosia
42,54,96,183,166,349,171,144,315,94,156,250,33,54,87,1,5,6,Guarcino
84,100,184,278,245,523,288,232,520,155,289,444,61,109,170,9,21,30,Zollino
18,14,32,73,63,136,52,53,105,34,53,87,16,26,42,0,1,1,Canzano
11,13,24,42,40,82,43,36,79,44,50,94,16,26,42,0,4,4,Parrano
30,34,64,157,145,302,127,125,252,123,140,263,31,42,73,14,17,31,Casalbuono
104,154,258,371,407,778,551,401,952,276,345,621,184,252,436,50,146,196,San Gregorio Magno
53,74,127,178,192,370,186,149,335,125,198,323,28,57,85,2,4,6,Masi Torello
16,18,34,76,72,148,57,54,111,56,75,131,34,72,106,1,10,11,Greci
41,55,96,213,206,419,202,208,410,81,113,194,57,85,142,6,19,25,Castello del Matese
135,150,285,239,274,513,313,249,562,215,246,461,108,157,265,26,67,93,San Demetrio Corone
14,12,26,58,56,114,62,44,106,28,48,76,8,7,15,1,0,1,Oliveto Lario
113,141,254,477,426,903,619,516,1135,267,345,612,146,233,379,23,125,148,Castel Morrone
38,58,96,206,163,369,328,264,592,162,174,336,79,121,200,18,38,56,Zungri
90,131,221,479,501,980,478,368,846,284,367,651,85,92,177,6,12,18,Ardenno
346,451,797,1740,1696,3436,2009,1804,3813,923,1204,2127,361,444,805,23,54,77,Caselle Torinese
32,39,71,179,157,336,161,145,306,98,149,247,19,37,56,1,0,1,Berceto
31,57,88,215,189,404,207,191,398,121,164,285,33,55,88,4,10,14,Affile
104,134,238,581,502,1083,600,491,1091,347,499,846,103,121,224,3,5,8,Campo San Martino
328,381,709,1186,1170,2356,1148,1037,2185,732,1057,1789,195,300,495,26,43,69,Montagnana
124,141,265,422,405,827,386,325,711,172,249,421,92,90,182,1,1,2,Cornegliano Laudense
43,51,94,117,115,232,103,90,193,45,77,122,21,58,79,1,6,7,Santi Cosma e Damiano
50,61,111,263,225,488,269,254,523,126,202,328,82,86,168,5,23,28,Camigliano
100,91,191,260,239,499,263,222,485,158,220,378,69,135,204,6,27,33,Gissi
58,63,121,159,165,324,122,110,232,89,106,195,28,62,90,4,13,17,Gessopalena
123,136,259,341,348,689,291,212,503,132,197,329,59,63,122,1,4,5,Villa Lagarina
35,32,67,105,115,220,89,74,163,47,58,105,32,46,78,3,12,15,San Nicola Baronia
23,30,53,86,80,166,66,62,128,55,68,123,15,21,36,3,9,12,Parolise
30,42,72,130,191,321,363,261,624,186,206,392,67,93,160,13,23,36,Villaurbana
31,41,72,120,107,227,112,75,187,95,133,228,47,74,121,11,25,36,Civita
193,280,473,1093,1036,2129,1325,1094,2419,534,791,1325,291,353,644,24,50,74,Recale
13,16,29,47,46,93,50,43,93,50,53,103,12,32,44,7,10,17,Argusto
8,5,13,20,14,34,11,13,24,7,16,23,7,0,7,0,4,4,Ispani
39,54,93,180,158,338,126,126,252,85,117,202,36,34,70,2,1,3,Cavareno
177,205,382,883,912,1795,993,809,1802,564,794,1358,190,224,414,4,7,11,Povegliano Veronese
238,336,574,1453,1366,2819,1916,1709,3625,944,1276,2220,369,489,858,25,27,52,Camponogara
57,76,133,372,304,676,522,453,975,277,346,623,130,155,285,9,17,26,Agna
3,6,9,15,21,36,9,8,17,5,8,13,3,0,3,0,0,0,Volpara
0,4,4,11,10,21,17,12,29,10,14,24,5,7,12,1,0,1,Testico
14,19,33,102,76,178,121,90,211,52,106,158,11,23,34,1,2,3,Cineto Romano
101,144,245,513,529,1042,876,723,1599,430,609,1039,159,159,318,7,7,14,Pradalunga
24,46,70,135,154,289,221,207,428,113,120,233,31,39,70,1,1,2,Pollein
75,72,147,163,177,340,204,157,361,84,99,183,22,42,64,0,1,1,Garlenda
20,15,35,75,80,155,92,63,155,39,71,110,13,16,29,0,0,0,Tassarolo
40,43,83,282,267,549,265,264,529,122,189,311,53,49,102,4,1,5,Mese
27,48,75,139,152,291,199,153,352,121,132,253,28,37,65,3,3,6,Alserio
78,81,159,275,335,610,381,283,664,224,290,514,61,65,126,1,5,6,Annone di Brianza
42,71,113,191,200,391,296,232,528,129,171,300,62,46,108,6,9,15,Sangiano
263,316,579,1009,978,1987,1068,905,1973,671,973,1644,182,211,393,13,11,24,Macherio
96,133,229,418,434,852,613,563,1176,333,554,887,91,137,228,2,9,11,Gaglianico
24,24,48,100,117,217,151,123,274,88,108,196,25,25,50,1,1,2,Lenta
398,457,855,1511,1615,3126,1900,1591,3491,734,1005,1739,260,327,587,11,26,37,La Maddalena
19,31,50,78,96,174,109,102,211,61,66,127,32,59,91,0,3,3,Baranello
20,18,38,103,77,180,79,73,152,46,48,94,17,20,37,4,4,8,Ventotene
525,711,1236,1489,1481,2970,1574,1246,2820,923,1236,2159,294,530,824,48,104,152,Montefiascone
31,35,66,26,28,54,8,12,20,10,7,17,5,7,12,0,0,0,Torre d'Isola
98,101,199,537,445,982,459,459,918,255,374,629,89,96,185,4,6,10,Cogollo del Cengio
41,47,88,132,167,299,175,155,330,123,186,309,27,27,54,2,2,4,Ozzano Monferrato
9,21,30,64,73,137,131,97,228,81,105,186,16,29,45,3,5,8,Suardi
136,154,290,513,513,1026,657,553,1210,434,594,1028,117,198,315,10,16,26,Caprarola
82,90,172,285,296,581,356,303,659,275,351,626,70,71,141,5,8,13,Borgo d'Ale
48,57,105,154,171,325,221,193,414,157,207,364,32,47,79,1,2,3,Villafalletto
19,32,51,189,177,366,235,195,430,138,203,341,45,57,102,4,9,13,Balzola
7,26,33,52,56,108,105,75,180,71,65,136,22,23,45,3,3,6,Ittireddu
74,94,168,230,246,476,150,138,288,80,128,208,29,37,66,1,10,11,Sant'Alessio Siculo
407,525,932,1507,1381,2888,1421,1227,2648,629,848,1477,350,495,845,74,175,249,Cervinara
105,125,230,446,436,882,501,417,918,238,358,596,86,90,176,12,18,30,Solbiate Arno
29,31,60,75,92,167,117,95,212,83,108,191,32,62,94,16,22,38,Miglierina
136,186,322,623,632,1255,764,613,1377,444,569,1013,135,152,287,32,20,52,Figino Serenza
400,510,910,1248,1264,2512,1297,1115,2412,730,941,1671,242,236,478,11,21,32,Inverigo
3009,3287,6296,5995,5957,11952,4726,4879,9605,2177,3679,5856,967,1105,2072,72,126,198,Saronno
323,414,737,1245,1302,2547,1627,1312,2939,660,1084,1744,272,364,636,16,30,46,Castelletto sopra Ticino
262,338,600,1171,1045,2216,1283,1031,2314,676,983,1659,205,228,433,14,14,28,Tombolo
18,29,47,128,115,243,129,100,229,53,77,130,18,32,50,2,3,5,Carceri
88,101,189,484,439,923,655,584,1239,291,401,692,112,118,230,10,6,16,Pian Camuno
67,109,176,331,345,676,479,428,907,243,300,543,81,99,180,3,8,11,Cunardo
7,4,11,23,22,45,37,33,70,34,40,74,6,4,10,1,0,1,Arnasco
138,173,311,712,620,1332,974,783,1757,373,588,961,200,275,475,38,103,141,Arienzo
3,5,8,41,28,69,35,37,72,19,25,44,10,2,12,1,1,2,Monale
108,149,257,302,328,630,349,300,649,154,210,364,55,78,133,1,3,4,Sarre
19,21,40,39,43,82,58,41,99,32,47,79,8,6,14,0,1,1,Rocca Grimalda
111,151,262,430,480,910,493,410,903,256,356,612,67,91,158,6,5,11,Leggiuno
206,251,457,1342,1151,2493,2088,1733,3821,1132,1328,2460,427,436,863,27,22,49,Chiampo
176,214,390,553,605,1158,632,512,1144,417,558,975,105,120,225,15,23,38,Albese con Cassano
139,181,320,647,642,1289,576,526,1102,409,571,980,83,83,166,2,2,4,Tremezzina
18,25,43,95,65,160,104,76,180,78,103,181,20,22,42,1,0,1,Mereto di Tomba
151,247,398,797,842,1639,887,756,1643,452,605,1057,156,185,341,25,23,48,Casarza Ligure
216,300,516,818,803,1621,729,536,1265,358,540,898,130,221,351,12,38,50,Amalfi
102,92,194,332,341,673,368,302,670,151,225,376,71,115,186,12,39,51,Prata di Principato Ultra
3,8,11,25,34,59,39,37,76,31,30,61,3,11,14,0,2,2,Cravanzana
295,361,656,1133,1062,2195,982,957,1939,539,796,1335,227,275,502,19,36,55,San Felice sul Panaro
152,183,335,729,602,1331,726,563,1289,333,561,894,143,192,335,10,10,20,Tolfa
27,42,69,93,113,206,147,118,265,105,156,261,18,36,54,3,3,6,Paderno Ponchielli
31,36,67,156,112,268,145,135,280,80,92,172,27,56,83,5,6,11,Sant'Agata Feltria
556,645,1201,2635,2539,5174,4423,3655,8078,1886,2490,4376,900,1197,2097,114,236,350,Volla
0,3,3,28,20,48,31,17,48,13,19,32,3,1,4,0,0,0,Bedollo
52,98,150,291,243,534,222,192,414,113,143,256,46,63,109,2,1,3,Pontecchio Polesine
171,252,423,599,549,1148,462,390,852,222,249,471,114,160,274,13,32,45,Marano Marchesato
157,194,351,683,735,1418,1167,965,2132,751,838,1589,286,477,763,67,149,216,Avetrana
75,123,198,366,397,763,587,534,1121,295,423,718,98,108,206,3,4,7,Cartigliano
169,193,362,582,531,1113,590,525,1115,253,509,762,68,136,204,5,10,15,Battaglia Terme
169,188,357,552,542,1094,535,506,1041,250,355,605,74,110,184,2,11,13,Sangano
26,22,48,81,87,168,72,62,134,44,65,109,25,48,73,14,18,32,San Cosmo Albanese
105,117,222,317,322,639,302,285,587,179,246,425,54,54,108,1,4,5,Cantalupa
11,22,33,54,60,114,82,55,137,41,41,82,8,7,15,0,0,0,Roccasparvera
10,17,27,43,34,77,42,44,86,28,43,71,3,4,7,0,1,1,Trisobbio
39,49,88,139,128,267,111,87,198,49,86,135,27,34,61,4,15,19,Calvi
503,601,1104,1699,1598,3297,1576,1393,2969,780,1024,1804,353,452,805,42,56,98,Bitritto
49,57,106,218,254,472,270,192,462,175,289,464,49,32,81,0,2,2,Trigolo
457,626,1083,2133,2021,4154,2285,1870,4155,1108,1629,2737,426,449,875,26,39,65,Rescaldina
41,64,105,150,153,303,269,237,506,199,225,424,84,123,207,4,18,22,Casalvecchio di Puglia
152,171,323,392,394,786,333,349,682,140,319,459,63,59,122,5,7,12,Palmanova
411,603,1014,1949,1611,3560,1593,1455,3048,837,1507,2344,252,348,600,11,21,32,Gemona del Friuli
40,53,93,106,92,198,102,98,200,55,74,129,23,41,64,9,10,19,Villamaina
30,24,54,115,105,220,91,76,167,83,107,190,14,42,56,1,6,7,Sant'Angelo all'Esca
17,33,50,150,165,315,242,207,449,135,143,278,33,41,74,0,2,2,Grantola
5,8,13,20,24,44,40,26,66,22,30,52,6,5,11,0,0,0,Moiola
24,25,49,111,122,233,206,148,354,131,177,308,38,33,71,0,0,0,Lagnasco
93,104,197,429,520,949,774,551,1325,395,535,930,135,162,297,8,9,17,Fontanella
6,4,10,12,22,34,28,19,47,25,35,60,2,0,2,2,1,3,Fontanigorda
253,311,564,1165,1089,2254,1095,885,1980,595,834,1429,256,260,516,19,19,38,Sommacampagna
28,38,66,176,166,342,188,176,364,110,146,256,31,26,57,5,3,8,Pescarolo ed Uniti
142,181,323,470,472,942,430,393,823,228,342,570,99,75,174,6,3,9,San Carlo Canavese
229,290,519,809,775,1584,727,668,1395,377,579,956,136,143,279,4,8,12,Soave
95,114,209,444,483,927,742,615,1357,374,447,821,175,172,347,16,35,51,Borgo Ticino
0,2,2,0,3,3,5,3,8,5,6,11,0,1,1,0,0,0,Rimella
5,2,7,19,21,40,23,16,39,13,13,26,2,2,4,0,0,0,Pila
2,1,3,3,1,4,2,2,4,6,1,7,0,2,2,0,0,0,Bonvicino
40,38,78,117,110,227,118,104,222,85,130,215,16,19,35,0,1,1,Govone
21,27,48,125,122,247,162,118,280,85,88,173,27,23,50,0,1,1,Osasio
3,2,5,8,4,12,11,13,24,12,18,30,0,0,0,0,0,0,Lemie
8,9,17,82,55,137,68,62,130,66,88,154,9,9,18,0,0,0,Danta di Cadore
72,85,157,427,387,814,516,423,939,198,289,487,96,86,182,4,6,10,Grezzago
28,22,50,127,165,292,161,126,287,121,163,284,24,31,55,0,1,1,Cervesina
155,228,383,807,612,1419,598,552,1150,325,612,937,95,108,203,4,1,5,Reana del Rojale
267,322,589,1291,1111,2402,1144,1017,2161,544,837,1381,195,268,463,5,12,17,Salzano
17,18,35,60,71,131,73,64,137,34,44,78,27,27,54,1,4,5,Nocciano
11,15,26,72,71,143,68,51,119,47,69,116,11,13,24,0,1,1,Samone
53,70,123,241,319,560,584,447,1031,318,376,694,118,119,237,17,16,33,Antegnate
176,202,378,711,712,1423,896,812,1708,466,733,1199,126,186,312,9,22,31,Vado Ligure
75,94,169,326,334,660,533,414,947,300,382,682,97,166,263,13,35,48,Castri di Lecce
87,115,202,350,364,714,363,276,639,198,278,476,79,113,192,5,9,14,Vezzano sul Crostolo
71,77,148,366,350,716,475,426,901,215,280,495,117,138,255,12,11,23,Annone Veneto
31,43,74,171,167,338,269,217,486,130,153,283,49,33,82,1,4,5,Altivole
3,6,9,49,47,96,65,48,113,40,49,89,9,14,23,0,3,3,Treviso Bresciano
22,27,49,160,178,338,218,155,373,76,86,162,29,27,56,1,1,2,Calvignasco
15,28,43,102,94,196,150,117,267,97,121,218,22,33,55,5,3,8,Rota d'Imagna
7,10,17,43,46,89,48,31,79,25,31,56,4,9,13,0,0,0,Roncola
55,83,138,352,315,667,339,315,654,120,181,301,83,69,152,0,1,1,Veggiano
36,47,83,172,170,342,248,213,461,114,155,269,27,51,78,1,4,5,Urbana
12,18,30,77,52,129,67,70,137,64,69,133,31,35,66,7,13,20,Agnana Calabra
18,33,51,98,77,175,76,52,128,76,111,187,13,24,37,2,3,5,Aielli
81,99,180,587,498,1085,813,625,1438,371,493,864,166,157,323,6,7,13,Loria
4,8,12,20,19,39,20,19,39,14,16,30,0,3,3,0,0,0,Passerano Marmorito
366,410,776,1409,1287,2696,1840,1587,3427,958,1131,2089,422,627,1049,77,139,216,Parete
54,43,97,170,105,275,90,87,177,77,132,209,24,58,82,2,5,7,Capracotta
12,14,26,30,30,60,36,34,70,23,29,52,8,3,11,0,0,0,Castiglione Falletto
39,38,77,93,87,180,129,112,241,67,100,167,18,32,50,6,9,15,Pompeiana
130,149,279,546,542,1088,669,587,1256,326,473,799,122,150,272,3,4,7,Casalserugo
32,76,108,141,132,273,116,91,207,81,126,207,23,40,63,3,4,7,Vittorito
233,323,556,993,949,1942,1253,1038,2291,634,965,1599,189,252,441,5,19,24,Turbigo
141,198,339,716,662,1378,714,628,1342,388,648,1036,161,251,412,15,31,46,Concordia sulla Secchia
5,7,12,35,29,64,45,27,72,28,52,80,3,3,6,0,1,1,Maranzana
21,35,56,170,141,311,191,156,347,136,190,326,37,35,72,1,5,6,Pallanzeno
27,26,53,117,141,258,173,133,306,130,146,276,30,39,69,0,2,2,Ripalta Arpina
13,18,31,67,97,164,105,79,184,64,84,148,16,23,39,0,0,0,Sorico
5,3,8,14,13,27,24,11,35,20,22,42,3,1,4,0,0,0,Pareto
27,43,70,139,137,276,122,94,216,49,128,177,23,34,57,1,0,1,Amaro
10,18,28,43,35,78,66,58,124,41,51,92,12,15,27,1,2,3,Giustenice
47,63,110,119,95,214,69,48,117,48,50,98,15,18,33,0,0,0,Scoppito
33,55,88,181,154,335,266,202,468,174,253,427,59,51,110,5,5,10,Cigole
139,176,315,634,619,1253,832,660,1492,437,558,995,140,167,307,9,11,20,Arsago Seprio
122,144,266,521,532,1053,681,530,1211,381,510,891,108,128,236,7,16,23,Vertemate con Minoprio
493,549,1042,1347,1371,2718,1300,1200,2500,780,1104,1884,228,283,511,13,35,48,Gavirate
31,42,73,208,209,417,261,215,476,165,179,344,43,40,83,5,2,7,Albiano
250,313,563,870,846,1716,774,628,1402,360,493,853,161,231,392,33,94,127,Grottaminarda
15,15,30,50,29,79,47,42,89,37,64,101,12,19,31,2,2,4,Monte Vidon Corrado
117,197,314,486,483,969,690,564,1254,355,484,839,120,115,235,11,15,26,Cittiglio
116,133,249,313,328,641,304,338,642,162,282,444,50,54,104,2,4,6,Borgio Verezzi
247,321,568,915,912,1827,1123,832,1955,442,689,1131,183,318,501,13,55,68,Cori
456,504,960,1564,1439,3003,1392,1128,2520,579,862,1441,256,244,500,12,17,29,Bernareggio
22,26,48,106,103,209,145,117,262,69,120,189,32,37,69,5,6,11,Solarolo Rainerio
227,317,544,1088,1087,2175,1354,1132,2486,833,1144,1977,278,317,595,18,32,50,Farra di Soligo
112,131,243,330,332,662,317,267,584,241,238,479,85,134,219,26,97,123,Luzzi
199,263,462,960,958,1918,1237,1060,2297,683,907,1590,188,222,410,12,24,36,Castiglione Olona
3,2,5,16,19,35,28,16,44,19,23,42,3,4,7,0,0,0,Moasca
10,16,26,47,35,82,65,50,115,54,61,115,8,19,27,2,0,2,Anfo
54,72,126,263,263,526,252,204,456,142,179,321,43,61,104,4,4,8,San Fiorano
33,29,62,149,139,288,125,112,237,85,115,200,21,29,50,4,2,6,Lestizza
75,63,138,274,266,540,213,165,378,122,162,284,45,40,85,0,3,3,Madruzzo
34,39,73,159,183,342,170,143,313,80,102,182,23,40,63,0,1,1,Azeglio
962,1140,2102,3065,3455,6520,3619,2846,6465,2010,2485,4495,669,779,1448,47,74,121,Mariano Comense
96,110,206,262,244,506,217,197,414,134,146,280,39,46,85,2,6,8,Soiano del Lago
95,105,200,377,369,746,429,365,794,227,342,569,85,108,193,9,7,16,Bricherasio
21,32,53,83,93,176,147,94,241,59,82,141,23,26,49,2,3,5,Vallefoglia
318,392,710,894,851,1745,734,697,1431,295,550,845,116,158,274,6,10,16,Iseo
470,577,1047,1596,1508,3104,1230,1107,2337,528,784,1312,272,352,624,21,48,69,Atripalda
81,78,159,219,227,446,276,251,527,186,231,417,72,125,197,21,28,49,Laurenzana
299,362,661,637,634,1271,513,509,1022,269,421,690,83,123,206,6,7,13,San Martino Siccomario
113,133,246,438,441,879,668,529,1197,322,422,744,113,118,231,5,4,9,Sotto il Monte Giovanni XXIII
5,3,8,7,8,15,9,7,16,6,8,14,0,0,0,0,0,0,Dernice
13,17,30,41,25,66,50,29,79,40,48,88,16,32,48,23,47,70,Badolato
27,44,71,71,83,154,59,51,110,59,84,143,10,22,32,3,6,9,Cuccaro Vetere
110,130,240,467,460,927,417,340,757,240,382,622,77,90,167,17,28,45,Castelverde
76,93,169,319,334,653,342,289,631,236,297,533,115,145,260,20,53,73,Francavilla Marittima
14,10,24,69,66,135,62,60,122,44,50,94,4,6,10,0,1,1,Traves
25,22,47,64,71,135,84,75,159,39,55,94,18,30,48,1,4,5,Torre Le Nocelle
8,10,18,60,76,136,70,59,129,52,62,114,6,9,15,0,2,2,Sillano Giuncugnano
74,57,131,386,353,739,501,459,960,288,385,673,89,97,186,7,12,19,Sossano
5,6,11,29,21,50,52,27,79,24,28,52,8,14,22,0,0,0,San Mauro di Saline
33,36,69,119,113,232,168,122,290,94,159,253,31,22,53,4,6,10,Casalbeltrame
32,36,68,170,162,332,221,212,433,132,157,289,39,45,84,2,6,8,Cervere
1,0,1,1,5,6,10,4,14,2,5,7,2,3,5,0,0,0,Montemale di Cuneo
75,101,176,334,352,686,394,370,764,178,233,411,66,75,141,0,6,6,Robassomero
98,121,219,533,532,1065,637,518,1155,286,503,789,100,112,212,5,10,15,Mathi
179,232,411,894,834,1728,893,773,1666,447,695,1142,154,209,363,6,18,24,Casorate Sempione
110,164,274,506,503,1009,631,599,1230,361,538,899,114,159,273,7,15,22,Occhieppo Inferiore
32,51,83,159,188,347,208,170,378,118,146,264,41,47,88,3,10,13,Pellezzano
4,6,10,39,31,70,63,44,107,28,36,64,5,11,16,0,0,0,Monteleone di Spoleto
548,679,1227,2121,2024,4145,2017,2002,4019,873,1142,2015,400,488,888,19,39,58,Pianezza
28,31,59,113,136,249,215,194,409,130,155,285,32,58,90,0,7,7,Brusasco
55,90,145,267,254,521,299,281,580,157,237,394,74,80,154,4,8,12,Bene Vagienna
557,689,1246,2063,2028,4091,2211,1872,4083,1183,1691,2874,389,444,833,19,54,73,Cardano al Campo
15,38,53,61,81,142,184,151,335,88,85,173,35,54,89,5,12,17,Austis
25,43,68,147,185,332,282,220,502,158,216,374,35,47,82,1,0,1,Colzate
7,16,23,27,28,55,23,19,42,17,21,38,4,10,14,3,1,4,Drapia
193,242,435,932,894,1826,1700,1417,3117,855,1123,1978,480,565,1045,169,124,293,Trabia
54,76,130,229,228,457,255,175,430,137,180,317,62,87,149,16,53,69,Monterosso Calabro
70,61,131,224,287,511,566,511,1077,310,369,679,135,154,289,34,44,78,Licodia Eubea
3,7,10,17,14,31,20,17,37,18,16,34,5,10,15,0,1,1,Vicoli
54,82,136,302,367,669,561,528,1089,355,378,733,204,230,434,66,49,115,Camporeale
209,268,477,807,791,1598,714,675,1389,408,525,933,118,140,258,1,4,5,Mezzocorona
7,26,33,73,97,170,204,157,361,114,138,252,18,41,59,8,7,15,Gonnostramatza
10,20,30,27,43,70,90,56,146,43,44,87,14,25,39,1,1,2,Elini
11,22,33,57,83,140,161,98,259,82,86,168,43,44,87,8,11,19,Baressa
33,55,88,126,197,323,334,244,578,173,205,378,47,74,121,15,12,27,Milis
29,59,88,150,176,326,327,246,573,190,196,386,64,83,147,10,14,24,Vallermosa
65,62,127,104,100,204,99,84,183,47,72,119,14,26,40,3,3,6,Fisciano
719,895,1614,3435,3037,6472,4123,3469,7592,2160,2727,4887,1029,1649,2678,109,197,306,Santeramo in Colle
24,15,39,88,96,184,113,113,226,82,102,184,28,41,69,7,4,11,Moio Alcantara
155,181,336,474,498,972,441,384,825,215,318,533,114,130,244,15,13,28,Aci Bonaccorsi
128,171,299,569,563,1132,652,577,1229,366,547,913,165,249,414,25,38,63,Gibellina
8,10,18,26,24,50,22,18,40,14,16,30,4,6,10,0,1,1,Savoca
209,306,515,1199,1178,2377,1642,1486,3128,963,1093,2056,399,482,881,69,66,135,Capaci
172,219,391,665,661,1326,851,819,1670,553,730,1283,226,356,582,38,59,97,Serradifalco
37,47,84,135,150,285,160,139,299,103,140,243,50,66,116,4,4,8,Petralia Soprana
7,6,13,15,14,29,40,44,84,20,33,53,11,8,19,4,11,15,Canolo
47,61,108,183,211,394,274,210,484,102,211,313,34,41,75,9,9,18,Sagliano Micca
18,32,50,126,120,246,156,119,275,113,111,224,25,50,75,1,11,12,Torre Cajetani
2956,3477,6433,9153,8920,18073,9951,8397,18348,4802,7558,12360,2310,3253,5563,253,633,886,Castellammare di Stabia
656,831,1487,2609,2424,5033,2820,2378,5198,1522,1991,3513,687,929,1616,117,201,318,Casamassima
30,45,75,136,121,257,119,104,223,72,120,192,15,22,37,1,4,5,Montescudaio
14,25,39,85,74,159,118,112,230,82,70,152,23,38,61,7,4,11,Siamaggiore
75,149,224,274,348,622,641,465,1106,367,315,682,117,190,307,10,5,15,Pattada
4,15,19,41,71,112,206,170,376,113,80,193,47,63,110,7,11,18,Gesico
154,272,426,870,898,1768,1754,1437,3191,928,966,1894,314,505,819,67,97,164,Serramanna
26,28,54,111,90,201,124,99,223,57,85,142,21,30,51,5,14,19,Casape
17,19,36,74,69,143,117,80,197,66,74,140,14,35,49,1,3,4,Pescorocchiano
369,473,842,1490,1418,2908,2312,2058,4370,1248,1504,2752,700,1083,1783,167,363,530,Veglie
16,17,33,41,53,94,69,40,109,30,41,71,12,25,37,1,6,7,Elice
150,190,340,712,653,1365,707,668,1375,424,583,1007,241,414,655,38,67,105,Tuglie
24,29,53,87,62,149,73,57,130,49,87,136,11,30,41,0,8,8,Filetto
7,6,13,24,16,40,26,24,50,20,21,41,3,4,7,1,2,3,Accumoli
216,264,480,911,834,1745,1184,1002,2186,602,909,1511,196,204,400,7,16,23,Verolanuova
56,47,103,228,219,447,323,221,544,156,267,423,63,72,135,16,9,25,Ospedaletto Lodigiano
3,3,6,9,11,20,20,12,32,19,8,27,2,6,8,2,1,3,Castel di Sasso
43,43,86,204,233,437,342,269,611,225,297,522,34,50,84,1,2,3,Varzo
579,719,1298,1452,1446,2898,1319,1134,2453,682,870,1552,304,397,701,80,132,212,Melito di Porto Salvo
29,33,62,85,88,173,71,65,136,28,44,72,15,13,28,2,5,7,Ceppaloni
107,130,237,385,358,743,327,307,634,194,276,470,62,79,141,4,1,5,Campoformido
26,44,70,176,125,301,140,141,281,72,114,186,14,23,37,1,4,5,Medea
7,8,15,40,23,63,30,20,50,11,29,40,4,4,8,1,0,1,Comeglians
235,318,553,1038,1092,2130,1435,1143,2578,565,823,1388,237,250,487,19,22,41,Motta Visconti
426,579,1005,1290,1313,2603,1107,987,2094,708,987,1695,266,507,773,20,53,73,San Severino Marche
78,103,181,274,304,578,259,218,477,150,176,326,60,68,128,5,2,7,Cassinetta di Lugagnano
16,18,34,54,41,95,81,48,129,35,55,90,13,16,29,9,9,18,Corte de' Cortesi con Cignone
16,17,33,71,50,121,71,67,138,43,67,110,19,34,53,3,16,19,Villalfonsina
39,47,86,207,160,367,154,144,298,140,179,319,45,80,125,5,9,14,Rapino
243,288,531,1041,940,1981,1497,1241,2738,597,827,1424,298,417,715,57,107,164,Succivo
2,2,4,9,6,15,12,15,27,17,9,26,2,5,7,2,2,4,Baradili
256,327,583,1027,978,2005,1200,1025,2225,512,637,1149,318,379,697,40,103,143,Portico di Caserta
9,16,25,64,56,120,65,76,141,53,75,128,10,28,38,3,8,11,Itala
40,47,87,215,239,454,294,205,499,129,154,283,46,56,102,2,4,6,Marudo
29,28,57,52,50,102,44,37,81,26,36,62,13,11,24,0,0,0,Massa e Cozzile
26,31,57,105,104,209,131,115,246,61,85,146,14,23,37,2,2,4,Casatisma
6,6,12,23,19,42,24,22,46,10,12,22,2,2,4,1,1,2,Falvaterra
16,26,42,126,107,233,180,137,317,87,91,178,28,45,73,1,8,9,Rocca Santo Stefano
7,13,20,54,52,106,38,43,81,27,27,54,6,13,19,2,3,5,San Martino Sannita
148,154,302,610,600,1210,703,621,1324,319,448,767,122,144,266,5,7,12,Lallio
73,97,170,335,348,683,373,314,687,238,325,563,57,77,134,9,10,19,Lungavilla
203,220,423,1238,1097,2335,2511,1852,4363,1021,1600,2621,595,750,1345,85,180,265,Crispano
29,18,47,102,94,196,96,83,179,58,81,139,19,40,59,1,3,4,Vescovana
1523,1903,3426,3655,3595,7250,2528,2354,4882,1256,2147,3403,503,659,1162,33,72,105,Sulmona
7,13,20,40,44,84,36,50,86,37,42,79,3,4,7,0,0,0,Quarna Sopra
25,23,48,98,77,175,61,73,134,55,80,135,12,21,33,5,16,21,Morra De Sanctis
6,4,10,43,50,93,30,19,49,29,63,92,8,7,15,1,0,1,Luserna
7,7,14,21,13,34,32,21,53,21,31,52,6,9,15,1,0,1,Vaglio Serra
174,212,386,885,885,1770,1579,1272,2851,805,997,1802,280,234,514,14,25,39,Urgnano
276,343,619,1406,1420,2826,2067,1724,3791,874,1047,1921,365,416,781,34,64,98,Baranzate
29,38,67,136,157,293,152,125,277,110,173,283,27,25,52,1,1,2,Pianello del Lario
80,125,205,388,435,823,519,411,930,284,389,673,84,88,172,8,10,18,Briga Novarese
15,19,34,74,76,150,110,97,207,57,63,120,26,22,48,3,10,13,Forchia
503,652,1155,1926,1974,3900,2393,1863,4256,1114,1698,2812,456,810,1266,78,164,242,Castellaneta
36,35,71,60,77,137,66,61,127,51,71,122,13,14,27,2,3,5,Panicale
67,92,159,327,273,600,230,202,432,175,291,466,50,80,130,3,23,26,Castelluccio Inferiore
17,19,36,49,58,107,91,74,165,45,71,116,25,36,61,7,12,19,San Giovanni di Gerace
87,120,207,576,529,1105,700,621,1321,416,471,887,140,211,351,1,21,22,Eraclea
13,12,25,58,44,102,63,51,114,41,60,101,7,15,22,1,0,1,Premia
77,83,160,339,306,645,387,348,735,203,255,458,102,137,239,38,42,80,Taverna
5,15,20,47,41,88,86,58,144,54,58,112,17,31,48,3,7,10,Assolo
772,930,1702,2616,2662,5278,2759,2326,5085,1199,1922,3121,511,498,1009,13,30,43,Cassano d'Adda
194,225,419,704,796,1500,776,632,1408,317,475,792,114,117,231,3,5,8,Santo Stefano Ticino
642,787,1429,2216,2152,4368,2060,1715,3775,942,1487,2429,385,425,810,24,33,57,Corbetta
25,36,61,126,145,271,113,91,204,39,40,79,35,32,67,0,1,1,Noviglio
160,208,368,710,744,1454,1029,806,1835,434,556,990,196,286,482,18,18,36,Gatteo
6,2,8,27,30,57,66,50,116,29,41,70,12,7,19,1,2,3,Isso
832,1115,1947,3158,3254,6412,3314,2894,6208,1981,2648,4629,717,919,1636,40,87,127,Vignola
34,40,74,228,223,451,268,228,496,209,254,463,51,62,113,3,4,7,Segusino
17,24,41,114,106,220,158,124,282,59,86,145,30,24,54,3,4,7,Albettone
10,10,20,45,40,85,61,39,100,34,56,90,9,9,18,1,3,4,Badia Pavese
287,297,584,1091,1168,2259,1142,1032,2174,495,726,1221,176,279,455,7,13,20,Binasco
11,16,27,77,84,161,167,130,297,89,120,209,31,19,50,1,4,5,Ubiale Clanezzo
65,68,133,281,254,535,362,274,636,188,285,473,64,47,111,4,3,7,Tavernola Bergamasca
55,66,121,348,332,680,447,375,822,220,317,537,70,82,152,4,7,11,Morengo
2247,2406,4653,4601,4557,9158,3400,3396,6796,1778,2962,4740,850,910,1760,41,58,99,Cernusco sul Naviglio
7,24,31,72,56,128,102,58,160,72,105,177,16,19,35,3,1,4,Scandolara Ripa d'Oglio
11,23,34,103,101,204,133,97,230,75,117,192,14,18,32,0,1,1,Acquanegra Cremonese
8,12,20,47,47,94,54,39,93,35,49,84,10,10,20,0,0,0,San Martino del Lago
325,417,742,1480,1458,2938,1802,1588,3390,870,1030,1900,409,550,959,71,156,227,Bellizzi
33,51,84,299,261,560,259,227,486,131,174,305,41,51,92,1,2,3,Valdisotto
2,0,2,4,7,11,7,11,18,7,9,16,0,1,1,0,0,0,Sessame
4,5,9,40,32,72,33,27,60,29,30,59,6,3,9,0,0,0,Garniga Terme
0,3,3,2,8,10,7,8,15,7,10,17,0,0,0,0,0,0,Trezzo Tinella
217,271,488,1041,1130,2171,1529,1349,2878,892,1227,2119,270,349,619,22,38,60,Canelli
44,71,115,269,212,481,237,210,447,154,213,367,34,71,105,1,2,3,Seren del Grappa
13,8,21,51,35,86,30,31,61,33,55,88,10,15,25,8,8,16,Castel del Giudice
20,23,43,173,139,312,229,216,445,136,131,267,29,65,94,5,9,14,Pettorazza Grimani
11,14,25,68,59,127,79,77,156,59,72,131,10,18,28,0,2,2,Ferrere
28,25,53,106,115,221,182,148,330,142,169,311,33,64,97,9,19,28,San Marco la Catola
269,299,568,843,854,1697,974,890,1864,498,668,1166,177,217,394,16,17,33,Cadorago
177,242,419,825,826,1651,1270,1054,2324,519,749,1268,261,300,561,53,131,184,Carinaro
53,70,123,350,275,625,295,255,550,141,186,327,53,115,168,1,9,10,Sant'Angelo Romano
1804,2253,4057,4830,5017,9847,4990,4452,9442,2658,3168,5826,1235,1698,2933,211,337,548,Barcellona Pozzo di Gotto
72,111,183,394,350,744,673,571,1244,469,563,1032,204,327,531,42,72,114,Caltavuturo
304,388,692,809,871,1680,1167,1020,2187,836,1089,1925,358,470,828,70,65,135,Salemi
148,193,341,553,531,1084,882,766,1648,458,554,1012,256,318,574,49,60,109,Altavilla Milicia
196,199,395,821,761,1582,1345,1237,2582,734,838,1572,413,605,1018,125,157,282,Militello in Val di Catania
73,94,167,255,305,560,503,399,902,225,201,426,91,133,224,10,18,28,Serdiana
24,25,49,104,93,197,108,104,212,62,114,176,14,22,36,2,8,10,Casal Cermelli
273,414,687,919,1019,1938,1513,1289,2802,622,736,1358,222,330,552,54,78,132,Bosa
50,95,145,217,294,511,643,475,1118,311,284,595,94,144,238,13,76,89,Nulvi
24,47,71,171,192,363,308,243,551,158,175,333,51,88,139,16,29,45,Giba
212,357,569,997,1088,2085,1846,1425,3271,739,768,1507,319,411,730,57,73,130,Dolianova
69,87,156,238,203,441,219,165,384,161,206,367,68,116,184,23,74,97,Calabritto
102,172,274,538,471,1009,388,325,713,310,430,740,149,239,388,15,56,71,Bovino
7,13,20,19,25,44,71,52,123,79,105,184,21,25,46,3,6,9,Civitacampomarano
56,62,118,273,221,494,199,204,403,197,216,413,60,112,172,19,64,83,Sant'Agata di Puglia
1352,1691,3043,4038,3520,7558,2125,2006,4131,1051,1929,2980,501,779,1280,40,82,122,Gaeta
489,671,1160,1840,1934,3774,2146,1644,3790,1186,1605,2791,499,622,1121,37,60,97,Ponsacco
16,18,34,79,91,170,105,92,197,55,74,129,15,39,54,5,4,9,Campochiaro
32,51,83,142,140,282,225,179,404,104,105,209,29,49,78,6,6,12,Norbello
57,84,141,271,305,576,555,432,987,324,356,680,77,158,235,8,10,18,Berchidda
206,258,464,770,812,1582,989,788,1777,584,760,1344,189,279,468,11,21,32,Terranuova Bracciolini
896,1204,2100,3121,3042,6163,3010,2872,5882,1821,2774,4595,530,865,1395,24,52,76,Follonica
134,152,286,333,319,652,441,389,830,213,315,528,88,142,230,29,42,71,Padula
109,150,259,518,487,1005,600,517,1117,320,393,713,115,160,275,5,13,18,Subbiano
84,118,202,388,415,803,524,448,972,251,335,586,85,95,180,8,13,21,Villanterio
5,3,8,6,9,15,4,8,12,2,26,28,2,10,12,0,0,0,Compiano
522,734,1256,2626,2825,5451,2480,2143,4623,1057,1389,2446,468,578,1046,21,30,51,Cerveteri
339,418,757,939,1081,2020,940,796,1736,506,605,1111,169,281,450,31,67,98,Praia a Mare
133,192,325,376,389,765,324,216,540,154,212,366,99,117,216,7,23,30,Rovito
19,16,35,62,62,124,93,68,161,62,73,135,22,50,72,8,16,24,Mongrassano
14,19,33,36,25,61,27,28,55,33,39,72,13,26,39,2,16,18,San Paolo Albanese
75,108,183,330,312,642,416,304,720,149,179,328,111,91,202,1,6,7,Montelabbate
59,66,125,239,221,460,395,355,750,181,262,443,98,172,270,38,71,109,Mammola
26,32,58,88,96,184,111,106,217,64,81,145,16,21,37,0,1,1,Campitello di Fassa
488,635,1123,1631,1759,3390,2332,2047,4379,1431,1810,3241,497,793,1290,137,282,419,Squinzano
1498,1851,3349,4634,4813,9447,4376,3756,8132,2328,3500,5828,847,996,1843,65,97,162,Abbiategrasso
23,48,71,154,156,310,183,134,317,90,104,194,23,24,47,0,0,0,Valtournenche
41,54,95,129,123,252,114,103,217,59,89,148,15,25,40,3,0,3,Pietra Marazzi
54,68,122,161,141,302,142,97,239,92,117,209,40,48,88,8,23,31,Settingiano
33,49,82,177,177,354,228,196,424,116,138,254,44,76,120,17,80,97,Nocera Terinese
25,27,52,83,72,155,101,81,182,46,56,102,23,32,55,2,7,9,Bisenti
172,234,406,924,855,1779,771,712,1483,385,512,897,168,171,339,6,10,16,Ala
9,12,21,61,39,100,49,40,89,41,59,100,17,11,28,0,1,1,Gazzola
146,186,332,747,712,1459,600,550,1150,389,504,893,131,126,257,6,16,22,Predaia
122,144,266,411,458,869,647,549,1196,399,577,976,153,158,311,40,33,73,Barge
18,28,46,93,72,165,91,76,167,66,81,147,37,37,74,9,23,32,Brindisi Montagna
122,146,268,498,515,1013,482,351,833,248,406,654,66,96,162,2,5,7,Villafranca in Lunigiana
27,39,66,128,118,246,158,158,316,111,108,219,76,107,183,40,63,103,Pizzoni
8,8,16,48,33,81,55,48,103,22,48,70,2,11,13,1,1,2,Pomaro Monferrato
126,178,304,495,560,1055,511,446,957,397,567,964,104,135,239,6,13,19,Quistello
116,144,260,573,557,1130,635,531,1166,306,405,711,170,170,340,7,13,20,Vedelago
2,3,5,26,16,42,19,15,34,15,21,36,0,5,5,0,0,0,Pornassio
314,400,714,1160,1075,2235,895,880,1775,474,802,1276,166,188,354,3,9,12,San Daniele del Friuli
38,35,73,200,183,383,302,246,548,189,233,422,51,65,116,4,7,11,Salizzole
36,49,85,183,194,377,185,180,365,98,148,246,37,44,81,3,5,8,Montegrosso d'Asti
18,18,36,72,69,141,70,63,133,60,80,140,13,16,29,1,0,1,Valdieri
9,13,22,55,46,101,49,57,106,38,49,87,15,28,43,1,1,2,Mergo
83,102,185,200,193,393,184,162,346,133,130,263,44,77,121,5,27,32,Rende
23,27,50,96,76,172,68,74,142,62,79,141,31,71,102,6,27,33,Rapone
144,203,347,594,551,1145,446,317,763,281,367,648,130,182,312,17,42,59,Spezzano della Sila
103,120,223,408,474,882,587,488,1075,433,575,1008,89,105,194,2,7,9,Quarona
15,34,49,119,109,228,139,124,263,76,110,186,33,25,58,2,5,7,Borzonasca
17,27,44,73,65,138,65,57,122,42,52,94,13,12,25,1,2,3,Montefortino
25,23,48,58,52,110,58,62,120,31,46,77,9,18,27,2,5,7,Rotella
144,158,302,327,320,647,416,328,744,227,319,546,90,134,224,1,13,14,Montegiorgio
7,10,17,46,51,97,43,35,78,24,42,66,14,8,22,1,1,2,San Colombano Certenoli
6,6,12,26,32,58,39,37,76,25,36,61,3,6,9,0,0,0,Civiasco
268,327,595,1268,1247,2515,1434,1211,2645,673,802,1475,228,287,515,22,34,56,La Loggia
107,118,225,241,223,464,312,255,567,181,267,448,81,161,242,22,36,58,Teggiano
199,268,467,669,647,1316,736,622,1358,401,493,894,216,245,461,43,60,103,Guglionesi
64,88,152,333,336,669,387,319,706,233,246,479,92,106,198,1,8,9,Sala Bolognese
30,39,69,91,95,186,88,52,140,50,60,110,21,19,40,3,12,15,Mangone
53,78,131,323,306,629,360,358,718,218,320,538,68,93,161,8,13,21,Bibiana
28,35,63,126,124,250,144,121,265,85,122,207,25,30,55,2,4,6,Pralormo
14,17,31,21,30,51,93,72,165,31,32,63,4,19,23,0,1,1,Lodine
69,104,173,465,523,988,694,650,1344,417,506,923,166,220,386,51,61,112,Calatabiano
35,66,101,196,233,429,268,242,510,158,202,360,73,111,184,8,18,26,Salaparuta
111,140,251,455,507,962,390,330,720,194,228,422,75,99,174,8,4,12,Letojanni
107,187,294,784,794,1578,903,706,1609,392,588,980,158,197,355,8,9,17,Tavazzano con Villavesco
31,54,85,212,206,418,277,208,485,125,200,325,38,35,73,0,0,0,Santo Stefano Lodigiano
39,52,91,138,137,275,173,130,303,92,151,243,26,25,51,0,6,6,Torre de' Picenardi
19,23,42,115,143,258,230,220,450,156,150,306,52,69,121,9,13,22,Luogosanto
1102,1360,2462,3063,3618,6681,4357,3831,8188,2548,3058,5606,1245,1754,2999,278,345,623,Castelvetrano
184,210,394,708,859,1567,1505,1188,2693,817,880,1697,309,410,719,56,72,128,Santa Croce Camerina
92,129,221,380,395,775,425,398,823,334,430,764,183,262,445,47,63,110,Caltabellotta
319,474,793,1187,1304,2491,1203,1077,2280,643,856,1499,328,423,751,49,77,126,Palazzolo Acreide
81,116,197,396,405,801,508,394,902,331,428,759,110,104,214,5,6,11,Valgreghentino
200,265,465,560,734,1294,793,672,1465,428,576,1004,186,245,431,47,50,97,Mistretta
105,150,255,541,529,1070,525,396,921,321,406,727,99,97,196,5,10,15,San Martino in Strada
210,231,441,712,648,1360,879,718,1597,530,604,1134,272,355,627,64,131,195,Petilia Policastro
513,666,1179,2009,2059,4068,1856,1471,3327,974,1206,2180,399,587,986,49,59,108,Silvi
56,61,117,170,174,344,202,172,374,88,127,215,36,76,112,8,38,46,Lago
163,247,410,768,774,1542,952,731,1683,521,702,1223,150,271,421,9,32,41,Olevano Romano
58,76,134,348,334,682,691,560,1251,345,462,807,177,215,392,45,72,117,Casola di Napoli
174,223,397,505,549,1054,591,486,1077,399,553,952,92,154,246,5,15,20,Castiglione della Pescaia
244,293,537,1055,1039,2094,1125,949,2074,523,684,1207,215,234,449,19,31,50,Cavenago di Brianza
242,248,490,800,800,1600,1045,855,1900,512,550,1062,256,328,584,68,134,202,Serra San Bruno
310,360,670,388,430,818,257,224,481,148,278,426,69,97,166,3,7,10,Fiesole
86,102,188,359,316,675,174,150,324,102,178,280,52,74,126,2,5,7,Nocera Umbra
6,14,20,50,56,106,75,65,140,31,58,89,13,18,31,0,2,2,Cerrione
62,59,121,115,145,260,106,78,184,65,88,153,19,34,53,1,1,2,Corciano
50,95,145,253,270,523,368,291,659,158,196,354,72,93,165,7,21,28,San Mango Piemonte
18,7,25,40,47,87,33,36,69,35,45,80,20,28,48,0,2,2,Montebello di Bertona
123,192,315,579,640,1219,711,569,1280,360,461,821,165,222,387,9,18,27,Riolo Terme
8,15,23,51,59,110,71,74,145,42,70,112,13,28,41,1,3,4,Villa Santo Stefano
49,41,90,142,124,266,128,104,232,104,128,232,43,71,114,13,41,54,Vaccarizzo Albanese
199,230,429,669,749,1418,1030,871,1901,450,564,1014,242,310,552,38,67,105,Gioiosa Ionica
61,79,140,327,304,631,357,315,672,255,356,611,57,106,163,9,12,21,Costa di Rovigo
146,202,348,740,744,1484,1082,773,1855,427,595,1022,207,175,382,7,14,21,Boltiere
295,341,636,1059,992,2051,900,763,1663,283,496,779,136,171,307,8,10,18,Monte Compatri
1,0,1,10,13,23,29,24,53,19,19,38,1,1,2,0,0,0,Parlasco
391,498,889,1888,1845,3733,2299,1992,4291,1055,1439,2494,401,418,819,17,19,36,Malo
40,42,82,179,167,346,215,176,391,74,113,187,39,45,84,0,0,0,Cerreto Laziale
71,92,163,474,460,934,493,402,895,308,386,694,83,92,175,2,4,6,Corno di Rosazzo
337,399,736,1297,1247,2544,1207,993,2200,540,769,1309,267,385,652,36,72,108,Casapulla
25,40,65,144,136,280,197,183,380,133,164,297,35,46,81,2,2,4,Castelleone di Suasa
55,72,127,155,165,320,179,129,308,137,193,330,44,82,126,3,14,17,Cetona
110,188,298,470,523,993,631,429,1060,363,511,874,112,175,287,5,8,13,Reggello
498,665,1163,2033,1924,3957,1639,1353,2992,744,1084,1828,407,419,826,6,19,25,Pescantina
227,257,484,1151,1081,2232,1789,1434,3223,890,1313,2203,313,307,620,21,41,62,Castelli Calepio
198,221,419,753,777,1530,980,763,1743,586,806,1392,169,171,340,4,13,17,Offanengo
2,2,4,8,4,12,3,7,10,8,12,20,0,1,1,0,0,0,Sagron Mis
73,94,167,289,290,579,455,345,800,177,246,423,135,157,292,20,42,62,Tufino
17,32,49,120,122,242,145,125,270,79,113,192,25,25,50,0,0,0,Monte di Malo
69,78,147,194,207,401,271,189,460,121,160,281,73,94,167,6,13,19,Calvanico
8,6,14,66,52,118,69,56,125,47,59,106,10,21,31,2,3,5,Oricola
76,107,183,364,474,838,527,434,961,272,435,707,99,114,213,11,23,34,Sale
417,487,904,1012,1022,2034,966,882,1848,528,768,1296,183,199,382,13,13,26,Cernobbio
442,518,960,2016,1925,3941,2288,1832,4120,1292,2014,3306,414,498,912,80,68,148,Samarate
13,9,22,31,39,70,75,50,125,42,58,100,17,25,42,3,1,4,Vinchio
50,59,109,318,323,641,659,475,1134,269,373,642,91,100,191,7,9,16,Chignolo d'Isola
1,5,6,17,20,37,38,22,60,14,29,43,1,1,2,1,0,1,Curiglia con Monteviasco
141,183,324,751,623,1374,830,740,1570,501,611,1112,146,269,415,7,40,47,Villadose
193,283,476,883,781,1664,958,754,1712,510,615,1125,325,399,724,25,51,76,Trasacco
5,7,12,30,29,59,34,32,66,22,36,58,4,3,7,5,1,6,Davagna
12,14,26,31,19,50,25,34,59,23,29,52,3,3,6,0,1,1,Torgnon
244,351,595,1102,1028,2130,790,634,1424,457,742,1199,145,243,388,16,20,36,Subiaco
23,21,44,121,102,223,120,122,242,92,106,198,56,82,138,15,34,49,Ruvo del Monte
34,40,74,114,116,230,150,124,274,81,88,169,20,25,45,1,1,2,La Salle
55,61,116,237,224,461,164,151,315,85,117,202,38,34,72,2,3,5,Roccaraso
42,44,86,128,84,212,81,62,143,45,89,134,20,18,38,2,1,3,Rivisondoli
157,209,366,445,469,914,388,288,676,188,283,471,77,79,156,10,18,28,Maratea
50,92,142,251,254,505,260,236,496,140,243,383,33,45,78,0,5,5,Noli
28,46,74,128,118,246,165,139,304,81,112,193,28,41,69,1,4,5,Ancarano
17,9,26,47,41,88,39,31,70,32,44,76,6,21,27,0,4,4,Cerro al Volturno
4,2,6,24,14,38,11,16,27,13,18,31,3,5,8,0,0,0,Calascio
6,6,12,25,19,44,19,20,39,16,13,29,5,7,12,2,4,6,Monte Rinaldo
28,41,69,127,104,231,125,99,224,69,108,177,12,27,39,2,4,6,Bugnara
309,329,638,1294,1497,2791,2411,1900,4311,1570,1756,3326,630,843,1473,152,223,375,San Ferdinando di Puglia
227,293,520,875,781,1656,866,694,1560,310,458,768,194,244,438,23,70,93,Mugnano del Cardinale
39,27,66,89,102,191,96,79,175,49,71,120,27,37,64,4,11,15,Reino
60,61,121,197,161,358,146,128,274,65,114,179,20,47,67,2,16,18,Pontelandolfo
193,252,445,939,876,1815,1429,1398,2827,892,1001,1893,480,856,1336,95,178,273,Ruffano
19,26,45,61,55,116,70,59,129,41,72,113,11,32,43,3,2,5,Maiolati Spontini
53,52,105,198,205,403,203,184,387,115,157,272,51,80,131,12,31,43,Altavilla Silentina
56,72,128,326,400,726,493,403,896,246,291,537,77,98,175,3,5,8,Salerano sul Lambro
46,63,109,228,207,435,285,247,532,132,171,303,64,98,162,29,36,65,Olevano sul Tusciano
42,55,97,250,262,512,267,217,484,177,267,444,48,70,118,4,9,13,Sesto ed Uniti
1317,1831,3148,5349,5905,11254,6576,4975,11551,4429,5992,10421,1105,1187,2292,85,123,208,Capannori
15,17,32,66,44,110,57,53,110,25,30,55,11,9,20,1,1,2,San Pio delle Camere
395,473,868,1251,1071,2322,960,902,1862,476,613,1089,230,332,562,50,123,173,Airola
17,34,51,228,170,398,271,252,523,143,220,363,41,61,102,2,1,3,Paularo
29,29,58,127,113,240,142,140,282,90,98,188,38,66,104,15,42,57,Maropati
19,32,51,81,82,163,101,88,189,80,87,167,20,28,48,5,10,15,Cerzeto
136,189,325,471,449,920,436,365,801,300,399,699,156,218,374,42,88,130,Fagnano Castello
974,1299,2273,3192,3524,6716,4718,3338,8056,2047,3025,5072,1157,1367,2524,193,277,470,San Giuseppe Vesuviano
757,796,1553,2068,2038,4106,2144,1981,4125,1089,1864,2953,327,446,773,13,44,57,Castellanza
129,187,316,581,551,1132,508,382,890,276,322,598,90,128,218,6,8,14,Pizzoli
27,24,51,71,68,139,83,57,140,53,81,134,13,21,34,3,2,5,Pettorano sul Gizio
554,680,1234,1710,1815,3525,1825,1561,3386,962,1384,2346,307,517,824,12,38,50,Tarquinia
329,381,710,1372,1293,2665,1307,1142,2449,635,951,1586,273,283,556,14,17,31,Torri di Quartesolo
5,9,14,31,33,64,41,35,76,34,43,77,9,10,19,0,0,0,San Giacomo Vercellese
112,135,247,280,329,609,309,281,590,143,235,378,47,56,103,1,8,9,Lesa
371,369,740,1107,1211,2318,1478,1216,2694,849,960,1809,448,587,1035,56,94,150,Montescaglioso
39,34,73,95,109,204,92,88,180,92,116,208,25,45,70,18,47,65,Noepoli
60,71,131,161,171,332,170,122,292,133,154,287,32,68,100,16,11,27,Spilinga
154,200,354,509,517,1026,491,436,927,352,417,769,153,211,364,40,124,164,Chiaravalle Centrale
1,2,3,10,12,22,31,26,57,16,18,34,3,1,4,1,0,1,Canischio
53,68,121,216,211,427,328,251,579,140,209,349,42,44,86,3,4,7,Maggiora
92,84,176,160,189,349,155,130,285,86,149,235,30,46,76,0,2,2,Blevio
87,78,165,306,279,585,392,347,739,202,300,502,72,85,157,5,11,16,Remedello
939,1047,1986,2291,2225,4516,1836,1829,3665,1054,1882,2936,351,462,813,23,27,50,Este
0,2,2,30,25,55,33,34,67,42,66,108,4,7,11,0,0,0,Capovalle
3254,3014,6268,4419,4660,9079,2975,3205,6180,1422,2071,3493,850,905,1755,36,47,83,San Donato Milanese
286,387,673,1065,1121,2186,997,861,1858,576,713,1289,154,210,364,13,24,37,Gaggiano
25,25,50,114,117,231,167,126,293,93,127,220,60,83,143,17,28,45,Carlantino
9,11,20,31,30,61,21,21,42,30,41,71,7,18,25,0,5,5,Villa Celiera
18,25,43,45,51,96,49,40,89,34,45,79,14,26,40,2,10,12,Guardia Lombardi
26,38,64,114,101,215,92,82,174,52,81,133,27,38,65,2,4,6,Bomba
10,8,18,35,31,66,25,26,51,25,40,65,7,1,8,0,0,0,Montafia
38,38,76,149,141,290,135,136,271,104,91,195,71,76,147,13,61,74,Villanova del Battista
3,4,7,36,36,72,51,36,87,43,50,93,5,8,13,0,0,0,Bene Lario
119,152,271,611,530,1141,449,453,902,285,433,718,93,148,241,7,10,17,Mortegliano
7,16,23,58,74,132,72,55,127,53,93,146,11,5,16,1,4,5,Piozzo
560,729,1289,2989,3106,6095,3443,2854,6297,1738,2367,4105,694,760,1454,42,80,122,Senago
142,225,367,745,719,1464,876,723,1599,497,716,1213,148,169,317,10,10,20,Vanzaghello
33,31,64,105,109,214,101,74,175,39,95,134,12,18,30,1,0,1,Bagnone
106,152,258,543,511,1054,634,585,1219,362,567,929,93,118,211,10,4,14,Moretta
110,94,204,436,453,889,764,609,1373,348,501,849,218,256,474,51,78,129,Lettere
14,27,41,73,72,145,68,59,127,56,78,134,11,14,25,2,1,3,Magliano Alfieri
9,24,33,68,63,131,60,55,115,52,68,120,10,7,17,0,1,1,Maglione
14,12,26,78,79,157,96,72,168,67,77,144,19,16,35,2,2,4,Andalo Valtellino
517,584,1101,1458,1459,2917,1029,880,1909,478,735,1213,263,255,518,5,12,17,Gessate
217,275,492,782,859,1641,899,723,1622,501,578,1079,191,228,419,8,18,26,Castrocaro Terme e Terra del Sole
18,28,46,109,95,204,103,97,200,56,77,133,10,19,29,1,1,2,Campodolcino
127,166,293,518,544,1062,611,521,1132,376,543,919,134,151,285,8,23,31,Moglia
152,193,345,669,651,1320,820,644,1464,425,545,970,123,122,245,0,4,4,Cosio Valtellino
194,183,377,512,619,1131,545,459,1004,293,382,675,110,115,225,5,7,12,Garda
68,86,154,353,315,668,378,341,719,195,256,451,75,77,152,1,3,4,Villa del Conte
189,290,479,930,847,1777,925,757,1682,523,677,1200,222,257,479,13,19,32,San Martino in Rio
292,373,665,1245,1219,2464,1169,920,2089,714,922,1636,300,326,626,19,25,44,Castelnuovo Rangone
7,9,16,63,57,120,30,34,64,27,24,51,13,11,24,1,0,1,Sant'Orsola Terme
87,95,182,381,381,762,598,500,1098,270,384,654,113,128,241,11,17,28,Zimella
3,3,6,5,12,17,2,4,6,1,0,1,1,2,3,0,0,0,Tribiano
48,66,114,230,248,478,373,316,689,169,228,397,66,60,126,6,1,7,Solza
48,62,110,313,282,595,438,373,811,180,260,440,81,95,176,3,4,7,Medolago
205,277,482,1136,977,2113,881,819,1700,504,865,1369,136,206,342,5,10,15,Buja
137,171,308,480,458,938,371,305,676,146,203,349,84,76,160,2,3,5,Lavagno
22,26,48,83,61,144,62,67,129,51,49,100,24,28,52,9,28,37,Savoia di Lucania
38,54,92,247,203,450,234,187,421,123,195,318,56,78,134,1,4,5,Cimadolmo
194,247,441,828,806,1634,857,676,1533,368,521,889,177,167,344,7,8,15,Cambiago
37,45,82,120,97,217,104,109,213,114,153,267,28,60,88,7,19,26,Furci
67,92,159,255,239,494,314,256,570,138,213,351,52,77,129,4,4,8,San Giovanni in Croce
366,449,815,847,872,1719,552,507,1059,290,459,749,165,229,394,18,45,63,Telese Terme
43,56,99,210,186,396,238,206,444,151,213,364,50,41,91,2,5,7,Maser
111,136,247,540,489,1029,576,522,1098,337,484,821,91,124,215,4,5,9,Sarcedo
11,14,25,34,42,76,49,36,85,21,30,51,7,9,16,2,0,2,Cosseria
40,48,88,157,163,320,254,213,467,147,172,319,46,55,101,1,4,5,Corte Franca
7,4,11,20,9,29,8,18,26,10,10,20,4,3,7,0,0,0,Santo Stefano di Sessanio
9,15,24,27,19,46,35,30,65,15,18,33,5,4,9,0,0,0,Penango
45,63,108,349,295,644,394,339,733,318,424,742,76,122,198,4,10,14,Palazzolo dello Stella
789,975,1764,2829,2633,5462,2296,2021,4317,1231,1804,3035,455,624,1079,27,19,46,Sacile
11,19,30,48,43,91,46,39,85,30,48,78,12,6,18,0,0,0,Stella
384,503,887,1520,1441,2961,2789,2236,5025,1294,1649,2943,615,959,1574,151,395,546,Latiano
33,38,71,78,60,138,81,55,136,61,87,148,20,27,47,0,0,0,Montenero Val Cocchiara
161,199,360,566,548,1114,559,426,985,211,337,548,117,198,315,22,40,62,Sperone
49,75,124,300,288,588,288,264,552,183,236,419,65,94,159,13,36,49,Balsorano
4,7,11,36,32,68,79,68,147,33,39,72,8,15,23,0,0,0,Inverso Pinasca
19,26,45,70,73,143,107,78,185,58,63,121,12,19,31,0,1,1,Birori
52,61,113,253,269,522,445,417,862,282,298,580,101,168,269,21,23,44,Luras
115,182,297,656,690,1346,1320,1149,2469,606,701,1307,214,361,575,35,83,118,Gonnosfanadiga
150,154,304,544,489,1033,530,462,992,272,396,668,122,120,242,8,14,22,Ponte di Piave
27,28,55,60,72,132,75,51,126,39,61,100,15,28,43,2,5,7,Lapedona
394,415,809,957,1099,2056,760,653,1413,381,535,916,125,166,291,16,20,36,Taormina
128,169,297,393,434,827,606,481,1087,354,430,784,206,270,476,66,120,186,Strongoli
202,248,450,855,861,1716,1016,847,1863,597,874,1471,200,223,423,7,12,19,Sandrigo
106,136,242,443,506,949,792,629,1421,457,672,1129,212,278,490,36,47,83,Prizzi
47,45,92,193,154,347,182,192,374,117,176,293,68,99,167,11,22,33,Monforte San Giorgio
48,87,135,278,336,614,713,540,1253,366,365,731,174,279,453,26,47,73,San Vito
625,703,1328,1589,1626,3215,1297,1217,2514,664,849,1513,358,430,788,59,46,105,Trecastagni
57,53,110,195,167,362,241,182,423,132,186,318,74,118,192,20,69,89,Acquaro
201,231,432,729,829,1558,1145,942,2087,908,931,1839,506,689,1195,167,260,427,Cutro
187,237,424,632,617,1249,579,467,1046,326,436,762,125,204,329,8,20,28,Castelraimondo
42,59,101,134,124,258,116,115,231,88,112,200,34,65,99,1,7,8,Apiro
9,7,16,32,32,64,25,22,47,6,10,16,0,3,3,0,0,0,Campiglia Cervo
4,6,10,37,35,72,23,13,36,11,19,30,3,3,6,0,0,0,Formazza
11,23,34,39,30,69,40,39,79,17,21,38,5,19,24,0,3,3,Pontelatone
11,12,23,58,51,109,78,77,155,78,81,159,14,37,51,1,0,1,Civitella Paganico
8,14,22,85,68,153,101,86,187,82,87,169,42,92,134,16,24,40,Santa Caterina dello Ionio
2026,2517,4543,4850,4891,9741,3838,3229,7067,2144,2872,5016,888,1249,2137,62,151,213,Vasto
11,34,45,74,79,153,209,151,360,91,104,195,33,59,92,7,10,17,Olzai
97,170,267,249,276,525,481,340,821,267,293,560,99,158,257,12,25,37,Villagrande Strisaili
459,579,1038,1666,1694,3360,1834,1389,3223,1024,1248,2272,439,722,1161,69,108,177,Turi
26,31,57,123,116,239,150,106,256,82,110,192,34,35,69,0,4,4,Calestano
43,73,116,202,211,413,245,222,467,99,107,206,67,93,160,22,54,76,Santa Maria del Cedro
77,79,156,275,291,566,323,271,594,174,218,392,89,125,214,11,11,22,Galeata
13,12,25,41,39,80,45,39,84,26,53,79,9,20,29,2,3,5,Portico e San Benedetto
10,17,27,62,48,110,43,30,73,35,58,93,8,10,18,1,0,1,Montecreto
300,348,648,1026,949,1975,1270,1139,2409,860,993,1853,384,626,1010,57,156,213,Salice Salentino
41,53,94,208,214,422,302,234,536,180,257,437,57,132,189,8,13,21,Ariano nel Polesine
17,17,34,92,84,176,83,61,144,73,80,153,22,16,38,1,2,3,Ton
57,96,153,353,334,687,309,281,590,219,274,493,51,63,114,5,0,5,Bedonia
67,76,143,317,356,673,396,348,744,179,242,421,82,65,147,3,5,8,Tesero
5,12,17,77,81,158,105,75,180,38,53,91,22,24,46,2,5,7,Brentino Belluno
82,87,169,259,263,522,175,112,287,89,150,239,24,56,80,3,11,14,San Pietro in Guarano
32,70,102,146,139,285,137,103,240,92,99,191,35,74,109,13,22,35,Carlopoli
10,9,19,36,40,76,103,69,172,40,52,92,21,30,51,20,25,45,Nardodipace
2,3,5,15,13,28,27,23,50,29,32,61,3,3,6,1,0,1,Trasquera
29,43,72,152,147,299,225,185,410,116,127,243,74,107,181,32,69,101,Tarsia
87,71,158,438,525,963,605,377,982,206,250,456,132,168,300,48,99,147,Africo
23,29,52,54,40,94,40,32,72,39,35,74,12,18,30,1,6,7,Pettoranello del Molise
255,263,518,855,841,1696,971,894,1865,560,919,1479,193,208,401,8,18,26,Valdobbiadene
317,414,731,1026,1024,2050,1018,750,1768,544,678,1222,249,353,602,20,34,54,Fossombrone
12,25,37,83,55,138,90,79,169,39,57,96,11,19,30,8,16,24,Antonimina
319,372,691,1209,1241,2450,1133,1001,2134,578,790,1368,276,350,626,12,12,24,Casale sul Sile
186,250,436,672,670,1342,891,727,1618,448,647,1095,167,182,349,8,21,29,Gonzaga
1581,1670,3251,3732,3567,7299,2653,2422,5075,1308,2371,3679,577,687,1264,175,73,248,Mogliano Veneto
373,403,776,1007,934,1941,731,665,1396,369,558,927,152,207,359,4,10,14,Casier
35,34,69,115,108,223,134,141,275,76,98,174,19,37,56,3,3,6,Portacomaro
1161,1442,2603,3252,3303,6555,2850,2488,5338,1346,2233,3579,476,764,1240,41,38,79,Sarzana
246,288,534,1166,1179,2345,1907,1641,3548,896,1109,2005,549,860,1409,111,235,346,Taurisano
24,37,61,86,82,168,94,69,163,56,84,140,20,31,51,0,0,0,Ateleta
24,32,56,84,63,147,127,100,227,69,61,130,22,41,63,10,17,27,Limosano
233,271,504,777,718,1495,1205,1051,2256,671,896,1567,331,422,753,98,188,286,Vico del Gargano
12,6,18,49,42,91,55,60,115,30,54,84,5,9,14,1,0,1,Gabiano
14,16,30,52,44,96,80,55,135,31,59,90,14,19,33,0,1,1,Serra Sant'Abbondio
16,43,59,258,221,479,354,295,649,207,303,510,47,55,102,1,7,8,Pieve Vergonte
72,114,186,338,290,628,405,356,761,252,313,565,97,125,222,20,27,47,Portocannone
161,168,329,798,832,1630,1566,1354,2920,992,1093,2085,342,523,865,72,101,173,Comacchio
18,43,61,129,111,240,177,142,319,107,143,250,34,47,81,5,4,9,Tredozio
390,490,880,1326,1230,2556,1735,1473,3208,812,1201,2013,282,310,592,12,18,30,Orzinuovi
17,9,26,91,72,163,65,58,123,56,63,119,22,33,55,3,8,11,Scigliano
38,36,74,117,156,273,200,145,345,115,117,232,36,97,133,19,35,54,Montemurro
945,1182,2127,2658,2358,5016,1996,1845,3841,1376,1919,3295,496,806,1302,19,43,62,Osimo
36,62,98,194,219,413,208,157,365,115,141,256,34,60,94,1,4,5,Carpineti
36,30,66,87,95,182,115,83,198,49,100,149,16,33,49,3,3,6,Sogliano al Rubicone
49,56,105,144,159,303,167,156,323,104,130,234,18,28,46,1,1,2,Limone Piemonte
53,89,142,246,269,515,377,341,718,218,328,546,58,66,124,4,7,11,Revello
30,42,72,110,102,212,98,86,184,102,88,190,10,19,29,1,0,1,Entracque
3075,3693,6768,10098,10416,20514,9741,8118,17859,4829,7475,12304,1555,2339,3894,103,233,336,Massa
168,242,410,736,772,1508,925,717,1642,535,631,1166,169,232,401,7,23,30,Bibbiano
105,127,232,470,444,914,561,497,1058,257,374,631,92,120,212,5,11,16,Piobesi Torinese
128,154,282,424,360,784,332,300,632,188,245,433,78,99,177,10,42,52,Montemiletto
15,18,33,49,51,100,59,58,117,36,57,93,16,20,36,2,0,2,Fosdinovo
36,53,89,169,152,321,238,223,461,160,225,385,63,115,178,8,21,29,Rodigo
157,186,343,345,362,707,306,264,570,185,292,477,69,92,161,1,8,9,San Giuliano Terme
93,105,198,346,370,716,581,449,1030,282,474,756,74,84,158,18,21,39,Andorno Micca
35,50,85,198,205,403,209,182,391,135,171,306,62,92,154,11,21,32,Spinoso
20,37,57,147,116,263,156,146,302,79,125,204,20,37,57,0,2,2,Bagnasco
40,71,111,221,218,439,286,253,539,167,217,384,46,76,122,3,10,13,Marzabotto
60,70,130,258,281,539,353,306,659,206,264,470,70,76,146,5,4,9,Cavagnolo
299,334,633,1181,1103,2284,1078,967,2045,483,798,1281,199,310,509,13,29,42,Motta di Livenza
9,13,22,48,38,86,46,52,98,44,56,100,9,21,30,0,0,0,Cartosio
305,382,687,1219,1159,2378,1248,1040,2288,776,1093,1869,223,283,506,6,21,27,Castelleone
2203,2457,4660,6905,6804,13709,7063,6815,13878,3410,4978,8388,1194,1718,2912,125,218,343,Rivoli
8,8,16,41,38,79,38,33,71,22,28,50,12,23,35,5,5,10,Venetico
64,72,136,291,312,603,411,322,733,228,309,537,61,67,128,2,8,10,Dolzago
179,163,342,325,342,667,288,318,606,141,172,313,42,37,79,3,5,8,Campione d'Italia
6,11,17,48,55,103,93,70,163,62,68,130,7,13,20,0,1,1,Lasnigo
10,15,25,138,114,252,180,132,312,92,119,211,29,39,68,2,3,5,Licenza
260,308,568,913,890,1803,1074,913,1987,510,724,1234,161,210,371,20,30,50,Venegono Superiore
27,29,56,110,115,225,186,146,332,96,118,214,27,21,48,5,2,7,Spinone al Lago
393,450,843,971,1022,1993,1122,897,2019,697,999,1696,276,507,783,51,149,200,Novoli
982,1113,2095,3122,3052,6174,2560,2555,5115,1362,2125,3487,467,590,1057,29,57,86,Cusano Milanino
318,427,745,981,1050,2031,1057,833,1890,410,580,990,213,226,439,39,78,117,Tropea
18,21,39,66,71,137,102,105,207,70,90,160,18,28,46,1,5,6,Miagliano
173,210,383,717,736,1453,782,683,1465,444,503,947,159,240,399,19,46,65,Terme Vigliatore
514,706,1220,1947,1889,3836,1531,1412,2943,844,1090,1934,458,521,979,112,109,221,Riposto
518,707,1225,1613,1664,3277,1915,1615,3530,777,954,1731,337,468,805,31,80,111,Quartucciu
6,8,14,37,31,68,43,40,83,31,38,69,8,14,22,0,0,0,Rosora
11,14,25,31,41,72,45,29,74,22,44,66,10,18,28,0,1,1,Monte San Martino
4,9,13,42,44,86,82,58,140,18,27,45,13,19,32,1,0,1,Castiadas
131,185,316,557,523,1080,605,495,1100,317,389,706,124,142,266,6,14,20,Castello d'Argile
50,63,113,230,187,417,233,161,394,86,180,266,29,51,80,2,2,4,Castro
22,31,53,70,89,159,111,83,194,44,53,97,37,32,69,9,26,35,Sorianello
7,17,24,66,47,113,59,54,113,56,69,125,16,37,53,2,8,10,Tufillo
32,48,80,241,218,459,379,319,698,236,273,509,53,68,121,5,3,8,Polaveno
7,3,10,14,17,31,30,24,54,26,43,69,9,5,14,0,2,2,Veleso
39,69,108,269,292,561,394,302,696,185,215,400,66,63,129,1,2,3,Caino
14,14,28,56,55,111,74,46,120,37,41,78,11,13,24,1,0,1,Valpelline
29,43,72,116,113,229,148,132,280,49,87,136,41,49,90,3,11,14,Galluccio
46,90,136,177,143,320,200,157,357,118,153,271,32,81,113,8,12,20,Molinara
57,65,122,314,247,561,258,203,461,205,285,490,62,130,192,2,3,5,Scanno
11,12,23,65,65,130,84,67,151,70,100,170,13,8,21,0,1,1,Cremia
200,225,425,565,552,1117,668,650,1318,290,435,725,88,96,184,9,15,24,Saint-Vincent
1,4,5,7,13,20,11,7,18,13,12,25,1,2,3,0,0,0,Ollomont
38,55,93,204,204,408,315,226,541,141,214,355,39,61,100,9,7,16,Mignanego
17,27,44,107,93,200,123,116,239,106,142,248,14,25,39,0,5,5,Breme
22,19,41,106,98,204,101,79,180,57,117,174,10,21,31,3,5,8,Licciana Nardi
45,67,112,248,226,474,254,237,491,188,205,393,54,50,104,6,3,9,Buttigliera d'Asti
5,6,11,21,30,51,61,32,93,22,37,59,11,5,16,0,1,1,Semiana
288,308,596,1004,997,2001,1017,898,1915,601,873,1474,172,228,400,11,23,34,Vedano Olona
1269,1601,2870,4220,4131,8351,5398,4606,10004,2437,3635,6072,1221,1546,2767,200,433,633,Pagani
484,624,1108,2077,2046,4123,2512,2236,4748,1217,1794,3011,416,512,928,34,45,79,Somma Lombardo
914,1173,2087,2819,2602,5421,2029,1855,3884,1179,1641,2820,578,767,1345,31,73,104,Roseto degli Abruzzi
4,7,11,46,34,80,39,39,78,14,30,44,6,7,13,0,0,0,Cavizzana
7,4,11,34,36,70,53,45,98,23,71,94,8,8,16,0,5,5,Villa del Bosco
167,201,368,854,869,1723,1975,1739,3714,1126,1228,2354,822,870,1692,121,244,365,Isola di Capo Rizzuto
48,72,120,253,193,446,164,158,322,103,154,257,36,47,83,2,0,2,Moimacco
61,90,151,346,372,718,575,436,1011,274,367,641,98,83,181,7,14,21,Novedrate
20,26,46,138,143,281,164,133,297,93,151,244,21,44,65,3,4,7,Rocchetta Tanaro
17,28,45,95,75,170,105,96,201,70,86,156,30,39,69,6,24,30,Conflenti
159,231,390,921,858,1779,711,642,1353,370,593,963,155,148,303,1,5,6,Ponte nelle Alpi
38,35,73,135,145,280,125,109,234,110,136,246,39,34,73,0,0,0,Barbara
59,88,147,366,347,713,523,438,961,270,346,616,102,92,194,5,8,13,Misano di Gera d'Adda
163,216,379,487,538,1025,595,516,1111,299,486,785,89,127,216,7,13,20,Alto Reno Terme
20,31,51,126,121,247,127,102,229,90,127,217,28,32,60,2,2,4,Barghe
33,35,68,167,148,315,206,192,398,147,181,328,47,51,98,7,2,9,Moriago della Battaglia
18,18,36,66,62,128,75,69,144,45,66,111,28,18,46,0,3,3,Baldissero d'Alba
516,699,1215,1998,1974,3972,2383,2153,4536,1246,1794,3040,423,509,932,39,67,106,Galliate
35,53,88,196,172,368,207,175,382,112,185,297,34,59,93,3,2,5,Vo'
16,15,31,39,42,81,71,59,130,30,43,73,10,12,22,2,1,3,Rivarone
202,267,469,943,971,1914,1080,838,1918,525,763,1288,217,199,416,3,9,12,Arconate
6,10,16,44,34,78,28,22,50,34,50,84,3,6,9,0,0,0,Chies d'Alpago
44,57,101,165,142,307,149,128,277,96,127,223,24,60,84,6,28,34,Montemarano
35,48,83,99,119,218,102,82,184,59,93,152,20,31,51,3,8,11,Aiello Calabro
208,287,495,915,772,1687,1159,981,2140,523,810,1333,251,357,608,63,129,192,Roccarainola
38,51,89,185,190,375,202,196,398,91,119,210,31,41,72,1,2,3,Curtarolo
9,23,32,93,94,187,150,112,262,59,82,141,22,19,41,0,0,0,Corzano
2,3,5,38,19,57,43,43,86,44,43,87,4,6,10,1,1,2,Cusio
66,85,151,201,200,401,176,167,343,118,189,307,37,58,95,11,13,24,Trecchina
93,132,225,412,422,834,643,519,1162,303,467,770,97,110,207,4,20,24,Tromello
4,8,12,36,28,64,32,36,68,36,45,81,6,6,12,0,0,0,Casanova Lerrone
3,10,13,41,34,75,53,45,98,34,57,91,11,14,25,1,0,1,Montaldo Scarampi
19,26,45,123,139,262,244,170,414,141,199,340,56,48,104,1,1,2,Seniga
57,60,117,172,148,320,129,74,203,89,93,182,19,32,51,1,2,3,Ovindoli
8,11,19,124,137,261,162,123,285,101,149,250,26,21,47,0,0,0,Venaus
208,256,464,986,867,1853,1585,1213,2798,834,1185,2019,263,258,521,19,40,59,Calusco d'Adda
22,39,61,216,209,425,263,233,496,133,167,300,40,43,83,0,2,2,Vaie
9,13,22,35,34,69,33,22,55,24,31,55,9,13,22,0,1,1,Cinto Euganeo
48,50,98,159,143,302,148,115,263,54,95,149,27,48,75,3,4,7,Montefredane
473,554,1027,1644,1675,3319,1950,1665,3615,758,1242,2000,443,557,1000,43,83,126,Pollena Trocchia
8,6,14,34,25,59,42,26,68,17,35,52,6,9,15,0,1,1,Oldenico
45,78,123,236,250,486,359,276,635,216,327,543,71,79,150,2,9,11,Borgolavezzaro
34,42,76,106,119,225,169,121,290,109,155,264,32,27,59,1,2,3,Bogogno
72,106,178,249,256,505,299,215,514,157,243,400,66,61,127,5,4,9,Oleggio Castello
61,69,130,244,232,476,344,301,645,222,296,518,60,67,127,5,8,13,Vespolate
4,11,15,35,35,70,46,43,89,37,39,76,4,10,14,1,0,1,Monticello d'Alba
21,27,48,139,137,276,152,148,300,65,113,178,23,33,56,2,3,5,Germagnano
11,14,25,51,53,104,60,45,105,27,41,68,2,6,8,0,0,0,Fenestrelle
11,9,20,40,25,65,36,20,56,32,45,77,3,11,14,1,0,1,Campotosto
19,28,47,71,76,147,68,52,120,25,44,69,10,8,18,1,1,2,Terzo
916,1080,1996,2386,2323,4709,2368,2279,4647,1339,2079,3418,489,516,1005,30,52,82,Savigliano
59,74,133,202,211,413,177,145,322,90,149,239,35,71,106,3,6,9,Montefalco
7,3,10,18,39,57,90,52,142,49,47,96,13,23,36,0,1,1,Allai
152,167,319,462,520,982,639,593,1232,315,496,811,212,267,479,64,86,150,Delia
4,3,7,8,11,19,15,6,21,10,19,29,3,3,6,0,0,0,Villanova Biellese
66,73,139,462,479,941,458,401,859,164,217,381,113,103,216,10,16,26,Camporotondo Etneo
35,34,69,153,152,305,373,286,659,152,123,275,76,96,172,32,84,116,Rofrano
514,649,1163,1374,1410,2784,961,821,1782,640,731,1371,311,404,715,77,171,248,Trebisacce
152,192,344,588,560,1148,524,479,1003,336,468,804,145,186,331,11,39,50,Pietramelara
16,11,27,65,33,98,40,38,78,27,40,67,9,13,22,4,18,22,Sant'Arcangelo Trimonte
47,41,88,108,93,201,114,107,221,70,95,165,21,58,79,4,11,15,Ficarra
121,146,267,390,395,785,417,360,777,193,299,492,70,79,149,3,11,14,Abbadia Lariana
40,49,89,263,236,499,411,317,728,195,237,432,53,121,174,14,13,27,Perdasdefogu
8,9,17,23,40,63,111,84,195,64,72,136,16,39,55,0,5,5,Senis
479,589,1068,2067,2013,4080,3727,3272,6999,1678,1959,3637,1200,1443,2643,217,367,584,Casal di Principe
71,86,157,274,274,548,437,380,817,182,226,408,122,141,263,40,40,80,Nissoria
125,107,232,340,418,758,510,456,966,329,435,764,161,224,385,81,74,155,Gagliano Castelferrato
9,17,26,84,66,150,55,65,120,34,58,92,24,25,49,3,1,4,Pagliara
23,25,48,124,112,236,125,120,245,63,91,154,19,21,40,2,3,5,Castelnuovo
40,41,81,187,150,337,146,136,282,124,196,320,19,24,43,2,1,3,Castello Tesino
410,552,962,1614,1820,3434,1983,1539,3522,1331,1790,3121,350,471,821,22,43,65,Calenzano
27,32,59,118,147,265,178,124,302,96,137,233,29,58,87,4,5,9,Pieve Torina
136,206,342,565,638,1203,697,512,1209,407,545,952,146,178,324,4,17,21,Capannoli
259,294,553,581,690,1271,884,720,1604,406,431,837,134,241,375,17,47,64,Lanusei
86,100,186,300,233,533,333,242,575,282,378,660,87,143,230,15,60,75,Vallecorsa
97,125,222,380,363,743,439,346,785,220,299,519,88,128,216,11,19,30,Notaresco
862,1216,2078,5441,5631,11072,5908,4951,10859,2365,3082,5447,1082,1392,2474,83,175,258,Fiumicino
23,37,60,128,127,255,169,143,312,115,114,229,56,105,161,18,35,53,Guardialfiera
16,29,45,132,143,275,233,197,430,144,130,274,48,32,80,6,6,12,Berzo San Fermo
8,14,22,40,38,78,43,26,69,29,35,64,11,5,16,1,2,3,Sant'Anatolia di Narco
5,11,16,51,53,104,45,22,67,45,62,107,10,30,40,2,2,4,Pennapiedimonte
380,498,878,1976,1671,3647,3028,2508,5536,1295,1846,3141,623,948,1571,222,448,670,San Felice a Cancello
5,8,13,30,23,53,28,15,43,32,35,67,3,11,14,3,10,13,San Pietro in Amantea
3,6,9,12,16,28,23,14,37,17,25,42,3,11,14,1,1,2,Laureana Cilento
20,43,63,154,166,320,257,207,464,155,210,365,71,78,149,3,4,7,Acquafredda
45,57,102,133,110,243,80,64,144,108,109,217,24,48,72,3,18,21,Posta Fibreno
44,47,91,186,158,344,197,178,375,88,104,192,37,32,69,4,11,15,Gazzo
21,23,44,73,49,122,79,69,148,64,71,135,12,27,39,4,7,11,Bagnolo di Po
152,201,353,681,679,1360,763,678,1441,469,542,1011,153,179,332,9,21,30,Cadeo
9,9,18,59,50,109,61,52,113,60,56,116,10,16,26,1,0,1,Camerata Nuova
45,51,96,247,281,528,333,263,596,191,243,434,58,106,164,10,16,26,Bellegra
113,136,249,483,448,931,499,419,918,254,450,704,90,114,204,4,6,10,Villa Bartolomea
376,428,804,1218,1228,2446,1091,1093,2184,548,912,1460,171,263,434,8,12,20,Peschiera del Garda
98,119,217,484,429,913,636,534,1170,421,536,957,141,174,315,14,19,33,Sernaglia della Battaglia
322,383,705,1230,1217,2447,1314,1130,2444,765,1239,2004,269,258,527,15,25,40,Soresina
55,78,133,244,268,512,317,250,567,166,195,361,65,75,140,2,7,9,Martignana di Po
284,361,645,1435,1199,2634,2357,1871,4228,916,1346,2262,480,627,1107,82,160,242,Sant'Arpino
19,22,41,102,89,191,116,100,216,74,102,176,23,22,45,3,2,5,Bonavigo
88,83,171,375,433,808,441,410,851,346,446,792,141,194,335,32,34,66,Castellana Sicula
71,108,179,320,297,617,281,280,561,239,286,525,68,85,153,10,14,24,Oliveri
76,91,167,318,315,633,497,394,891,308,391,699,132,111,243,5,9,14,Bulciago
27,44,71,128,161,289,310,234,544,160,184,344,119,117,236,32,49,81,Francica
208,253,461,720,727,1447,1378,1246,2624,631,828,1459,380,546,926,115,119,234,Agira
131,134,265,525,621,1146,819,651,1470,512,609,1121,213,360,573,56,62,118,Centuripe
87,118,205,358,330,688,286,226,512,168,184,352,59,46,105,0,2,2,Pomarolo
60,79,139,208,187,395,290,269,559,177,214,391,85,118,203,44,75,119,Cardinale
204,233,437,624,606,1230,521,493,1014,268,426,694,99,95,194,7,7,14,Cernusco Lombardone
47,58,105,231,246,477,335,257,592,180,235,415,50,44,94,1,6,7,Copiano
106,149,255,355,368,723,424,376,800,214,301,515,78,78,156,8,11,19,Gemonio
1,6,7,17,15,32,12,6,18,9,11,20,1,2,3,0,0,0,Montasola
194,226,420,707,736,1443,896,738,1634,394,514,908,175,177,352,5,6,11,Brusaporto
11,21,32,35,40,75,46,39,85,30,35,65,14,21,35,2,3,5,Moresco
158,244,402,888,911,1799,1156,905,2061,669,880,1549,209,244,453,14,24,38,Porcari
19,17,36,79,81,160,149,119,268,83,114,197,39,46,85,1,3,4,Viadanica
76,115,191,397,378,775,497,399,896,242,266,508,114,105,219,4,7,11,Azzano Mella
35,50,85,274,233,507,273,230,503,186,282,468,31,39,70,3,6,9,San Siro
105,91,196,307,335,642,374,278,652,209,250,459,144,213,357,40,66,106,Longobucco
25,30,55,106,103,209,86,80,166,51,75,126,22,24,46,3,2,5,Poggio Catino
55,67,122,238,263,501,373,288,661,209,259,468,69,65,134,0,1,1,Selvino
7,4,11,34,25,59,24,29,53,7,13,20,6,1,7,0,0,0,Duno
27,39,66,126,132,258,173,164,337,101,127,228,28,32,60,1,3,4,Villanova Canavese
1298,1676,2974,4460,4468,8928,4740,4066,8806,2736,3552,6288,1154,1638,2792,191,346,537,Lucera
28,38,66,58,68,126,68,74,142,37,57,94,15,15,30,0,0,0,Muzzano
144,206,350,628,602,1230,708,617,1325,476,637,1113,208,362,570,31,72,103,Sannicola
948,1200,2148,3537,3275,6812,4325,3563,7888,2283,3032,5315,849,1100,1949,143,187,330,Terlizzi
29,45,74,95,89,184,126,94,220,42,56,98,26,39,65,3,5,8,Basciano
59,65,124,160,131,291,117,92,209,77,96,173,23,60,83,2,9,11,Oratino
85,104,189,352,345,697,510,471,981,290,416,706,89,114,203,6,8,14,Cavour
40,67,107,250,211,461,370,338,708,196,370,566,43,54,97,6,12,18,Robecco d'Oglio
52,71,123,259,285,544,342,263,605,121,132,253,58,67,125,1,3,4,Ceranova
121,176,297,548,501,1049,700,556,1256,463,569,1032,152,258,410,16,28,44,Vignanello
12,26,38,120,129,249,140,92,232,44,56,100,29,51,80,8,5,13,Motteggiana
51,73,124,223,237,460,280,217,497,197,260,457,43,48,91,4,1,5,Bernate Ticino
11,16,27,76,68,144,112,70,182,67,91,158,16,25,41,1,3,4,Castel d'Aiano
71,89,160,421,382,803,407,372,779,202,274,476,71,107,178,5,4,9,Salgareda
67,79,146,333,322,655,503,412,915,201,276,477,103,83,186,6,3,9,San Giovanni Ilarione
171,209,380,685,632,1317,845,704,1549,454,630,1084,217,215,432,9,15,24,Monteforte d'Alpone
3,4,7,8,4,12,6,5,11,7,4,11,0,2,2,0,0,0,Stregna
20,28,48,97,83,180,69,78,147,58,68,126,17,13,30,0,0,0,Pianezze
402,556,958,1545,1633,3178,2825,2196,5021,1561,1979,3540,748,1164,1912,142,286,428,Sava
157,180,337,567,568,1135,576,508,1084,349,496,845,122,144,266,8,11,19,Fontanellato
94,110,204,310,330,640,472,419,891,269,417,686,73,80,153,2,8,10,Ome
36,54,90,334,269,603,279,250,529,172,320,492,51,85,136,6,4,10,Fonzaso
3801,4237,8038,9278,9221,18499,7902,7450,15352,3330,5505,8835,1567,1716,3283,109,182,291,Legnano
117,170,287,640,603,1243,691,542,1233,317,471,788,127,132,259,7,6,13,Albairate
20,26,46,135,110,245,112,105,217,50,60,110,33,19,52,1,2,3,Agugliaro
32,61,93,198,215,413,190,156,346,149,226,375,43,32,75,0,1,1,Nomi
17,29,46,110,102,212,93,65,158,59,91,150,17,9,26,0,1,1,Lovero
214,303,517,938,922,1860,1362,1200,2562,639,919,1558,263,268,531,25,19,44,Castegnato
82,104,186,526,546,1072,869,672,1541,427,608,1035,126,169,295,16,22,38,Gottolengo
34,56,90,191,166,357,189,194,383,121,173,294,39,47,86,3,3,6,Bistagno
11,20,31,36,28,64,51,34,85,36,50,86,8,13,21,0,2,2,Camerano Casasco
24,39,63,137,102,239,94,93,187,43,107,150,18,19,37,0,0,0,Cavazzo Carnico
24,41,65,148,122,270,189,146,335,84,85,169,34,62,96,7,18,25,Candida
76,101,177,355,283,638,243,228,471,180,290,470,55,60,115,4,2,6,Povoletto
8,5,13,10,20,30,32,20,52,19,35,54,7,16,23,2,6,8,Castelguidone
17,29,46,78,88,166,84,75,159,41,51,92,13,20,33,0,2,2,Campagnola Cremasca
236,332,568,789,774,1563,787,711,1498,328,477,805,136,154,290,10,17,27,Almese
66,106,172,178,186,364,352,273,625,149,174,323,50,60,110,5,10,15,Sorgono
20,33,53,186,180,366,508,386,894,231,209,440,128,167,295,27,28,55,Escalaplano
151,142,293,414,510,924,907,788,1695,413,631,1044,186,269,455,37,46,83,Chiaramonte Gulfi
91,82,173,320,331,651,559,463,1022,330,526,856,160,240,400,45,49,94,Ciminna
14,24,38,93,84,177,127,126,253,91,122,213,15,17,32,2,2,4,Lozzolo
52,51,103,236,219,455,281,264,545,177,270,447,32,38,70,1,4,5,Val di Zoldo
173,272,445,816,787,1603,688,545,1233,378,513,891,206,316,522,54,95,149,Cotronei
12,8,20,43,40,83,43,48,91,35,34,69,7,14,21,4,6,10,Filandari
19,19,38,89,74,163,71,73,144,34,58,92,16,15,31,0,2,2,Perosa Canavese
1352,1592,2944,3210,3392,6602,2666,2338,5004,1225,1867,3092,455,752,1207,27,59,86,Frascati
14,15,29,68,38,106,87,51,138,69,85,154,30,63,93,6,19,25,Macchia Valfortore
159,164,323,589,587,1176,1060,911,1971,598,743,1341,259,385,644,25,71,96,San Paolo di Civitate
184,247,431,558,503,1061,637,538,1175,355,527,882,135,251,386,12,34,46,Acquapendente
778,927,1705,2536,2526,5062,2344,2079,4423,805,1470,2275,422,531,953,47,112,159,Capua
6,11,17,49,47,96,58,52,110,48,46,94,9,17,26,1,3,4,Monteverdi Marittimo
82,114,196,314,303,617,323,236,559,144,237,381,51,96,147,6,14,20,Arcidosso
1187,1490,2677,3992,3680,7672,5320,4245,9565,2554,3643,6197,1015,1702,2717,230,578,808,Grottaglie
11,14,25,65,52,117,76,61,137,54,53,107,20,26,46,3,10,13,Fossato Serralta
73,144,217,508,515,1023,721,670,1391,444,456,900,154,204,358,29,41,70,Gonnesa
21,69,90,139,229,368,445,327,772,273,286,559,93,98,191,11,16,27,Orotelli
24,77,101,129,155,284,346,250,596,211,247,458,83,138,221,11,8,19,Sarule
227,381,608,855,857,1712,967,817,1784,686,848,1534,202,360,562,10,32,42,Sinalunga
123,146,269,480,536,1016,679,622,1301,386,421,807,132,159,291,14,30,44,Modigliana
10,12,22,65,56,121,60,44,104,45,60,105,15,34,49,1,5,6,Pizzoferrato
240,296,536,1019,999,2018,1561,1343,2904,722,934,1656,423,649,1072,94,173,267,Ugento
280,381,661,1291,1338,2629,1095,975,2070,598,788,1386,211,198,409,10,18,28,Mori
901,1008,1909,2853,2729,5582,2880,2516,5396,1432,2174,3606,610,900,1510,114,156,270,Gallipoli
51,75,126,153,125,278,130,85,215,129,145,274,40,76,116,15,33,48,Cerchiara di Calabria
305,425,730,1468,1476,2944,1576,1303,2879,826,1057,1883,426,552,978,41,82,123,Massa Lubrense
24,14,38,51,56,107,49,43,92,33,48,81,6,17,23,2,4,6,Castro dei Volsci
549,679,1228,2323,2321,4644,2275,2080,4355,1220,1731,2951,457,501,958,22,23,45,Bussolengo
150,177,327,527,466,993,512,474,986,255,363,618,133,159,292,31,49,80,Alife
17,15,32,69,79,148,123,74,197,73,75,148,48,61,109,8,26,34,Ginestra
40,60,100,143,160,303,134,153,287,65,92,157,37,36,73,1,0,1,Canazei
208,261,469,611,603,1214,419,391,810,290,348,638,105,179,284,6,22,28,Spoltore
52,41,93,159,165,324,150,134,284,84,130,214,38,83,121,5,9,14,Montagano
89,113,202,439,388,827,354,310,664,229,386,615,59,60,119,2,5,7,Domegge di Cadore
8,8,16,42,37,79,30,20,50,12,14,26,1,9,10,0,0,0,Capriata d'Orba
3,3,6,11,16,27,17,12,29,9,8,17,0,3,3,0,0,0,Valsavarenche
22,48,70,91,107,198,95,68,163,70,88,158,31,20,51,2,2,4,Palagano
253,305,558,966,916,1882,876,897,1773,342,681,1023,113,170,283,2,8,10,Cormons
424,547,971,1988,1771,3759,2960,2534,5494,1473,1984,3457,639,666,1305,44,73,117,Ghedi
95,131,226,330,307,637,420,358,778,292,372,664,92,120,212,3,27,30,Buonconvento
9,19,28,72,54,126,92,87,179,48,63,111,20,33,53,1,5,6,Monsampolo del Tronto
34,47,81,162,137,299,255,236,491,158,205,363,69,100,169,9,18,27,Chieuti
17,22,39,64,60,124,59,58,117,52,64,116,16,36,52,1,3,4,Macchiagodena
1,4,5,13,13,26,45,34,79,29,34,63,7,3,10,0,0,0,Valstrona
425,603,1028,1306,1413,2719,1187,1038,2225,758,1028,1786,267,391,658,10,26,36,Castenaso
36,50,86,230,203,433,342,307,649,312,364,676,64,84,148,5,1,6,Bagolino
62,76,138,382,372,754,519,428,947,288,372,660,92,89,181,4,4,8,San Giovanni Bianco
217,302,519,839,937,1776,1063,790,1853,561,861,1422,164,220,384,10,10,20,Vecchiano
60,82,142,245,226,471,249,223,472,107,145,252,44,64,108,0,5,5,Gradara
2024,2432,4456,5728,6231,11959,4876,4330,9206,2594,4261,6855,798,949,1747,67,122,189,Voghera
9,13,22,47,56,103,80,41,121,28,39,67,13,17,30,4,11,15,Bianchi
145,204,349,660,787,1447,813,773,1586,442,659,1101,114,163,277,14,11,25,Andora
34,59,93,153,147,300,177,161,338,107,141,248,33,29,62,1,0,1,Calice Ligure
26,62,88,217,215,432,198,198,396,131,152,283,50,58,108,2,3,5,Varano de' Melegari
26,42,68,186,183,369,144,127,271,137,180,317,28,32,60,2,3,5,Falcade
135,186,321,653,628,1281,721,618,1339,370,447,817,120,188,308,6,8,14,San Francesco al Campo
309,420,729,1349,1281,2630,1362,1268,2630,620,871,1491,266,288,554,8,21,29,San Maurizio Canavese
13,16,29,55,39,94,89,71,160,69,98,167,21,43,64,11,24,35,San Donato di Ninea
2,1,3,22,16,38,42,25,67,32,43,75,7,1,8,0,0,0,Calasca-Castiglione
111,198,309,408,463,871,498,372,870,353,499,852,74,140,214,6,5,11,San Gimignano
1110,1327,2437,3354,3805,7159,4348,3761,8109,2464,3409,5873,716,1018,1734,48,47,95,Camaiore
2,2,4,32,25,57,31,24,55,26,37,63,4,3,7,0,0,0,Barcis
1189,1488,2677,6134,6307,12441,8446,7484,15930,4226,5490,9716,1622,2067,3689,136,270,406,Nichelino
524,601,1125,1827,1879,3706,2149,1740,3889,1197,1772,2969,370,434,804,16,32,48,Caravaggio
113,180,293,619,611,1230,758,610,1368,465,618,1083,125,133,258,8,15,23,Dorno
75,84,159,274,335,609,417,308,725,182,214,396,64,75,139,3,13,16,Villanova d'Albenga
113,163,276,575,561,1136,600,537,1137,224,350,574,101,142,243,5,15,20,Carsoli
44,45,89,209,208,417,249,170,419,134,183,317,59,96,155,29,50,79,Zagarise
0,2,2,7,6,13,4,4,8,1,3,4,1,1,2,0,0,0,Camerana
218,319,537,831,876,1707,835,731,1566,496,573,1069,186,240,426,6,17,23,Granarolo dell'Emilia
3,8,11,57,39,96,47,35,82,33,79,112,7,17,24,0,0,0,Saviore dell'Adamello
21,23,44,84,85,169,98,76,174,56,85,141,10,11,21,0,1,1,Sampeyre
688,895,1583,2285,2117,4402,1545,1304,2849,851,1297,2148,393,534,927,35,77,112,Vico Equense
9,12,21,42,58,100,105,70,175,43,62,105,28,51,79,6,25,31,Roccaforte del Greco
19,25,44,99,95,194,128,103,231,89,155,244,22,21,43,5,6,11,Costanzana
32,43,75,169,136,305,194,172,366,154,193,347,23,33,56,3,1,4,Corte de' Frati
146,204,350,512,519,1031,553,467,1020,250,325,575,91,151,242,6,15,21,Montalto Dora
98,112,210,227,237,464,215,170,385,93,158,251,30,44,74,2,4,6,Cascinette d'Ivrea
42,67,109,192,216,408,373,330,703,227,228,455,70,130,200,25,37,62,Santadi
95,105,200,378,330,708,397,388,785,219,263,482,131,150,281,33,58,91,Limbadi
73,84,157,319,397,716,512,411,923,350,380,730,128,184,312,8,21,29,Monterosso Almo
33,35,68,197,190,387,271,246,517,156,207,363,100,108,208,24,14,38,Giardinello
213,387,600,1102,1149,2251,1665,1338,3003,783,889,1672,257,447,704,26,74,100,San Gavino Monreale
49,58,107,140,145,285,231,188,419,105,123,228,62,95,157,6,25,31,Urzulei
87,91,178,256,235,491,229,241,470,105,152,257,55,55,110,0,0,0,Reano
67,97,164,560,477,1037,417,355,772,235,431,666,93,99,192,2,4,6,Castel Ivano
88,79,167,264,233,497,336,306,642,194,230,424,115,145,260,29,80,109,Varapodio
2181,2629,4810,4985,5110,10095,3763,3152,6915,2131,2904,5035,780,1211,1991,65,220,285,Lanciano
90,98,188,326,325,651,616,514,1130,390,492,882,273,372,645,63,94,157,Carpino
3,3,6,1,5,6,5,4,9,4,8,12,1,1,2,0,0,0,Casteldelci
41,79,120,131,156,287,314,235,549,147,157,304,59,108,167,8,5,13,Ulassai
476,552,1028,1731,1611,3342,1095,1015,2110,750,1157,1907,287,466,753,24,58,82,Gualdo Tadino
284,384,668,1048,982,2030,805,827,1632,371,571,942,247,195,442,27,11,38,Levico Terme
86,101,187,292,297,589,334,283,617,216,293,509,112,152,264,4,15,19,Treia
54,79,133,314,294,608,483,384,867,245,384,629,81,101,182,3,2,5,Gallicano
16,30,46,117,89,206,114,105,219,78,116,194,18,25,43,0,0,0,Beura-Cardezza
4,7,11,9,10,19,21,18,39,16,11,27,2,3,5,0,2,2,Casalattico
52,57,109,154,176,330,234,174,408,171,185,356,54,89,143,41,58,99,Soveria Simeri
189,257,446,583,680,1263,1062,732,1794,739,789,1528,277,462,739,20,50,70,Monte San Giusto
54,73,127,239,170,409,219,203,422,185,215,400,43,98,141,3,1,4,Morro d'Alba
318,481,799,1368,1434,2802,2179,1706,3885,1384,1871,3255,444,694,1138,49,108,157,Castelfiorentino
14,35,49,89,105,194,257,200,457,152,126,278,61,93,154,20,34,54,Gesturi
4,2,6,34,38,72,48,59,107,44,55,99,12,10,22,1,0,1,Pratiglione
113,176,289,274,306,580,542,412,954,251,332,583,101,170,271,5,8,13,Jerzu
317,428,745,803,792,1595,606,486,1092,286,435,721,141,233,374,6,11,17,Guardiagrele
171,138,309,368,359,727,208,181,389,122,191,313,58,79,137,8,37,45,Gesualdo
18,20,38,111,132,243,122,85,207,91,103,194,17,24,41,6,7,13,Calendasco
52,77,129,264,292,556,271,208,479,127,220,347,28,54,82,2,2,4,Fanano
80,75,155,163,145,308,110,105,215,43,83,126,13,27,40,1,2,3,Atina
624,790,1414,1961,1824,3785,1918,1762,3680,1021,1540,2561,366,624,990,35,59,94,Piove di Sacco
10,13,23,49,29,78,39,38,77,35,39,74,13,7,20,0,0,0,Piozzano
79,122,201,295,261,556,333,299,632,158,173,331,111,146,257,38,70,108,San Mauro Marchesato
357,458,815,1332,1247,2579,1393,1165,2558,797,1144,1941,364,566,930,53,87,140,Alberobello
31,36,67,112,121,233,120,113,233,91,116,207,41,49,90,17,46,63,Bagaladi
302,375,677,1162,1052,2214,1084,993,2077,415,685,1100,184,192,376,3,8,11,Staranzano
202,206,408,513,503,1016,805,656,1461,447,548,995,250,393,643,61,105,166,Irsina
69,78,147,224,246,470,278,189,467,197,227,424,129,161,290,23,80,103,Baselice
36,47,83,143,128,271,150,121,271,104,161,265,32,40,72,3,11,14,Ortelle
217,321,538,736,687,1423,915,770,1685,455,657,1112,153,175,328,8,12,20,Passirano
57,61,118,298,300,598,360,272,632,270,364,634,64,56,120,4,4,8,Chiesa in Valmalenco
14,19,33,46,40,86,58,38,96,26,43,69,1,8,9,0,1,1,Guardabosone
65,98,163,349,334,683,331,318,649,209,262,471,66,130,196,5,11,16,San Lorenzo in Campo
85,85,170,259,244,503,210,157,367,108,166,274,36,63,99,2,10,12,Roccasecca
2,3,5,9,7,16,7,7,14,6,5,11,1,0,1,0,1,1,Fobello
648,925,1573,2396,2333,4729,2865,2249,5114,1565,2475,4040,532,813,1345,41,112,153,Figline e Incisa Valdarno
34,51,85,140,131,271,171,130,301,98,145,243,46,67,113,4,15,19,Toro
34,47,81,202,193,395,252,192,444,129,150,279,44,56,100,2,7,9,Londa
17,24,41,79,76,155,94,85,179,53,71,124,10,19,29,0,0,0,San Sebastiano da Po
818,1003,1821,3474,3736,7210,5031,4023,9054,3067,3799,6866,1232,1527,2759,235,376,611,Canosa di Puglia
152,238,390,648,629,1277,825,696,1521,481,696,1177,137,147,284,4,12,16,Verzuolo
1122,1340,2462,2932,2886,5818,2204,1943,4147,1104,1549,2653,520,706,1226,47,107,154,Agropoli
53,66,119,161,157,318,133,95,228,77,114,191,11,26,37,1,8,9,Poppi
75,106,181,246,217,463,244,226,470,139,172,311,55,88,143,6,37,43,Bucchianico
811,1039,1850,2660,2596,5256,2365,1993,4358,1049,1617,2666,504,644,1148,29,75,104,Minturno
304,375,679,1052,1020,2072,1270,1135,2405,692,973,1665,290,407,697,52,97,149,Lequile
37,45,82,138,131,269,123,112,235,123,139,262,56,80,136,32,52,84,San Chirico Raparo
390,492,882,1574,1595,3169,1469,1189,2658,1101,1290,2391,558,731,1289,208,349,557,Cassano all'Ionio
39,56,95,157,152,309,180,144,324,87,128,215,21,31,52,0,1,1,Amatrice
266,377,643,1376,1246,2622,1405,1235,2640,883,1095,1978,279,477,756,22,44,66,Maranello
98,157,255,482,449,931,480,386,866,310,408,718,93,137,230,8,11,19,San Cesario sul Panaro
34,48,82,155,149,304,171,162,333,118,120,238,91,93,184,24,15,39,Lunano
0,0,0,4,2,6,4,2,6,2,2,4,1,0,1,0,0,0,Marmora
43,63,106,172,152,324,133,128,261,84,122,206,26,25,51,0,1,1,La Morra
1,2,3,14,15,29,13,11,24,11,17,28,1,0,1,0,0,0,Mombarcaro
40,64,104,238,195,433,324,299,623,212,275,487,73,67,140,9,6,15,Magliano Alpi
85,97,182,408,355,763,443,433,876,253,307,560,94,113,207,5,6,11,Torrazza Piemonte
0,1,1,11,11,22,23,14,37,17,16,33,1,4,5,0,0,0,Balocco
212,208,420,510,572,1082,466,432,898,210,302,512,125,198,323,36,52,88,Bianco
279,354,633,1515,1395,2910,1794,1611,3405,884,1236,2120,293,412,705,19,34,53,Santena
1738,2263,4001,4396,4789,9185,3092,3236,6328,1620,2866,4486,602,688,1290,44,77,121,Chiavari
155,190,345,522,499,1021,424,399,823,190,264,454,66,85,151,2,3,5,Bardonecchia
220,307,527,876,844,1720,1066,1020,2086,652,880,1532,216,359,575,8,50,58,Codigoro
22,37,59,85,84,169,105,96,201,85,139,224,14,16,30,1,2,3,Graglia
3,7,10,19,21,40,33,32,65,27,27,54,8,12,20,2,1,3,Castelletto Cervo
1,1,2,9,9,18,7,5,12,17,14,31,1,1,2,0,0,0,Lozio
27,25,52,146,131,277,208,169,377,125,156,281,30,42,72,6,3,9,San Giorgio di Lomellina
90,110,200,290,249,539,248,227,475,121,174,295,48,99,147,8,51,59,Nusco
35,59,94,257,244,501,536,432,968,265,366,631,74,94,168,3,4,7,Val Brembilla
31,36,67,155,164,319,190,159,349,107,155,262,56,56,112,0,2,2,Fontanelice
484,644,1128,1615,1767,3382,1553,1238,2791,1034,1317,2351,343,529,872,17,50,67,Castel San Pietro Terme
14,22,36,73,48,121,56,48,104,45,69,114,21,23,44,0,4,4,Castel San Vincenzo
555,860,1415,2264,1985,4249,1479,1442,2921,951,1411,2362,308,478,786,16,45,61,Sansepolcro
26,30,56,153,189,342,196,148,344,113,107,220,47,41,88,1,0,1,Viano
13,17,30,66,61,127,57,58,115,32,52,84,13,26,39,7,6,13,Pedivigliano
55,71,126,268,259,527,310,232,542,187,264,451,62,67,129,2,3,5,Gaiarine
6,10,16,39,45,84,110,88,198,60,63,123,25,37,62,11,19,30,Montresta
20,29,49,89,87,176,170,119,289,113,146,259,22,40,62,8,6,14,Collinas
3,14,17,58,53,111,123,80,203,58,80,138,12,26,38,6,3,9,Lei
112,124,236,616,585,1201,840,855,1695,332,453,785,195,287,482,63,40,103,Montelepre
28,43,71,136,148,284,263,213,476,141,151,292,40,53,93,6,8,14,Baratili San Pietro
125,160,285,454,495,949,625,594,1219,351,411,762,147,224,371,48,56,104,Francavilla di Sicilia
37,43,80,174,178,352,305,256,561,178,285,463,81,150,231,26,30,56,Caronia
6,19,25,95,67,162,78,62,140,65,98,163,24,35,59,5,9,14,Mandanici
1632,1923,3555,5961,5793,11754,7345,6149,13494,3654,4830,8484,2218,3002,5220,436,473,909,Mazara del Vallo
159,192,351,615,597,1212,671,546,1217,315,431,746,92,119,211,7,12,19,Sulbiate
1030,1484,2514,3348,3647,6995,4016,3355,7371,1609,1961,3570,629,836,1465,80,117,197,Selargius
19,25,44,87,96,183,120,83,203,32,55,87,18,23,41,3,7,10,San Clemente
67,110,177,177,176,353,262,198,460,140,214,354,56,91,147,10,12,22,Scano di Montiferro
297,389,686,1099,1150,2249,1150,950,2100,611,871,1482,208,239,447,14,29,43,Rovellasca
186,212,398,701,842,1543,978,884,1862,590,731,1321,384,490,874,79,86,165,Santa Margherita di Belice
56,62,118,183,214,397,294,315,609,256,282,538,128,199,327,17,24,41,Alimena
80,117,197,440,473,913,946,848,1794,520,581,1101,295,410,705,67,67,134,Cerda
44,60,104,206,160,366,255,216,471,135,149,284,56,80,136,15,39,54,Bucciano
10,14,24,46,52,98,64,49,113,45,67,112,8,23,31,1,1,2,Cossignano
378,547,925,1647,1658,3305,2191,1763,3954,1314,1619,2933,524,839,1363,79,110,189,Polignano a Mare
31,46,77,212,147,359,196,190,386,111,135,246,38,58,96,13,34,47,Albano di Lucania
32,82,114,262,307,569,571,443,1014,349,374,723,73,130,203,17,27,44,Uras
4,6,10,20,30,50,57,40,97,37,44,81,10,16,26,3,1,4,Pompu
10,29,39,69,89,158,219,164,383,86,110,196,41,66,107,15,9,24,Guamaggiore
31,34,65,112,110,222,129,95,224,59,96,155,32,43,75,3,6,9,Zaccanopoli
18,18,36,79,73,152,53,56,109,44,61,105,17,10,27,0,0,0,Sernio
54,89,143,276,244,520,220,202,422,171,188,359,68,71,139,11,24,35,Ionadi
242,278,520,873,751,1624,811,758,1569,504,797,1301,187,315,502,25,79,104,Poggiardo
33,62,95,231,201,432,265,227,492,138,173,311,51,82,133,3,4,7,Piandimeleto
16,23,39,66,79,145,123,86,209,47,61,108,67,96,163,4,13,17,Cicerale
386,576,962,1546,1509,3055,1277,1048,2325,755,986,1741,352,535,887,40,57,97,Marsciano
9,20,29,85,78,163,82,63,145,55,106,161,8,12,20,1,2,3,Pieve Tesino
62,67,129,250,228,478,232,207,439,102,170,272,49,70,119,0,6,6,Arrone
34,48,82,196,192,388,202,155,357,130,161,291,36,52,88,2,3,5,Ossago Lodigiano
19,21,40,67,83,150,104,64,168,86,97,183,14,28,42,2,5,7,Montegabbione
14,17,31,97,84,181,132,108,240,76,108,184,14,36,50,1,2,3,Cergnago
20,29,49,99,94,193,141,118,259,68,70,138,36,28,64,2,7,9,Marzano
68,130,198,338,328,666,326,278,604,202,289,491,67,82,149,6,9,15,Gragnano Trebbiense
301,382,683,798,713,1511,575,476,1051,336,472,808,116,142,258,2,3,5,Pagnacco
363,394,757,1124,1048,2172,957,884,1841,440,676,1116,173,231,404,4,10,14,Preganziol
59,88,147,370,329,699,449,393,842,347,431,778,60,104,164,2,3,5,Castagnaro
31,23,54,157,134,291,96,84,180,70,87,157,24,41,65,1,4,5,Marano Equo
111,165,276,459,470,929,372,307,679,181,247,428,81,137,218,9,33,42,Bevagna
43,60,103,165,153,318,139,120,259,97,134,231,23,32,55,4,4,8,Redavalle
24,18,42,74,65,139,81,75,156,84,100,184,24,37,61,7,12,19,Martirano Lombardo
413,536,949,1812,1905,3717,3227,2527,5754,1341,1937,3278,824,951,1775,209,227,436,Terzigno
14,17,31,88,86,174,99,82,181,63,80,143,10,16,26,0,2,2,Fusine
58,87,145,233,236,469,393,298,691,187,186,373,76,114,190,15,13,28,Posada
7,11,18,23,29,52,44,42,86,32,41,73,8,16,24,3,3,6,Capri Leone
91,131,222,383,404,787,458,389,847,276,445,721,109,136,245,4,23,27,Fornovo di Taro
500,492,992,1464,1350,2814,1358,1164,2522,533,780,1313,230,324,554,28,43,71,Sabaudia
196,281,477,745,844,1589,964,729,1693,648,735,1383,253,354,607,27,37,64,Fusignano
25,16,41,124,125,249,203,172,375,121,181,302,39,63,102,4,6,10,Castelbaldo
41,32,73,91,116,207,114,86,200,52,65,117,15,16,31,0,1,1,Bedero Valcuvia
161,189,350,702,725,1427,954,746,1700,507,758,1265,139,167,306,13,19,32,Solbiate Olona
11,25,36,117,137,254,195,129,324,78,102,180,27,26,53,1,2,3,Quintano
10,14,24,75,67,142,67,47,114,34,44,78,7,10,17,1,0,1,Castellar Guidobono
16,15,31,76,69,145,79,68,147,63,68,131,15,11,26,0,1,1,Laino
51,84,135,275,280,555,288,221,509,203,211,414,89,85,174,0,3,3,Mordano
51,73,124,199,208,407,275,239,514,99,142,241,46,72,118,12,19,31,Pago del Vallo di Lauro
189,210,399,703,695,1398,565,509,1074,282,402,684,100,155,255,5,8,13,Lacco Ameno
38,36,74,135,143,278,148,135,283,68,118,186,28,41,69,3,9,12,Villalvernia
38,62,100,233,251,484,365,283,648,166,233,399,68,72,140,4,9,13,Pombia
295,502,797,932,1109,2041,1372,1071,2443,696,706,1402,263,387,650,14,30,44,Ozieri
60,65,125,302,323,625,724,581,1305,344,317,661,124,230,354,39,67,106,Teulada
30,44,74,135,122,257,124,127,251,65,77,142,19,35,54,2,46,48,Castrocielo
2218,2496,4714,6700,6337,13037,8488,6448,14936,4794,6113,10907,2067,3267,5334,319,629,948,Manfredonia
126,183,309,495,428,923,488,409,897,422,518,940,125,220,345,4,12,16,Cupramontana
178,254,432,761,729,1490,797,655,1452,440,722,1162,175,220,395,9,10,19,Poggio Renatico
188,213,401,672,698,1370,558,566,1124,261,340,601,91,107,198,2,0,2,Bormio
8258,10249,18507,19862,21367,41229,17911,15702,33613,9261,13504,22765,3788,4531,8319,240,437,677,Reggio nell'Emilia
9,5,14,23,27,50,51,37,88,24,38,62,3,7,10,0,0,0,Vallanzengo
1537,1859,3396,5537,5762,11299,9195,7324,16519,5685,7384,13069,2369,2882,5251,335,536,871,Cerignola
7,16,23,54,59,113,100,86,186,54,49,103,27,31,58,8,10,18,Zambrone
6,6,12,19,13,32,25,16,41,22,24,46,1,1,2,0,0,0,Parodi Ligure
6,10,16,30,18,48,17,21,38,16,32,48,3,6,9,0,0,0,Framura
79,90,169,364,339,703,423,397,820,235,342,577,67,94,161,2,8,10,Verolengo
13,12,25,53,51,104,76,60,136,38,40,78,13,20,33,0,3,3,Castellalto
48,66,114,111,105,216,85,92,177,43,65,108,12,17,29,1,0,1,Terruggia
37,48,85,108,106,214,154,140,294,96,120,216,28,40,68,3,3,6,Crespina Lorenzana
441,558,999,1466,1736,3202,1664,1743,3407,916,1398,2314,232,344,576,19,31,50,Loano
189,255,444,711,819,1530,1319,1048,2367,533,546,1079,185,305,490,33,54,87,Settimo San Pietro
40,45,85,187,193,380,225,198,423,118,153,271,62,89,151,19,49,68,Chiusano di San Domenico
70,80,150,296,272,568,302,232,534,161,249,410,38,53,91,2,5,7,Ripalta Cremasca
95,133,228,314,284,598,384,304,688,223,344,567,87,143,230,14,68,82,Tiriolo
308,429,737,1277,1531,2808,2067,1561,3628,988,1381,2369,305,358,663,27,18,45,Massarosa
58,71,129,225,235,460,192,186,378,95,125,220,32,28,60,0,1,1,Ponte di Legno
27,19,46,90,77,167,123,94,217,68,111,179,16,13,29,0,1,1,San Nazzaro Sesia
36,55,91,171,157,328,195,162,357,85,121,206,40,37,77,3,1,4,San Pietro Viminario
117,145,262,524,538,1062,867,755,1622,483,584,1067,159,195,354,11,17,28,Casale di Scodosia
799,1047,1846,2276,2305,4581,1955,1681,3636,1074,1438,2512,438,671,1109,16,57,73,Grottammare
85,94,179,282,306,588,329,260,589,212,290,502,64,64,128,4,8,12,Fara Novarese
140,166,306,360,414,774,372,313,685,189,244,433,62,75,137,1,3,4,Cassina Rizzardi
117,177,294,673,594,1267,948,755,1703,510,699,1209,172,274,446,16,73,89,Monteiasi
7,11,18,29,22,51,48,60,108,26,29,55,10,9,19,0,1,1,Berzano di San Pietro
355,428,783,1406,1330,2736,1859,1479,3338,1160,1490,2650,425,682,1107,97,192,289,Margherita di Savoia
324,388,712,971,959,1930,816,846,1662,388,592,980,137,143,280,6,14,20,Cles
6,9,15,32,32,64,58,40,98,65,83,148,14,12,26,0,1,1,Pietrabruna
1030,1210,2240,3263,3406,6669,3816,3445,7261,1954,2908,4862,692,805,1497,78,138,216,Bra
2323,2537,4860,7850,8046,15896,6459,5849,12308,2664,3589,6253,1340,1658,2998,121,180,301,Anzio
3,2,5,38,25,63,67,59,126,35,31,66,6,11,17,0,0,0,Nogarole Vicentino
681,809,1490,2011,1885,3896,1524,1452,2976,744,1301,2045,286,333,619,15,14,29,Tavagnacco
51,74,125,256,202,458,245,224,469,142,205,347,48,60,108,1,9,10,Bomarzo
7,12,19,52,50,102,63,48,111,52,71,123,9,10,19,0,0,0,Chiopris-Viscone
47,62,109,232,252,484,236,220,456,140,212,352,29,37,66,1,2,3,Santa Maria della Versa
19,22,41,95,95,190,96,83,179,57,97,154,14,15,29,0,1,1,Tignale
167,247,414,841,779,1620,1503,1236,2739,541,852,1393,318,400,718,69,83,152,Sant'Egidio del Monte Albino
89,116,205,468,421,889,534,441,975,281,456,737,85,117,202,1,4,5,Zugliano
69,99,168,339,345,684,371,271,642,170,273,443,59,55,114,1,8,9,Oltrona di San Mamette
194,305,499,1171,1134,2305,1582,1345,2927,680,862,1542,284,302,586,16,27,43,Casorate Primo
25,35,60,114,130,244,145,95,240,61,117,178,22,26,48,1,4,5,Gavignano
202,210,412,676,697,1373,613,548,1161,323,486,809,96,122,218,8,11,19,Burago di Molgora
148,192,340,504,508,1012,664,594,1258,315,460,775,113,108,221,8,13,21,Pont-Saint-Martin
12,25,37,136,110,246,118,98,216,65,84,149,20,15,35,0,0,0,Mezzana
124,155,279,495,462,957,360,324,684,216,315,531,65,70,135,0,1,1,Vallelaghi
104,166,270,396,420,816,365,264,629,194,230,424,75,109,184,15,26,41,Cerisano
116,174,290,678,664,1342,1193,968,2161,658,861,1519,175,199,374,8,14,22,Quinzano d'Oglio
32,41,73,121,114,235,132,99,231,68,82,150,22,45,67,0,4,4,Campofilone
8,11,19,47,46,93,71,41,112,46,66,112,27,44,71,3,10,13,Guilmi
40,53,93,239,224,463,398,317,715,217,290,507,83,92,175,6,9,15,Zandobbio
10,13,23,66,60,126,93,67,160,90,102,192,18,12,30,0,1,1,Rosasco
15,44,59,157,129,286,156,106,262,93,147,240,36,36,72,0,0,0,Sellero
22,22,44,107,83,190,71,70,141,43,37,80,15,21,36,0,9,9,Roccabascerana
306,434,740,1538,1604,3142,1828,1513,3341,953,1242,2195,344,417,761,19,35,54,Paullo
445,571,1016,1525,1493,3018,1168,966,2134,578,851,1429,219,245,464,6,18,24,Bussero
2538,3222,5760,8241,8425,16666,8212,7384,15596,5076,7476,12552,1660,2157,3817,135,265,400,Vigevano
2,2,4,9,19,28,17,10,27,7,7,14,2,5,7,0,1,1,Gadesco-Pieve Delmona
69,80,149,250,267,517,268,198,466,125,177,302,68,87,155,8,25,33,Ogliastro Cilento
79,138,217,635,610,1245,1307,1116,2423,620,765,1385,302,360,662,35,72,107,Carapelle
1756,2271,4027,6055,5826,11881,5907,4601,10508,2549,4284,6833,1126,1774,2900,133,296,429,Pomigliano d'Arco
8,11,19,41,38,79,65,48,113,32,50,82,7,15,22,0,0,0,Pignone
34,42,76,219,203,422,425,353,778,247,328,575,49,87,136,14,10,24,Serle
3,4,7,12,15,27,14,10,24,10,17,27,0,1,1,0,0,0,Massimino
30,26,56,99,112,211,142,86,228,108,127,235,25,27,52,1,7,8,Recetto
4,8,12,28,43,71,60,49,109,28,35,63,21,24,45,2,2,4,Curcuris
305,373,678,1216,1223,2439,1242,993,2235,652,1049,1701,212,214,426,7,35,42,Inzago
21,29,50,131,129,260,160,153,313,73,98,171,17,24,41,2,0,2,Dumenza
4,5,9,24,20,44,42,28,70,23,36,59,4,6,10,1,0,1,Favale di Malvaro
62,124,186,313,270,583,259,234,493,118,136,254,47,51,98,6,2,8,San Demetrio ne' Vestini
211,228,439,552,563,1115,447,414,861,223,332,555,97,114,211,6,4,10,Rubano
214,291,505,730,633,1363,551,483,1034,265,398,663,120,195,315,21,49,70,Scisciano
29,35,64,110,97,207,126,121,247,77,83,160,29,66,95,6,17,23,Torella dei Lombardi
28,41,69,180,158,338,230,159,389,112,173,285,35,36,71,1,2,3,Turano Lodigiano
4,6,10,25,20,45,32,26,58,21,24,45,3,9,12,0,2,2,Salasco
36,50,86,170,151,321,170,135,305,115,138,253,36,39,75,0,1,1,Mezzomerico
44,58,102,216,262,478,370,302,672,188,296,484,66,67,133,4,8,12,Momo
17,20,37,104,117,221,105,95,200,69,97,166,20,18,38,2,2,4,Olcenengo
503,553,1056,1365,1323,2688,1011,967,1978,501,720,1221,212,259,471,6,13,19,Lesmo
9,20,29,60,46,106,39,41,80,36,57,93,3,11,14,0,1,1,Castel di Ieri
7,17,24,58,83,141,146,98,244,88,79,167,18,28,46,3,4,7,Soldano
119,133,252,534,561,1095,1073,818,1891,478,603,1081,173,181,354,22,34,56,Calcinate
25,27,52,77,85,162,112,113,225,68,91,159,13,31,44,1,3,4,Montiano
106,104,210,469,473,942,504,439,943,369,499,868,78,107,185,6,7,13,Caorso
29,35,64,160,142,302,210,184,394,131,161,292,34,90,124,1,8,9,Mesola
11,16,27,75,61,136,55,47,102,43,60,103,5,10,15,1,1,2,Montefiorino
20,43,63,149,142,291,100,102,202,95,109,204,14,28,42,1,2,3,Caiolo
7,6,13,76,99,175,141,107,248,99,117,216,26,12,38,0,0,0,Buglio in Monte
7,7,14,73,74,147,108,87,195,87,105,192,15,24,39,0,0,0,Val Masino
18,44,62,166,168,334,219,134,353,72,125,197,35,46,81,0,0,0,Sarmede
61,72,133,259,228,487,236,203,439,151,183,334,46,80,126,4,11,15,Faleria
18,23,41,89,86,175,72,64,136,39,46,85,15,18,33,1,2,3,Tenno
13,9,22,77,57,134,101,107,208,101,106,207,13,19,32,1,0,1,Bione
54,75,129,275,254,529,276,252,528,173,258,431,57,63,120,0,2,2,Predore
129,168,297,624,668,1292,961,721,1682,470,626,1096,200,226,426,7,18,25,Rio Saliceto
159,184,343,609,581,1190,569,530,1099,290,380,670,132,131,263,5,8,13,Asolo
2,6,8,24,29,53,31,20,51,14,23,37,5,1,6,1,0,1,Selva di Cadore
21,46,67,219,207,426,284,271,555,196,274,470,174,142,316,13,29,42,Odolo
106,149,255,505,443,948,559,486,1045,284,381,665,125,114,239,0,5,5,Arcade
58,99,157,289,302,591,435,357,792,259,301,560,82,74,156,1,6,7,Berzo Inferiore
19,17,36,30,35,65,49,40,89,48,54,102,18,20,38,2,5,7,Portigliola
29,59,88,194,207,401,209,205,414,137,296,433,39,82,121,2,1,3,Tarzo
1103,1287,2390,3373,3195,6568,2989,2756,5745,1489,2382,3871,546,598,1144,24,34,58,Thiene
390,407,797,1335,1315,2650,1480,1345,2825,848,1108,1956,296,351,647,9,14,23,Pieve di Soligo
20,30,50,94,91,185,86,96,182,73,107,180,15,20,35,1,0,1,Alleghe
117,138,255,440,458,898,630,569,1199,380,510,890,107,100,207,7,7,14,Ponderano
175,202,377,682,657,1339,637,520,1157,339,504,843,84,113,197,4,14,18,Robecco sul Naviglio
35,44,79,214,196,410,213,168,381,79,100,179,35,33,68,0,2,2,Campodoro
53,84,137,284,254,538,333,291,624,194,270,464,51,77,128,5,7,12,Occhiobello
98,112,210,557,657,1214,736,677,1413,385,524,909,122,115,237,5,10,15,Porlezza
266,325,591,943,988,1931,1169,941,2110,641,874,1515,191,203,394,10,17,27,San Colombano al Lambro
1134,1491,2625,5273,5648,10921,6785,5918,12703,3413,4475,7888,1246,1579,2825,103,214,317,Rozzano
37,39,76,97,102,199,123,95,218,50,71,121,28,54,82,7,12,19,Faicchio
130,179,309,512,457,969,460,361,821,138,205,343,102,99,201,12,33,45,Sirignano
128,228,356,947,852,1799,1128,1027,2155,660,989,1649,156,221,377,7,32,39,Villadossola
17,27,44,104,100,204,101,78,179,53,78,131,9,13,22,2,4,6,Villaromagnano
46,49,95,115,108,223,83,77,160,37,57,94,16,25,41,0,2,2,Pavarolo
116,124,240,341,376,717,391,351,742,202,282,484,53,71,124,2,7,9,Montano Lucino
11,7,18,39,62,101,86,72,158,55,41,96,8,8,16,0,1,1,Casaletto di Sopra
300,391,691,1234,1230,2464,1345,1057,2402,670,941,1611,359,619,978,60,62,122,Aragona
50,74,124,206,214,420,276,254,530,246,299,545,89,124,213,25,16,41,Tusa
210,272,482,661,722,1383,462,363,825,273,353,626,137,151,288,30,66,96,Bova Marina
144,225,369,731,721,1452,908,799,1707,372,554,926,209,272,481,29,23,52,Linguaglossa
12,17,29,56,50,106,87,82,169,60,91,151,9,10,19,0,3,3,Re
19,31,50,64,94,158,341,247,588,116,171,287,64,102,166,7,11,18,Gairo
25,42,67,86,108,194,296,188,484,158,157,315,55,79,134,7,14,21,Ortueri
51,101,152,239,276,515,571,450,1021,296,305,601,103,171,274,18,19,37,Pozzomaggiore
48,71,119,218,258,476,345,320,665,220,244,464,54,80,134,1,6,7,Golfo Aranci
121,183,304,570,539,1109,443,413,856,283,364,647,80,154,234,20,44,64,Scilla
11,12,23,80,76,156,69,59,128,46,58,104,7,10,17,0,0,0,Amblar-Don
25,49,74,150,133,283,243,194,437,181,196,377,106,171,277,27,85,112,Castelmauro
17,31,48,128,117,245,133,137,270,85,129,214,20,23,43,0,1,1,Crodo
96,103,199,304,240,544,324,262,586,125,178,303,80,103,183,16,27,43,Vitulano
54,79,133,204,192,396,363,336,699,231,232,463,137,180,317,20,59,79,Belvedere di Spinello
32,48,80,142,149,291,137,111,248,76,99,175,36,50,86,2,9,11,San Vittore del Lazio
598,854,1452,2120,2203,4323,2238,1586,3824,1410,2010,3420,546,910,1456,97,137,234,Noci
110,134,244,339,339,678,344,318,662,217,258,475,116,147,263,27,70,97,Bella
152,180,332,477,492,969,539,511,1050,305,402,707,101,149,250,6,11,17,Castel del Piano
3,5,8,21,43,64,73,60,133,68,97,165,23,23,46,9,27,36,San Sostene
6,12,18,60,54,114,81,56,137,54,73,127,7,13,20,0,1,1,Resia
57,92,149,191,237,428,356,282,638,209,240,449,66,99,165,10,13,23,Laconi
390,442,832,938,1008,1946,820,689,1509,376,559,935,187,290,477,15,40,55,Penne
19,36,55,159,157,316,146,113,259,106,108,214,55,62,117,4,4,8,Fabro
101,139,240,386,378,764,350,319,669,192,300,492,49,65,114,3,5,8,Castell'Arquato
42,46,88,134,109,243,130,115,245,76,89,165,37,57,94,2,5,7,Rionero Sannitico
176,220,396,619,628,1247,643,541,1184,370,369,739,137,197,334,28,52,80,Sant'Elia Fiumerapido
123,152,275,359,305,664,380,292,672,257,326,583,95,170,265,31,98,129,Buccino
49,84,133,219,195,414,231,189,420,143,169,312,49,71,120,2,11,13,Avigliano Umbro
41,53,94,170,156,326,205,182,387,152,185,337,24,31,55,0,2,2,Santa Maria Maggiore
142,176,318,616,669,1285,803,639,1442,491,642,1133,137,185,322,12,12,24,Rufina
173,236,409,897,908,1805,815,782,1597,553,674,1227,165,219,384,27,49,76,Borgonovo Val Tidone
1519,1814,3333,3483,3716,7199,2854,2882,5736,1412,2439,3851,572,722,1294,24,42,66,Desenzano del Garda
132,165,297,614,575,1189,850,708,1558,470,592,1062,136,113,249,4,4,8,Piancogno
46,75,121,164,227,391,311,216,527,192,241,433,81,128,209,10,15,25,Monte San Pietrangeli
1680,2225,3905,4574,4934,9508,4267,3316,7583,2362,3533,5895,929,1393,2322,53,114,167,Civitanova Marche
0,0,0,6,1,7,12,12,24,6,8,14,0,6,6,0,0,0,Palmiano
24,16,40,77,88,165,93,79,172,61,56,117,47,61,108,14,52,66,Casaletto Spartano
576,812,1388,1947,1865,3812,1872,1766,3638,1074,1559,2633,395,502,897,53,70,123,Fiorenzuola d'Arda
37,35,72,154,153,307,165,155,320,135,174,309,36,28,64,1,0,1,Sassello
190,195,385,697,731,1428,860,685,1545,469,669,1138,310,392,702,85,119,204,Mattinata
6,6,12,29,29,58,41,31,72,33,43,76,2,4,6,0,0,0,Monchio delle Corti
456,538,994,1798,1781,3579,2269,1976,4245,1096,1692,2788,393,451,844,24,35,59,Albino
815,906,1721,2555,2643,5198,2283,1922,4205,1053,1748,2801,418,507,925,21,25,46,Villafranca di Verona
99,140,239,349,327,676,389,360,749,211,307,518,83,151,234,9,27,36,Ururi
54,87,141,282,261,543,246,187,433,145,237,382,53,81,134,5,4,9,Fregona
410,485,895,1386,1329,2715,1398,1262,2660,723,1133,1856,236,302,538,14,33,47,Marostica
14,12,26,57,53,110,51,46,97,40,48,88,9,8,17,0,3,3,Crognaleto
68,90,158,291,268,559,267,233,500,191,256,447,61,114,175,1,4,5,Serra de' Conti
259,353,612,774,888,1662,871,663,1534,666,916,1582,176,283,459,10,21,31,San Casciano in Val di Pesa
951,1266,2217,3374,3482,6856,3143,2736,5879,1741,2728,4469,519,897,1416,29,78,107,Cecina
42,60,102,133,118,251,174,148,322,72,109,181,25,48,73,0,7,7,Pennabilli
402,568,970,2282,2201,4483,2663,2272,4935,1602,1863,3465,541,696,1237,45,96,141,Fiorano Modenese
241,383,624,926,817,1743,748,651,1399,408,625,1033,150,285,435,10,20,30,Amelia
55,45,100,133,140,273,71,51,122,38,71,109,17,27,44,3,9,12,Frigento
47,49,96,143,123,266,165,131,296,132,165,297,48,94,142,13,57,70,Satriano
38,51,89,138,152,290,138,111,249,121,143,264,51,65,116,10,14,24,Busso
21,24,45,61,63,124,92,83,175,71,92,163,14,15,29,3,5,8,Murazzano
120,153,273,518,485,1003,492,472,964,258,324,582,88,129,217,2,12,14,Riva presso Chieri
55,56,111,228,246,474,267,200,467,137,204,341,43,50,93,1,1,2,Albiano d'Ivrea
646,853,1499,3123,3003,6126,3847,3504,7351,1656,2331,3987,594,867,1461,45,116,161,Orbassano
162,211,373,625,570,1195,627,597,1224,379,630,1009,146,152,298,7,14,21,Piazzola sul Brenta
625,840,1465,2126,2427,4553,2582,1823,4405,1750,2473,4223,529,675,1204,57,74,131,San Miniato
15,11,26,64,62,126,72,63,135,28,62,90,15,9,24,1,0,1,Cassinelle
300,356,656,852,805,1657,497,444,941,316,459,775,147,198,345,28,58,86,Lauria
384,478,862,1259,1304,2563,2195,2020,4215,1526,1706,3232,716,963,1679,160,243,403,Trinitapoli
86,114,200,429,384,813,446,423,869,248,295,543,129,198,327,19,51,70,Vairano Patenora
27,37,64,157,156,313,250,195,445,106,137,243,41,73,114,6,4,10,Roncofreddo
39,64,103,160,177,337,181,144,325,76,109,185,30,48,78,4,5,9,Monterenzio
22,34,56,123,135,258,191,155,346,131,193,324,30,41,71,2,6,8,Frascarolo
18,23,41,60,51,111,53,23,76,40,58,98,9,6,15,0,1,1,Cabella Ligure
45,46,91,171,161,332,186,179,365,102,119,221,36,25,61,0,2,2,Cervasca
9,13,22,35,53,88,130,95,225,60,62,122,19,25,44,0,0,0,Tiana
166,220,386,600,686,1286,562,493,1055,429,572,1001,158,245,403,21,38,59,Santo Stefano di Camastra
26,35,61,106,87,193,82,70,152,49,72,121,26,30,56,3,7,10,Milo
527,642,1169,2031,1997,4028,1777,1562,3339,780,974,1754,413,461,874,53,43,96,Pedara
16,18,34,63,38,101,22,19,41,29,47,76,5,21,26,0,0,0,Pescopennataro
344,414,758,1112,1095,2207,1367,1107,2474,719,1076,1795,214,223,437,17,20,37,Oggiono
616,851,1467,2040,1961,4001,1793,1595,3388,1211,1780,2991,345,502,847,14,28,42,Chiaravalle
20,24,44,108,109,217,103,83,186,69,83,152,21,17,38,0,1,1,Mairago
1611,1724,3335,3588,3675,7263,3745,3221,6966,1902,2581,4483,925,1272,2197,102,254,356,San Giovanni Rotondo
47,67,114,231,222,453,291,213,504,174,240,414,40,43,83,1,1,2,Suello
14,11,25,66,57,123,68,56,124,35,69,104,9,11,20,0,1,1,Zimone
31,48,79,167,161,328,202,179,381,107,150,257,32,35,67,4,6,10,Casale Corte Cerro
60,61,121,297,339,636,412,318,730,263,335,598,61,86,147,5,5,10,Brembio
15,16,31,76,46,122,107,96,203,56,86,142,23,43,66,10,10,20,Bompensiere
33,51,84,152,163,315,190,175,365,110,167,277,86,125,211,21,20,41,Villafranca Sicula
22,31,53,107,106,213,149,137,286,84,143,227,42,68,110,6,12,18,Ucria
30,40,70,106,115,221,151,101,252,88,102,190,17,17,34,2,3,5,Tavigliano
46,43,89,201,189,390,318,280,598,176,255,431,36,46,82,3,5,8,Sandigliano
11,11,22,50,48,98,63,67,130,34,28,62,16,13,29,1,0,1,Gemmano
207,310,517,800,741,1541,548,473,1021,241,495,736,116,207,323,10,17,27,Spello
21,30,51,106,84,190,114,83,197,42,86,128,12,23,35,2,5,7,Barbarano Romano
8,16,24,60,47,107,59,51,110,34,57,91,14,20,34,1,3,4,Alviano
336,399,735,607,678,1285,387,374,761,208,345,553,80,154,234,6,21,27,Assisi
139,149,288,394,375,769,321,269,590,222,285,507,94,123,217,34,104,138,Filadelfia
44,53,97,196,222,418,332,268,600,144,190,334,52,66,118,5,1,6,Monte Marenzo
383,546,929,1974,1603,3577,2027,1724,3751,1056,1741,2797,433,605,1038,66,124,190,Monte di Procida
0,1,1,13,9,22,17,9,26,11,11,22,1,5,6,0,0,0,Monte Cavallo
26,51,77,120,126,246,189,128,317,89,149,238,36,48,84,2,5,7,Casole d'Elsa
5,6,11,29,24,53,48,38,86,39,39,78,14,24,38,2,5,7,Morigerati
169,177,346,599,640,1239,605,535,1140,329,437,766,98,113,211,5,18,23,Baveno
131,143,274,429,418,847,390,327,717,177,297,474,86,103,189,16,26,42,Caiazzo
25,26,51,92,52,144,68,49,117,58,67,125,10,45,55,4,8,12,Crecchio
10,15,25,58,59,117,62,54,116,38,63,101,9,5,14,0,0,0,Torre di Santa Maria
21,27,48,109,81,190,138,117,255,85,125,210,33,28,61,5,5,10,Piubega
18,26,44,161,144,305,144,147,291,127,157,284,20,27,47,0,2,2,Piateda
31,31,62,126,110,236,118,107,225,97,159,256,25,35,60,0,1,1,Commessaggio
792,981,1773,3258,3248,6506,3252,2908,6160,1232,1740,2972,574,700,1274,37,66,103,Trezzano sul Naviglio
190,266,456,867,867,1734,1280,993,2273,591,848,1439,261,327,588,35,83,118,Castello di Cisterna
0,4,4,14,11,25,5,7,12,8,12,20,2,1,3,0,0,0,Poggiodomo
218,316,534,1075,963,2038,1130,955,2085,575,786,1361,224,208,432,13,17,30,San Giorgio delle Pertiche
79,79,158,282,311,593,404,378,782,234,270,504,91,93,184,6,10,16,Settala
121,143,264,450,549,999,653,473,1126,461,568,1029,131,192,323,16,21,37,Montopoli in Val d'Arno
63,111,174,497,463,960,591,480,1071,303,346,649,119,209,328,12,56,68,Piglio
10,14,24,53,58,111,79,70,149,55,79,134,4,8,12,0,1,1,Ranzanico
281,360,641,1359,1388,2747,1380,1169,2549,627,907,1534,274,261,535,16,13,29,Pessano con Bornago
291,378,669,1404,1457,2861,1587,1423,3010,794,1135,1929,266,345,611,21,43,64,Pero
200,238,438,836,852,1688,1188,988,2176,536,711,1247,206,188,394,8,13,21,Villa di Serio
175,245,420,985,996,1981,1057,884,1941,620,751,1371,205,220,425,15,21,36,Spino d'Adda
71,86,157,308,286,594,414,305,719,208,320,528,56,72,128,3,4,7,Pieve Porto Morone
29,38,67,198,152,350,193,167,360,73,159,232,23,39,62,2,0,2,Pontebba
1161,1269,2430,3114,3038,6152,2590,2419,5009,1101,1880,2981,532,634,1166,25,50,75,Gorgonzola
164,223,387,587,602,1189,716,634,1350,403,518,921,125,212,337,7,19,26,Volta Mantovana
39,40,79,244,246,490,300,218,518,164,181,345,53,60,113,1,6,7,Badia Calavena
114,150,264,409,400,809,597,508,1105,292,420,712,117,116,233,4,8,12,Castellucchio
117,109,226,453,396,849,483,435,918,253,341,594,93,120,213,3,5,8,Monzambano
16,16,32,119,99,218,69,65,134,66,91,157,12,19,31,0,2,2,Frassinoro
214,289,503,827,845,1672,1021,839,1860,529,740,1269,168,173,341,18,18,36,Rovello Porro
32,32,64,133,124,257,142,122,264,105,154,259,15,35,50,5,7,12,Graffignano
792,911,1703,3104,2934,6038,2893,2523,5416,1673,2641,4314,580,658,1238,31,39,70,San Giovanni Lupatoto
209,235,444,888,950,1838,928,767,1695,446,602,1048,181,188,369,11,21,32,Pantigliate
193,238,431,1021,1014,2035,1403,1104,2507,541,747,1288,313,314,627,16,31,47,Terno d'Isola
11,10,21,35,41,76,65,51,116,68,78,146,17,34,51,2,6,8,Ripabottoni
19,21,40,98,75,173,131,110,241,89,105,194,32,27,59,1,3,4,Formigara
44,62,106,227,261,488,384,307,691,214,260,474,102,170,272,9,30,39,Grottole
103,132,235,629,614,1243,798,594,1392,434,585,1019,124,134,258,5,14,19,Mozzanica
192,193,385,889,777,1666,1597,1149,2746,670,845,1515,346,289,635,59,56,115,Verdellino
20,27,47,124,107,231,222,196,418,123,183,306,22,22,44,3,2,5,Gorno
286,359,645,1166,1232,2398,1315,1161,2476,612,878,1490,239,215,454,12,24,36,Cuggiono
263,275,538,1117,1037,2154,1352,1060,2412,631,1032,1663,201,250,451,11,18,29,Capriate San Gervasio
23,34,57,135,122,257,114,88,202,69,100,169,15,27,42,0,0,0,Visco
23,39,62,130,99,229,99,92,191,62,102,164,17,19,36,0,2,2,Villamarzana
33,30,63,163,137,300,210,181,391,79,142,221,31,44,75,2,5,7,Stimigliano
117,211,328,518,517,1035,386,364,750,273,361,634,97,122,219,12,15,27,Torre de' Passeri
30,29,59,131,122,253,102,78,180,79,84,163,25,47,72,3,3,6,Sant'Eusanio del Sangro
64,88,152,333,352,685,436,313,749,230,337,567,64,93,157,4,5,9,Castelbelforte
19,29,48,117,116,233,167,128,295,91,145,236,20,23,43,1,3,4,Agliano Terme
2,8,10,32,35,67,49,42,91,37,36,73,7,5,12,0,0,0,Vottignasco
204,223,427,598,574,1172,474,432,906,262,444,706,101,106,207,4,12,16,Breno
20,33,53,106,80,186,94,73,167,68,101,169,12,31,43,1,0,1,Villetta Barrea
22,23,45,55,60,115,68,59,127,49,54,103,6,13,19,0,0,0,Caglio
35,48,83,138,121,259,131,107,238,80,94,174,60,99,159,10,49,59,Foiano di Val Fortore
116,158,274,414,381,795,386,320,706,177,269,446,78,114,192,11,28,39,Foglianise
331,467,798,1841,1805,3646,1941,1523,3464,908,1119,2027,478,588,1066,49,98,147,Solofra
3,2,5,22,23,45,54,50,104,38,51,89,10,7,17,0,2,2,Vagli Sotto
1,2,3,15,9,24,14,15,29,5,9,14,0,2,2,0,0,0,Moransengo
4,10,14,26,27,53,34,37,71,41,34,75,7,8,15,2,1,3,Castel Rocchero
68,111,179,445,449,894,760,566,1326,407,460,867,150,299,449,28,70,98,Montemesola
16,22,38,74,97,171,104,99,203,117,106,223,24,18,42,1,2,3,Vercana
79,103,182,359,406,765,534,438,972,260,294,554,80,93,173,7,12,19,Veniano
5,3,8,21,17,38,20,16,36,16,19,35,0,0,0,1,2,3,Castelpetroso
1522,1836,3358,4455,4889,9344,4729,4418,9147,2321,3804,6125,747,1007,1754,69,145,214,Casale Monferrato
43,66,109,208,208,416,214,203,417,153,249,402,41,83,124,6,20,26,Trecenta
58,56,114,227,217,444,203,166,369,141,196,337,36,54,90,5,4,9,Boara Pisani
62,83,145,290,239,529,338,294,632,220,320,540,44,78,122,1,6,7,Altare
61,81,142,288,226,514,285,257,542,209,279,488,86,137,223,18,25,43,Casacalenda
22,27,49,106,104,210,120,105,225,79,135,214,20,20,40,0,1,1,Dignano
11,5,16,28,37,65,40,29,69,23,24,47,5,7,12,0,0,0,San Marzano Oliveto
1,0,1,6,5,11,4,6,10,0,2,2,0,2,2,1,0,1,Coreglia Ligure
3,8,11,63,63,126,98,69,167,66,72,138,17,24,41,3,2,5,Marmentino
334,370,704,991,1050,2041,1064,910,1974,563,868,1431,169,193,362,9,26,35,Appiano Gentile
24,37,61,134,125,259,141,170,311,94,135,229,25,37,62,5,5,10,Montemagno
512,646,1158,2171,2173,4344,1776,1483,3259,979,1227,2206,466,715,1181,75,190,265,Melfi
46,51,97,166,165,331,219,153,372,117,169,286,33,41,74,3,6,9,Rivarolo del Re ed Uniti
99,104,203,384,359,743,362,336,698,180,296,476,59,81,140,3,9,12,Varano Borghi
2,2,4,20,14,34,18,14,32,13,26,39,3,5,8,0,0,0,Lastebasse
142,230,372,640,622,1262,1015,841,1856,580,747,1327,164,283,447,10,26,36,Filottrano
136,138,274,246,253,499,187,209,396,118,167,285,38,41,79,0,2,2,Barasso
66,83,149,363,335,698,599,519,1118,241,320,561,110,115,225,3,3,6,Costa di Mezzate
13,29,42,105,110,215,151,124,275,100,122,222,18,35,53,1,3,4,Granozzo con Monticello
27,30,57,86,94,180,87,73,160,68,118,186,26,26,52,9,6,15,Vetto
284,298,582,1077,978,2055,1054,944,1998,518,821,1339,169,212,381,12,16,28,Bellusco
70,77,147,161,160,321,152,137,289,90,103,193,29,35,64,1,3,4,Comabbio
42,65,107,210,210,420,238,197,435,88,96,184,40,45,85,0,1,1,Bornasco
170,197,367,715,630,1345,820,722,1542,408,625,1033,151,164,315,10,15,25,Presezzo
10,28,38,112,91,203,149,125,274,104,122,226,25,47,72,1,5,6,Pincara
1040,1354,2394,3478,3545,7023,2926,2764,5690,1686,2510,4196,599,769,1368,32,48,80,Fidenza
9,8,17,52,47,99,44,39,83,34,36,70,22,20,42,6,23,29,Nocara
38,57,95,198,180,378,179,155,334,99,160,259,30,75,105,4,10,14,Giove
0,4,4,6,7,13,7,9,16,12,11,23,0,1,1,0,0,0,Blello
24,28,52,126,133,259,115,118,233,77,109,186,23,41,64,6,3,9,Sequals
12,15,27,39,39,78,51,33,84,53,54,107,9,18,27,0,3,3,Tessennano
11,32,43,135,101,236,189,149,338,80,94,174,47,66,113,35,56,91,Gorgoglione
219,336,555,970,929,1899,845,712,1557,373,581,954,170,238,408,5,26,31,Ceprano
18,22,40,88,107,195,128,110,238,73,90,163,7,14,21,2,1,3,Pisano
99,104,203,280,285,565,345,282,627,180,229,409,66,61,127,3,4,7,Monguzzo
63,91,154,231,183,414,220,215,435,52,125,177,36,27,63,1,0,1,Sagrado
427,558,985,1845,1859,3704,2380,1955,4335,1138,1653,2791,360,376,736,28,44,72,Busto Garolfo
4,5,9,36,24,60,45,42,87,27,43,70,9,27,36,0,1,1,Sant'Eufemia a Maiella
3,2,5,8,8,16,13,8,21,2,5,7,2,2,4,0,0,0,La Magdeleine
47,56,103,191,192,383,256,192,448,164,239,403,49,47,96,2,2,4,Annicco
17,18,35,90,87,177,99,83,182,62,85,147,20,16,36,3,3,6,Cerro Tanaro
55,48,103,170,184,354,213,178,391,108,176,284,25,38,63,2,3,5,Santa Giuletta
0,1,1,6,8,14,11,5,16,9,5,14,2,0,2,0,0,0,Velezzo Lomellina
11,20,31,84,60,144,84,66,150,57,87,144,10,23,33,1,1,2,Mango
573,635,1208,1787,1727,3514,2170,1824,3994,873,1334,2207,438,698,1136,83,168,251,Saviano
95,99,194,354,330,684,362,356,718,174,248,422,56,85,141,3,9,12,Villar Dora
128,137,265,457,475,932,593,503,1096,347,534,881,65,95,160,5,8,13,Ghemme
55,71,126,277,269,546,262,260,522,164,204,368,50,64,114,3,5,8,Neive
155,177,332,538,521,1059,546,508,1054,323,407,730,169,231,400,30,61,91,San Ferdinando
180,195,375,964,1107,2071,2091,1806,3897,852,933,1785,494,662,1156,112,103,215,Ramacca
706,786,1492,2425,2389,4814,3164,2808,5972,1566,1932,3498,932,1198,2130,292,314,606,Rosolini
132,191,323,802,825,1627,1175,975,2150,590,745,1335,322,441,763,121,121,242,Regalbuto
191,266,457,922,860,1782,1127,935,2062,572,782,1354,236,360,596,16,49,65,Carosino
260,306,566,1083,1081,2164,1622,1286,2908,800,1115,1915,255,281,536,13,10,23,Sorisole
145,178,323,568,514,1082,1083,980,2063,586,715,1301,341,453,794,122,206,328,Casapesenna
137,187,324,589,586,1175,685,579,1264,374,532,906,123,145,268,9,13,22,Morazzone
39,52,91,173,165,338,232,186,418,135,146,281,55,85,140,24,26,50,Santa Lucia di Serino
125,139,264,456,421,877,441,375,816,191,301,492,79,176,255,5,11,16,Valentano
97,151,248,652,562,1214,743,635,1378,398,554,952,156,175,331,9,14,23,Villanova di Camposampiero
35,26,61,129,112,241,116,108,224,107,148,255,19,15,34,0,0,0,Rovescala
297,369,666,850,818,1668,797,665,1462,508,696,1204,251,448,699,32,75,107,Pisticci
128,176,304,466,471,937,475,393,868,346,363,709,108,171,279,19,62,81,Picerno
37,60,97,225,198,423,258,206,464,152,169,321,36,41,77,2,6,8,Cremosano
26,17,43,112,105,217,111,90,201,70,91,161,16,25,41,4,3,7,Pereto
1007,1240,2247,4222,4292,8514,6318,5111,11429,2416,3935,6351,1290,1607,2897,152,271,423,Mugnano di Napoli
196,270,466,724,713,1437,785,751,1536,372,524,896,137,169,306,9,12,21,Lanzo Torinese
1418,1832,3250,4809,4882,9691,5174,4704,9878,2855,3669,6524,1343,1914,3257,299,445,744,Caltagirone
225,244,469,598,639,1237,537,456,993,351,478,829,127,203,330,19,25,44,Cupra Marittima
265,376,641,1154,1104,2258,1385,1134,2519,871,1164,2035,252,454,706,17,43,60,Concordia Sagittaria
75,78,153,343,315,658,310,247,557,143,207,350,46,64,110,3,8,11,San Polo dei Cavalieri
12,18,30,80,79,159,96,89,185,46,82,128,13,15,28,0,0,0,Druogno
10,17,27,57,35,92,37,39,76,22,45,67,7,6,13,0,0,0,Vigo di Cadore
508,601,1109,2570,1643,4213,839,976,1815,471,1197,1668,293,448,741,35,50,85,Procida
16,30,46,90,95,185,126,96,222,82,102,184,12,30,42,1,3,4,Rovasenda
1160,1362,2522,4962,4802,9764,5489,5106,10595,2562,3615,6177,915,1294,2209,77,176,253,Grugliasco
9,11,20,58,51,109,89,68,157,51,69,120,23,30,53,12,16,28,San Procopio
11384,15515,26899,29668,29493,59161,19266,16845,36111,10176,14829,25005,4779,6033,10812,668,1200,1868,Reggio di Calabria
70,82,152,306,295,601,324,315,639,177,265,442,40,55,95,5,4,9,Capo di Ponte
21,33,54,141,139,280,151,143,294,77,120,197,23,20,43,0,0,0,Olmeneta
27,41,68,179,178,357,261,257,518,130,158,288,39,54,93,4,1,5,Mesenzana
28,25,53,140,161,301,196,154,350,112,133,245,35,46,81,1,0,1,Salvirola
71,89,160,380,371,751,505,428,933,282,406,688,108,111,219,2,2,4,Romanengo
51,84,135,207,259,466,476,366,842,287,287,574,73,111,184,15,19,34,Paulilatino
51,100,151,224,297,521,460,303,763,286,327,613,110,144,254,15,20,35,Desulo
117,158,275,321,407,728,515,391,906,266,295,561,64,109,173,13,18,31,Isili
47,44,91,146,139,285,126,130,256,84,130,214,38,62,100,7,10,17,Joppolo Giancaxio
1,5,6,24,24,48,18,11,29,22,22,44,6,1,7,0,0,0,Castelletto Uzzone
49,43,92,192,190,382,237,230,467,109,143,252,83,123,206,15,19,34,Longi
45,88,133,215,277,492,638,548,1186,331,324,655,145,227,372,27,30,57,Tertenia
487,641,1128,1548,1686,3234,2017,1844,3861,1077,1486,2563,606,733,1339,125,106,231,Castellammare del Golfo
9,11,20,74,59,133,129,116,245,64,68,132,18,18,36,2,0,2,Porte
41,69,110,159,213,372,352,308,660,185,221,406,65,91,156,6,9,15,Sindia
15,19,34,67,77,144,85,79,164,44,59,103,17,9,26,0,0,0,Macello
3,8,11,24,25,49,46,31,77,14,26,40,6,7,13,0,0,0,Pescaglia
661,938,1599,3382,3574,6956,3307,2896,6203,1342,1639,2981,625,818,1443,89,84,173,Fonte Nuova
138,216,354,683,655,1338,720,583,1303,394,499,893,130,190,320,10,26,36,Supino
17,24,41,89,86,175,89,71,160,62,86,148,21,34,55,4,7,11,Castiglione d'Orcia
135,193,328,505,471,976,792,676,1468,391,440,831,174,302,476,41,105,146,Sersale
58,100,158,251,235,486,393,318,711,238,302,540,61,103,164,9,8,17,Cuglieri
39,57,96,210,182,392,319,316,635,164,187,351,103,112,215,45,64,109,San Giovanni a Piro
89,117,206,330,349,679,399,310,709,325,398,723,74,166,240,4,8,12,Peccioli
317,404,721,1407,1370,2777,1319,1114,2433,768,1038,1806,345,463,808,31,48,79,Massa Lombarda
148,225,373,755,702,1457,657,611,1268,482,614,1096,156,178,334,9,7,16,Carpaneto Piacentino
34,38,72,204,209,413,180,133,313,84,128,212,28,26,54,3,0,3,Valdidentro
275,348,623,1352,1155,2507,1249,1210,2459,552,877,1429,262,287,549,10,14,24,Camisano Vicentino
454,498,952,1680,1787,3467,1848,1467,3315,943,1485,2428,353,558,911,34,66,100,Civita Castellana
30,34,64,71,81,152,85,68,153,35,52,87,19,16,35,5,16,21,Malito
61,80,141,295,276,571,330,277,607,161,194,355,68,89,157,32,74,106,Altomonte
76,92,168,250,304,554,349,285,634,225,290,515,161,196,357,48,80,128,Casabona
44,45,89,141,121,262,179,139,318,102,118,220,48,72,120,16,46,62,Sant'Agata di Esaro
139,186,325,738,697,1435,931,783,1714,588,731,1319,191,278,469,18,46,64,Novi di Modena
117,165,282,444,405,849,438,388,826,228,295,523,115,145,260,15,28,43,Pianella
34,53,87,273,217,490,264,249,513,127,163,290,47,59,106,6,2,8,Gorgo al Monticano
48,57,105,158,166,324,258,216,474,148,197,345,48,37,85,2,4,6,Scarnafigi
176,233,409,687,721,1408,874,671,1545,533,730,1263,146,213,359,15,25,40,San Benedetto Po
117,128,245,565,589,1154,728,646,1374,398,523,921,155,158,313,11,32,43,San Damiano d'Asti
7,14,21,78,68,146,149,134,283,72,99,171,29,27,56,3,5,8,Casto
15,11,26,45,49,94,64,37,101,30,46,76,5,16,21,0,1,1,Camino
91,93,184,163,171,334,122,123,245,70,118,188,20,25,45,0,3,3,Portovenere
945,1202,2147,3618,3349,6967,4257,3375,7632,2095,3048,5143,784,1215,1999,93,188,281,Bacoli
278,371,649,1103,1271,2374,1682,1397,3079,1033,1301,2334,325,393,718,19,41,60,Quarrata
752,890,1642,2392,2447,4839,1993,1776,3769,851,1167,2018,443,505,948,9,33,42,Anguillara Sabazia
108,147,255,400,359,759,266,221,487,153,226,379,54,95,149,4,12,16,Arce
20,19,39,92,63,155,108,97,205,92,123,215,19,27,46,1,0,1,Pallare
32,47,79,236,194,430,345,279,624,232,258,490,83,142,225,1,5,6,Marano Lagunare
371,442,813,1139,1337,2476,1287,1248,2535,700,1130,1830,192,235,427,18,23,41,Pietra Ligure
159,195,354,626,778,1404,844,744,1588,512,711,1223,130,151,281,15,41,56,Ceriale
509,621,1130,2301,2017,4318,1869,1621,3490,814,1246,2060,305,381,686,6,13,19,Marcon
27,41,68,200,167,367,348,269,617,173,257,430,46,93,139,4,17,21,Roccaforzata
32,25,57,121,158,279,125,112,237,106,142,248,32,30,62,0,1,1,Bardi
388,522,910,1791,1793,3584,1989,1580,3569,801,1059,1860,372,415,787,22,38,60,Zagarolo
47,68,115,241,204,445,259,243,502,164,205,369,47,46,93,2,10,12,Bosco Marengo
82,96,178,380,389,769,424,342,766,286,482,768,81,119,200,4,12,16,Roncoferraro
25,23,48,75,73,148,89,63,152,51,78,129,10,12,22,1,1,2,Mornese
2,6,8,21,18,39,27,21,48,16,30,46,3,0,3,0,0,0,Roure
63,93,156,298,295,593,359,301,660,178,237,415,52,57,109,3,4,7,Capoliveri
481,541,1022,657,746,1403,418,353,771,297,439,736,113,204,317,3,9,12,Camerino
40,62,102,245,238,483,254,228,482,162,228,390,56,109,165,2,7,9,Esanatoglia
776,1005,1781,2459,2475,4934,2113,1846,3959,1213,1758,2971,468,654,1122,31,53,84,San Giovanni in Persiceto
1610,2148,3758,5932,6306,12238,7169,5526,12695,4314,6355,10669,1720,2016,3736,256,326,582,Corato
94,100,194,255,268,523,207,169,376,166,194,360,70,84,154,10,15,25,Rotonda
6,6,12,22,29,51,32,16,48,24,40,64,1,1,2,0,1,1,Mendatica
1,0,1,2,1,3,2,1,3,1,2,3,0,0,0,0,0,0,Montacuto
12,16,28,55,43,98,47,40,87,34,40,74,12,26,38,4,6,10,Feroleto Antico
36,48,84,166,138,304,122,140,262,103,133,236,31,36,67,1,4,5,Monforte d'Alba
104,124,228,448,489,937,697,615,1312,402,543,945,101,163,264,2,9,11,Vigone
15,23,38,82,77,159,143,120,263,76,120,196,34,34,68,2,6,8,Envie
135,194,329,826,780,1606,864,783,1647,571,682,1253,171,218,389,4,12,16,Brugnera
15,25,40,82,69,151,94,71,165,68,105,173,10,23,33,0,0,0,Mezzana Bigli
36,50,86,278,190,468,192,191,383,124,203,327,36,39,75,1,1,2,San Lorenzo Dorsino
2166,2344,4510,4820,4932,9752,3898,3661,7559,1964,3593,5557,780,946,1726,48,82,130,Conegliano
477,540,1017,1592,1720,3312,1869,1833,3702,822,1372,2194,309,366,675,17,40,57,Giaveno
82,82,164,176,163,339,116,104,220,49,61,110,29,23,52,0,0,0,Castagneto Po
51,71,122,231,214,445,346,290,636,196,295,491,37,50,87,3,8,11,Pralungo
19,20,39,80,84,164,115,100,215,75,64,139,23,38,61,3,6,9,Sestino
29,57,86,129,109,238,138,83,221,125,214,339,20,22,42,1,3,4,Castelvecchio Subequo
1058,1411,2469,3103,3199,6302,3483,2555,6038,1891,2580,4471,775,1155,1930,92,123,215,Conversano
38,51,89,238,250,488,424,313,737,208,286,494,61,92,153,6,13,19,Valle Lomellina
19,17,36,58,91,149,104,77,181,56,59,115,22,37,59,6,20,26,Domanico
9,16,25,44,47,91,79,65,144,54,64,118,11,10,21,2,0,2,Quarna Sotto
2,3,5,13,13,26,19,14,33,28,22,50,7,11,18,0,3,3,Setzu
191,269,460,730,800,1530,792,784,1576,409,641,1050,109,164,273,10,23,33,Diano Marina
3150,3626,6776,7066,6738,13804,8252,6916,15168,3221,5543,8764,1777,2356,4133,359,859,1218,Aversa
24,36,60,177,189,366,223,175,398,131,163,294,32,65,97,2,3,5,Cantalupo in Sabina
9,10,19,32,23,55,36,25,61,31,31,62,5,3,8,0,0,0,Scontrone
9,6,15,65,50,115,54,48,102,49,61,110,11,17,28,0,0,0,Murialdo
451,569,1020,1551,1610,3161,1743,1343,3086,918,1173,2091,502,641,1143,109,149,258,Venosa
397,482,879,1450,1502,2952,1665,1239,2904,600,887,1487,374,459,833,63,156,219,Siano
712,738,1450,3145,2736,5881,3493,2928,6421,1746,2552,4298,642,684,1326,61,51,112,Montecchio Maggiore
15,25,40,72,63,135,55,58,113,46,62,108,13,19,32,1,0,1,Castiglione Chiavarese
38,32,70,149,134,283,116,113,229,78,105,183,33,68,101,6,28,34,San Sossio Baronia
907,1210,2117,2817,2658,5475,2530,2340,4870,1325,1867,3192,560,637,1197,35,62,97,Cento
25,34,59,160,168,328,254,219,473,105,122,227,39,32,71,1,5,6,Zermeghedo
58,55,113,184,216,400,285,203,488,82,124,206,42,52,94,1,3,4,Magliano Romano
78,74,152,406,358,764,635,489,1124,306,431,737,126,230,356,13,59,72,Sonnino
54,70,124,146,154,300,153,135,288,98,124,222,35,57,92,5,8,13,Parghelia
63,71,134,191,190,381,156,144,300,77,82,159,30,47,77,4,15,19,Nemi
11,11,22,41,39,80,70,45,115,39,55,94,12,10,22,0,2,2,Gaverina Terme
31,50,81,184,159,343,235,228,463,196,194,390,70,103,173,25,59,84,Monteodorisio
74,85,159,293,268,561,395,308,703,168,240,408,75,75,150,2,4,6,Torre de' Roveri
99,127,226,377,413,790,444,332,776,248,355,603,78,88,166,2,9,11,Bressana Bottarone
147,216,363,803,850,1653,1004,734,1738,557,747,1304,258,334,592,25,29,54,Fabbrico
15,17,32,51,31,82,47,47,94,30,42,72,6,7,13,0,0,0,San Martino Alfieri
39,51,90,190,159,349,202,194,396,132,193,325,62,97,159,8,17,25,Castelnuovo della Daunia
7,5,12,25,25,50,24,21,45,23,40,63,2,8,10,0,1,1,Cigognola
172,250,422,797,835,1632,764,617,1381,491,661,1152,182,239,421,5,14,19,Pontenure
438,508,946,1653,1505,3158,1805,1594,3399,845,1397,2242,309,338,647,14,35,49,Ponte San Pietro
0,1,1,31,19,50,27,23,50,8,24,32,8,7,15,0,0,0,Castelnuovo Nigra
23,51,74,117,124,241,166,154,320,91,134,225,33,29,62,1,2,3,Arnad
127,147,274,257,274,531,238,205,443,115,159,274,38,33,71,1,1,2,Brunate
11,28,39,52,56,108,71,60,131,43,59,102,15,12,27,0,1,1,Introd
10,12,22,37,32,69,31,24,55,25,32,57,4,7,11,0,0,0,Orsara Bormida
40,26,66,79,75,154,70,75,145,30,50,80,15,20,35,4,9,13,Campolattaro
32,41,73,115,133,248,110,109,219,91,94,185,37,64,101,5,11,16,Futani
541,669,1210,1957,1724,3681,2239,1835,4074,1045,1500,2545,585,758,1343,99,214,313,Santa Maria a Vico
143,165,308,651,645,1296,918,700,1618,508,712,1220,143,155,298,5,14,19,Gorla Maggiore
23,29,52,143,145,288,166,125,291,83,85,168,18,28,46,1,2,3,Pozzaglio ed Uniti
1,2,3,19,17,36,21,18,39,16,19,35,0,4,4,1,0,1,Avegno
12,24,36,105,101,206,129,121,250,90,99,189,23,36,59,1,2,3,Vicolungo
7,6,13,42,35,77,49,30,79,31,27,58,11,41,52,0,0,0,Duronia
41,58,99,203,174,377,133,136,269,106,151,257,23,48,71,1,1,2,Treppo Grande
5,11,16,52,36,88,32,29,61,30,51,81,4,3,7,0,0,0,Preone
23,41,64,187,198,385,243,231,474,149,195,344,53,74,127,3,5,8,Narzole
1019,1238,2257,3844,3922,7766,3897,3173,7070,1909,2752,4661,782,823,1605,40,70,110,Lainate
29,30,59,88,116,204,101,97,198,54,63,117,16,14,30,0,0,0,Magreglio
79,88,167,300,291,591,307,237,544,108,170,278,71,79,150,13,20,33,Quadrelle
91,107,198,463,448,911,518,458,976,255,293,548,101,183,284,6,11,17,Torre di Mosto
56,79,135,325,308,633,419,347,766,263,328,591,55,86,141,8,4,12,Golasecca
5,4,9,35,35,70,26,19,45,20,36,56,10,5,15,0,1,1,Mulazzo
5,7,12,36,42,78,72,63,135,38,57,95,14,17,31,0,1,1,Torre de' Busi
13,10,23,32,26,58,27,35,62,20,12,32,4,4,8,0,1,1,Sgonico
267,319,586,1032,1044,2076,1061,894,1955,499,771,1270,247,373,620,30,94,124,Curti
48,69,117,331,311,642,368,292,660,186,299,485,75,105,180,4,3,7,Meduna di Livenza
52,61,113,282,291,573,361,314,675,227,272,499,70,81,151,2,9,11,Genola
5,5,10,15,27,42,48,32,80,12,26,38,7,5,12,0,2,2,Gambasca
7,29,36,87,65,152,70,53,123,48,61,109,23,12,35,0,0,0,Gaiola
99,117,216,500,534,1034,1114,885,1999,493,728,1221,189,171,360,5,11,16,Palosco
26,21,47,39,69,108,48,52,100,36,72,108,10,9,19,2,1,3,Miasino
8,6,14,49,49,98,78,65,143,30,43,73,18,15,33,2,1,3,Monchiero
18,29,47,118,113,231,73,66,139,38,75,113,16,12,28,0,0,0,Terzolas
111,154,265,462,417,879,539,450,989,268,339,607,98,118,216,2,5,7,Mussolente
24,22,46,135,134,269,160,104,264,67,116,183,25,26,51,2,1,3,Mercenasco
22,24,46,100,99,199,114,100,214,62,88,150,12,20,32,0,1,1,Meana di Susa
64,74,138,327,316,643,375,297,672,204,300,504,83,97,180,6,6,12,Belfiore
5,5,10,53,57,110,66,44,110,35,76,111,10,7,17,0,0,0,Ticengo
19,31,50,82,82,164,71,54,125,43,66,109,18,13,31,0,0,0,Strembo
30,42,72,132,128,260,151,128,279,98,176,274,24,26,50,2,1,3,Campospinoso
9,12,21,65,66,131,66,52,118,34,59,93,7,16,23,0,0,0,Dazio
263,265,528,430,417,847,276,275,551,131,209,340,60,68,128,6,16,22,Pieve Ligure
56,57,113,255,264,519,367,259,626,161,215,376,53,63,116,3,5,8,Truccazzano
178,213,391,517,452,969,556,484,1040,299,419,718,155,247,402,15,60,75,Riccia
13,22,35,85,95,180,100,65,165,59,95,154,25,21,46,1,3,4,Borghetto di Vara
46,87,133,332,292,624,427,346,773,217,274,491,71,82,153,7,15,22,Isola Rizza
44,40,84,137,136,273,201,144,345,141,148,289,85,95,180,60,124,184,Albidona
46,59,105,162,158,320,193,159,352,99,141,240,38,40,78,6,7,13,Cison di Valmarino
97,128,225,425,396,821,397,370,767,235,329,564,78,154,232,2,7,9,Fossalta di Portogruaro
13,25,38,145,101,246,117,107,224,83,121,204,19,26,45,0,0,0,Bicinicco
39,49,88,264,249,513,243,229,472,117,151,268,76,90,166,3,1,4,Chiarano
22,40,62,126,120,246,124,113,237,76,100,176,11,16,27,4,1,5,Saliceto
36,42,78,239,172,411,227,217,444,147,227,374,43,47,90,7,8,15,Alano di Piave
151,228,379,619,723,1342,1210,936,2146,734,837,1571,253,375,628,16,38,54,Monte Urano
99,130,229,432,403,835,574,482,1056,287,363,650,112,114,226,6,5,11,Dello
50,75,125,340,387,727,547,380,927,256,350,606,78,76,154,4,5,9,Miradolo Terme
8,7,15,26,27,53,29,31,60,23,40,63,2,7,9,2,3,5,Mompeo
949,1120,2069,3019,2944,5963,3351,2648,5999,1353,2213,3566,647,914,1561,124,211,335,Sant'Anastasia
44,44,88,170,137,307,93,84,177,64,107,171,11,39,50,2,2,4,Campo di Giove
1,4,5,13,14,27,21,14,35,15,17,32,1,1,2,0,1,1,Aquila d'Arroscia
232,257,489,978,961,1939,1068,978,2046,582,783,1365,237,357,594,27,28,55,Valderice
17,33,50,90,90,180,81,61,142,43,69,112,10,22,32,0,1,1,Vicalvi
263,247,510,830,794,1624,887,694,1581,431,705,1136,196,367,563,21,68,89,Pignataro Maggiore
13,16,29,49,50,99,44,46,90,25,49,74,9,13,22,2,4,6,Piraino
10,8,18,42,39,81,39,32,71,32,49,81,6,13,19,0,1,1,San Romano in Garfagnana
7,3,10,23,34,57,56,38,94,32,39,71,5,4,9,0,0,0,Crandola Valsassina
191,272,463,929,876,1805,1255,1021,2276,618,919,1537,220,258,478,25,19,44,Caerano di San Marco
41,73,114,288,336,624,445,364,809,255,300,555,99,165,264,13,29,42,Riva Ligure
9,11,20,46,46,92,80,67,147,35,53,88,11,14,25,1,2,3,San Cipriano Po
3,5,8,26,20,46,24,24,48,20,34,54,4,5,9,0,0,0,Viola
6,6,12,32,32,64,40,26,66,24,35,59,2,5,7,1,0,1,Chiusanico
76,86,162,239,265,504,287,253,540,125,164,289,67,72,139,4,3,7,Rovolon
13,10,23,47,42,89,32,30,62,27,38,65,8,20,28,2,3,5,Tora e Piccilli
8,5,13,33,31,64,37,38,75,31,46,77,5,9,14,0,2,2,Cortanze
38,41,79,133,130,263,127,105,232,70,97,167,37,34,71,1,2,3,Brunello
67,60,127,192,215,407,197,157,354,125,164,289,36,26,62,2,4,6,Pusiano
373,468,841,1426,1413,2839,1514,1205,2719,582,849,1431,396,437,833,44,81,125,Capodrise
59,86,145,283,281,564,390,301,691,191,307,498,73,78,151,3,6,9,Chiesina Uzzanese
21,37,58,93,76,169,107,76,183,41,59,100,16,12,28,0,1,1,Magliolo
70,105,175,340,416,756,565,526,1091,265,345,610,94,97,191,9,13,22,Cuveglio
3,5,8,6,3,9,3,0,3,3,3,6,2,4,6,0,0,0,Berzano di Tortona
11,14,25,46,42,88,38,32,70,28,40,68,9,6,15,0,0,0,Spineto Scrivia
85,105,190,383,370,753,465,384,849,227,321,548,72,87,159,3,8,11,Luisago
95,106,201,343,326,669,522,497,1019,378,458,836,199,286,485,55,61,116,Polizzi Generosa
139,202,341,611,687,1298,766,643,1409,285,367,652,138,158,296,34,29,63,Lipari
46,64,110,179,147,326,235,178,413,129,180,309,42,136,178,6,7,13,Bonefro
95,97,192,297,321,618,379,309,688,164,221,385,68,81,149,5,7,12,Pescate
2,5,7,19,10,29,24,9,33,3,12,15,0,1,1,0,0,0,Valfloriana
61,81,142,256,247,503,259,207,466,147,225,372,50,100,150,19,22,41,Ripi
586,675,1261,1645,1487,3132,1061,1006,2067,749,941,1690,375,486,861,66,215,281,Acri
224,299,523,870,822,1692,628,660,1288,390,536,926,146,256,402,11,12,23,Cagli
20,20,40,80,82,162,77,74,151,51,67,118,8,6,14,1,4,5,Santo Stefano d'Aveto
41,60,101,190,173,363,220,223,443,149,209,358,37,65,102,4,3,7,Scansano
159,219,378,741,788,1529,1140,871,2011,698,833,1531,205,291,496,11,30,41,Santa Maria a Monte
24,21,45,98,81,179,156,105,261,123,156,279,18,19,37,2,2,4,Arborio
1567,1987,3554,5764,5340,11104,5359,4750,10109,3045,4280,7325,1305,1992,3297,174,331,505,Monopoli
9,15,24,72,51,123,80,61,141,38,53,91,16,12,28,4,2,6,Carrosio
7,20,27,52,59,111,104,86,190,73,63,136,22,52,74,8,8,16,Romana
39,78,117,207,219,426,524,450,974,277,333,610,104,160,264,43,27,70,Sciara
334,465,799,1475,1536,3011,1830,1544,3374,689,882,1571,413,485,898,58,54,112,Aci Sant'Antonio
10,24,34,85,70,155,133,132,265,59,78,137,32,32,64,3,7,10,Roccavaldina
85,146,231,405,445,850,769,554,1323,539,588,1127,166,261,427,41,43,84,Mogoro
29,35,64,94,108,202,177,138,315,131,182,313,40,39,79,7,10,17,Bultei
44,50,94,123,123,246,125,106,231,104,108,212,27,52,79,3,10,13,Villa Latina
10,14,24,44,39,83,56,38,94,26,41,67,4,9,13,2,2,4,Preci
213,346,559,958,914,1872,935,784,1719,527,668,1195,210,330,540,18,35,53,Magione
25,35,60,188,183,371,213,162,375,109,172,281,27,37,64,2,1,3,Piantedo
1522,2011,3533,6648,6461,13109,9559,7408,16967,3773,5677,9450,2143,2695,4838,287,573,860,Acerra
62,72,134,292,316,608,468,395,863,216,316,532,108,77,185,4,8,12,Molteno
24,38,62,147,154,301,226,222,448,151,187,338,83,98,181,13,13,26,San Teodoro
23,37,60,187,230,417,325,232,557,118,165,283,63,65,128,0,5,5,Valera Fratta
596,786,1382,3184,3473,6657,4698,3946,8644,1808,2131,3939,949,1148,2097,134,143,277,Aci Catena
60,75,135,267,266,533,296,250,546,212,282,494,91,124,215,31,42,73,Camastra
161,248,409,763,776,1539,836,663,1499,577,682,1259,334,420,754,78,62,140,Sambuca di Sicilia
12,19,31,56,76,132,105,106,211,67,78,145,28,28,56,3,5,8,Santa Cristina Gela
547,572,1119,2376,2436,4812,3297,2937,6234,1973,2270,4243,1071,1354,2425,226,221,447,Pachino
58,68,126,284,290,574,252,210,462,175,223,398,72,132,204,10,16,26,Buccheri
13,18,31,73,81,154,139,136,275,99,146,245,27,55,82,8,8,16,Gratteri
20,25,45,121,123,244,180,155,335,70,101,171,66,75,141,19,20,39,Santa Domenica Vittoria
62,78,140,265,310,575,296,259,555,192,240,432,92,143,235,8,16,24,San Piero Patti
6,12,18,59,47,106,92,79,171,44,54,98,21,19,40,0,2,2,Villanova del Sillaro
1287,1686,2973,5025,5279,10304,7655,5943,13598,2674,3926,6600,1479,1922,3401,200,419,619,Marcianise
31,39,70,166,135,301,149,153,302,141,195,336,37,63,100,9,14,23,Crespino
376,544,920,1504,1325,2829,821,823,1644,419,704,1123,236,342,578,31,48,79,Meta
3,9,12,35,32,67,135,105,240,36,28,64,23,38,61,6,16,22,Goni
6,18,24,63,72,135,149,92,241,92,86,178,33,41,74,1,3,4,Villanovaforru
89,108,197,339,361,700,366,271,637,200,241,441,55,110,165,9,10,19,Poggio Moiano
68,91,159,326,334,660,566,477,1043,335,463,798,85,105,190,5,18,23,Mongrando
146,175,321,526,526,1052,551,471,1022,315,339,654,136,176,312,5,18,23,Fossacesia
206,265,471,573,525,1098,734,558,1292,507,629,1136,185,366,551,36,94,130,Guagnano
32,44,76,248,228,476,299,259,558,161,224,385,62,35,97,6,6,12,Entratico
11,14,25,66,55,121,79,54,133,61,65,126,35,39,74,8,12,20,Monteforte Cilento
1193,1399,2592,3746,3747,7493,3853,3345,7198,2334,3073,5407,965,1236,2201,153,208,361,Triggiano
87,132,219,271,254,525,262,224,486,186,263,449,72,100,172,22,57,79,Cortale
364,457,821,1091,1106,2197,992,915,1907,588,741,1329,190,223,413,13,19,32,San Fermo della Battaglia
28,26,54,106,96,202,91,66,157,58,98,156,14,10,24,0,0,0,Poggiridenti
20,26,46,60,65,125,106,87,193,41,60,101,16,28,44,4,8,12,Pratella
220,304,524,1287,1242,2529,1417,1177,2594,608,883,1491,213,331,544,8,34,42,Cave
259,313,572,1088,933,2021,989,922,1911,378,553,931,249,324,573,15,52,67,Vitulazio
28,29,57,124,91,215,113,112,225,61,92,153,18,17,35,1,2,3,Romeno
2,6,8,29,16,45,26,25,51,31,46,77,8,10,18,1,2,3,Pedemonte
105,139,244,563,576,1139,674,554,1228,401,589,990,114,147,261,10,19,29,Minerbe
888,970,1858,1916,1883,3799,1327,1311,2638,583,858,1441,283,380,663,7,14,21,Cassina de' Pecchi
41,61,102,120,109,229,101,95,196,62,69,131,22,48,70,6,10,16,Pietradefusi
22,30,52,103,93,196,118,100,218,46,91,137,18,30,48,2,10,12,Tufo
20,23,43,98,96,194,141,117,258,68,101,169,34,21,55,1,1,2,Val Liona
1572,2058,3630,5587,5271,10858,4244,3791,8035,2231,3251,5482,799,1166,1965,88,153,241,Milazzo
21,21,42,89,82,171,49,52,101,48,99,147,6,19,25,2,5,7,Montagnareale
18,35,53,91,89,180,244,198,442,137,117,254,35,56,91,10,26,36,Pimentel
64,89,153,289,296,585,463,382,845,233,293,526,56,84,140,1,5,6,Corteolona e Genzone
141,143,284,577,529,1106,778,613,1391,406,556,962,139,145,284,22,24,46,Veduggio con Colzano
46,71,117,251,244,495,274,218,492,151,173,324,47,40,87,3,6,9,Boffalora d'Adda
473,657,1130,1344,1346,2690,1059,941,2000,489,693,1182,211,324,535,15,33,48,Santa Teresa di Riva
1699,1763,3462,4390,4792,9182,5332,4564,9896,3481,4345,7826,1557,2273,3830,307,394,701,Sciacca
257,296,553,1200,1213,2413,1890,1893,3783,908,1262,2170,634,835,1469,191,249,440,Riesi
61,84,145,319,346,665,503,427,930,330,401,731,157,209,366,40,38,78,Villafrati
16,24,40,86,107,193,118,91,209,99,110,209,31,71,102,16,17,33,Blufi
121,120,241,349,330,679,431,407,838,276,346,622,97,118,215,23,30,53,Tiggiano
218,319,537,860,901,1761,757,692,1449,355,550,905,134,239,373,11,17,28,Narni
119,119,238,435,457,892,679,601,1280,288,401,689,120,113,233,3,2,5,Bagnatica
92,111,203,328,331,659,388,319,707,173,218,391,82,147,229,4,9,13,Coriano
346,489,835,1311,1403,2714,1591,1312,2903,821,1263,2084,258,330,588,21,31,52,Borgo San Lorenzo
63,95,158,277,247,524,343,263,606,179,248,427,79,103,182,38,54,92,San Costantino Calabro
387,442,829,639,625,1264,610,489,1099,315,475,790,116,142,258,7,12,19,Calci
45,71,116,238,330,568,610,521,1131,294,256,550,132,132,264,19,27,46,Pabillonis
176,207,383,923,981,1904,1281,1034,2315,659,932,1591,212,248,460,11,25,36,Lodi Vecchio
20,28,48,105,84,189,83,73,156,40,67,107,17,20,37,2,3,5,Colledara
21,33,54,89,81,170,76,59,135,60,68,128,26,34,60,4,12,16,Conca dei Marini
26,24,50,92,80,172,82,62,144,56,67,123,25,45,70,18,27,45,Corleto Monforte
189,225,414,564,559,1123,509,417,926,337,348,685,165,199,364,39,70,109,Sellia Marina
39,52,91,230,246,476,247,208,455,112,169,281,40,40,80,1,2,3,Portalbera
30,48,78,179,230,409,711,537,1248,370,462,832,136,210,346,22,48,70,Goro
10,11,21,59,51,110,56,56,112,29,51,80,5,8,13,0,0,0,Corana
144,164,308,471,552,1023,513,407,920,348,484,832,92,155,247,3,15,18,Casciana Terme Lari
6,11,17,33,38,71,45,27,72,24,44,68,7,24,31,1,5,6,Monte Giberto
10,6,16,22,36,58,42,40,82,28,48,76,10,20,30,1,6,7,San Lorenzo
49,66,115,179,201,380,146,113,259,150,169,319,34,80,114,2,10,12,Pienza
2,1,3,16,10,26,21,11,32,24,34,58,0,0,0,0,0,0,Bema
51,74,125,235,208,443,255,203,458,128,153,281,49,72,121,13,42,55,Cautano
3,9,12,23,17,40,20,19,39,23,33,56,0,4,4,0,0,0,Cittareale
16,15,31,54,45,99,58,49,107,48,59,107,17,28,45,6,5,11,Sassinoro
454,521,975,1337,1263,2600,1306,1170,2476,601,888,1489,260,293,553,18,23,41,Camposampiero
1604,1877,3481,4640,4817,9457,4752,3707,8459,2318,3290,5608,891,1392,2283,75,172,247,Terracina
175,195,370,698,650,1348,486,531,1017,276,483,759,90,102,192,1,6,7,Agordo
15,24,39,71,84,155,92,96,188,48,82,130,16,31,47,1,3,4,Civitella d'Agliano
3,2,5,12,13,25,21,19,40,10,18,28,5,2,7,1,3,4,Perarolo di Cadore
29,40,69,108,143,251,123,101,224,87,92,179,19,23,42,1,0,1,Grosso
3,2,5,15,13,28,29,13,42,34,26,60,1,3,4,0,0,0,Voltido
4,3,7,31,34,65,28,20,48,19,31,50,3,6,9,2,1,3,Ponzano Monferrato
7,9,16,46,41,87,52,31,83,27,34,61,7,7,14,0,0,0,Challand-Saint-Victor
13,20,33,71,61,132,115,116,231,54,54,108,21,24,45,0,2,2,Quart
50,64,114,278,319,597,275,222,497,110,181,291,60,65,125,1,1,2,Affi
5,13,18,47,42,89,72,57,129,32,59,91,6,12,18,0,0,0,Mompantero
158,164,322,451,504,955,530,473,1003,309,354,663,100,114,214,9,17,26,Pavone Canavese
52,86,138,302,338,640,385,343,728,144,177,321,75,76,151,1,3,4,Bubbiano
17,42,59,150,159,309,314,271,585,180,172,352,60,73,133,18,26,44,Sant'Anna Arresi
50,107,157,215,254,469,362,285,647,239,228,467,109,123,232,15,15,30,Silanus
32,40,72,81,123,204,306,233,539,204,237,441,45,55,100,3,1,4,Nule
655,903,1558,2584,2824,5408,2709,2255,4964,1351,1666,3017,575,846,1421,33,56,89,Bellaria-Igea Marina
59,73,132,155,161,316,228,234,462,128,158,286,62,103,165,10,14,24,Montalbano Elicona
65,104,169,445,449,894,675,595,1270,408,483,891,190,268,458,57,117,174,Santa Lucia del Mela
38,45,83,151,172,323,186,178,364,153,201,354,53,120,173,6,20,26,Bompietro
163,262,425,872,1015,1887,1956,1606,3562,1122,1126,2248,369,508,877,52,67,119,Terralba
729,837,1566,2662,2600,5262,2423,2040,4463,1086,1359,2445,528,613,1141,36,66,102,Forio
47,56,103,320,259,579,306,275,581,180,309,489,62,60,122,3,7,10,Borgo Chiese
158,225,383,760,778,1538,900,772,1672,434,585,1019,148,163,311,6,27,33,Nole
303,369,672,856,763,1619,746,624,1370,517,648,1165,208,274,482,102,224,326,Girifalco
267,340,607,987,941,1928,935,829,1764,515,692,1207,253,374,627,39,83,122,Troia
42,54,96,184,168,352,137,130,267,91,95,186,29,38,67,2,3,5,Camerata Picena
123,177,300,450,470,920,439,389,828,248,293,541,123,161,284,15,19,34,Cepagatti
44,28,72,168,160,328,191,179,370,162,209,371,22,31,53,0,3,3,Mirabello Monferrato
3,11,14,33,63,96,138,113,251,87,69,156,30,26,56,2,8,10,Ardara
62,74,136,183,184,367,161,141,302,115,115,230,39,68,107,8,9,17,Massa Martana
403,504,907,1260,1275,2535,1811,1583,3394,1051,1356,2407,594,906,1500,98,160,258,Taviano
17,30,47,79,69,148,79,69,148,74,95,169,34,54,88,17,46,63,Castronuovo di Sant'Andrea
15,12,27,50,42,92,40,45,85,21,31,52,6,10,16,2,4,6,Tossicia
105,112,217,451,422,873,762,747,1509,427,559,986,240,376,616,32,88,120,Alliste
45,35,80,165,188,353,196,151,347,94,106,200,48,70,118,10,33,43,Cerenzia
496,577,1073,1619,1654,3273,1597,1489,3086,862,1156,2018,306,419,725,12,28,40,Trofarello
43,66,109,166,170,336,158,143,301,117,144,261,18,27,45,0,0,0,Viverone
22,45,67,98,89,187,87,84,171,41,80,121,32,31,63,9,5,14,Brognaturo
17,28,45,118,104,222,256,202,458,119,187,306,47,74,121,13,18,31,Cerva
145,222,367,712,573,1285,708,622,1330,351,467,818,170,249,419,17,26,43,Campomarino
24,27,51,70,76,146,88,62,150,59,60,119,19,37,56,11,17,28,Fardella
101,130,231,399,466,865,780,680,1460,375,439,814,217,291,508,46,62,108,Porto Cesareo
63,71,134,156,155,311,116,109,225,85,101,186,33,59,92,1,7,8,Alvito
20,15,35,97,104,201,151,127,278,103,140,243,36,60,96,4,9,13,Serrata
25,47,72,148,132,280,125,108,233,74,123,197,19,55,74,2,5,7,Manoppello
465,573,1038,1146,1151,2297,1429,1129,2558,723,991,1714,387,562,949,83,218,301,Cittanova
86,112,198,313,314,627,220,225,445,159,246,405,54,50,104,5,1,6,Pinzolo
1094,1357,2451,3266,3074,6340,3757,3116,6873,1966,3053,5019,746,1172,1918,108,241,349,Gioia del Colle
116,160,276,566,626,1192,884,692,1576,475,648,1123,140,171,311,18,38,56,Castelnuovo Scrivia
6,10,16,103,87,190,219,180,399,149,160,309,36,28,64,0,2,2,Pezzaze
181,220,401,597,604,1201,634,510,1144,383,504,887,175,200,375,10,34,44,Mosciano Sant'Angelo
30,27,57,92,97,189,80,72,152,61,76,137,23,50,73,10,14,24,Casal Velino
18,26,44,82,77,159,69,59,128,34,51,85,10,11,21,0,2,2,Francavilla Bisio
102,120,222,310,349,659,296,310,606,184,339,523,55,63,118,2,1,3,Gargnano
832,913,1745,2005,1892,3897,1317,1383,2700,608,1059,1667,267,319,586,44,77,121,Arenzano
338,431,769,1284,1271,2555,1055,963,2018,645,947,1592,217,277,494,6,19,25,Collecchio
33,49,82,100,102,202,99,88,187,47,76,123,12,34,46,0,4,4,Montalto delle Marche
28,50,78,149,129,278,127,107,234,78,103,181,30,36,66,0,1,1,Vaglia
62,98,160,365,337,702,429,337,766,206,299,505,73,96,169,2,11,13,Comunanza
454,660,1114,2033,2126,4159,2374,1877,4251,1316,1660,2976,517,574,1091,45,52,97,Viadana
143,182,325,602,687,1289,740,664,1404,344,424,768,124,130,254,6,6,12,Predazzo
113,185,298,488,524,1012,713,619,1332,448,497,945,163,281,444,12,41,53,San Martino in Pensilis
8,7,15,31,22,53,26,19,45,10,25,35,3,6,9,0,0,0,Rovegno
97,155,252,458,456,914,491,371,862,229,303,532,95,137,232,3,5,8,Loro Ciuffenna
42,59,101,190,189,379,220,172,392,119,153,272,50,47,97,4,2,6,Ceresole Alba
41,82,123,454,389,843,558,479,1037,332,405,737,118,110,228,11,16,27,Sabbio Chiese
42,65,107,193,164,357,183,141,324,94,110,204,54,90,144,12,46,58,Rose
37,58,95,173,148,321,203,174,377,172,186,358,70,119,189,16,19,35,Montecilfone
308,413,721,1193,1188,2381,1315,1224,2539,651,1059,1710,226,281,507,10,25,35,Portoferraio
4,1,5,20,17,37,18,24,42,19,31,50,4,3,7,0,1,1,Ronco Canavese
5,8,13,24,17,41,25,19,44,19,31,50,3,2,5,0,0,0,Roburent
98,125,223,293,306,599,272,224,496,129,174,303,44,60,104,2,2,4,Curtatone
16,22,38,97,84,181,120,103,223,52,58,110,15,14,29,0,1,1,Gravere
1932,2554,4486,5156,4759,9915,4110,3735,7845,2089,2860,4949,902,1129,2031,71,124,195,Termoli
22,29,51,106,112,218,141,118,259,86,119,205,26,37,63,2,5,7,Monticiano
233,270,503,519,528,1047,380,350,730,307,386,693,89,187,276,9,24,33,Montepulciano
20,24,44,75,77,152,138,96,234,112,124,236,37,56,93,7,12,19,Montazzoli
296,374,670,1106,1099,2205,1062,844,1906,401,577,978,194,271,465,17,21,38,Riano
222,253,475,830,824,1654,828,735,1563,405,637,1042,175,204,379,4,11,15,Aviano
51,117,168,419,390,809,517,438,955,271,412,683,94,129,223,9,21,30,Tronzano Vercellese
16,26,42,81,95,176,216,158,374,116,128,244,29,49,78,7,7,14,Tramatza
18,21,39,84,112,196,250,188,438,109,90,199,44,67,111,10,22,32,Barrali
158,250,408,735,765,1500,754,648,1402,432,512,944,156,215,371,9,34,43,Brolo
24,29,53,150,130,280,149,125,274,105,108,213,41,77,118,1,6,7,Lugnano in Teverina
15,27,42,66,54,120,56,58,114,56,58,114,32,36,68,6,20,26,Cenadi
6,14,20,55,55,110,62,60,122,45,48,93,11,12,23,2,1,3,Asigliano Veneto
27,28,55,123,85,208,110,98,208,104,110,214,36,54,90,2,5,7,Latera
18,33,51,108,87,195,114,92,206,80,114,194,44,63,107,16,27,43,Roscigno
60,87,147,286,335,621,503,387,890,265,346,611,73,65,138,4,8,12,Valbrona
273,336,609,992,912,1904,1077,894,1971,580,771,1351,191,266,457,17,11,28,Legnaro
61,54,115,250,193,443,149,127,276,124,178,302,31,65,96,3,6,9,Cantiano
16,22,38,50,55,105,93,80,173,57,63,120,11,12,23,0,1,1,Montanera
57,72,129,239,255,494,277,239,516,215,293,508,64,90,154,1,5,6,Ostra Vetere
4,8,12,35,62,97,66,44,110,32,52,84,12,19,31,0,2,2,Quassolo
30,63,93,157,205,362,358,260,618,208,200,408,58,105,163,11,9,20,Monti
51,74,125,170,177,347,196,160,356,100,178,278,28,34,62,0,1,1,Sordevolo
17,20,37,93,86,179,128,89,217,85,107,192,29,44,73,0,2,2,San Bellino
316,418,734,1097,949,2046,754,725,1479,368,558,926,176,209,385,13,21,34,Castel di Sangro
365,409,774,1051,1013,2064,1178,1069,2247,644,803,1447,423,568,991,110,173,283,Cariati
2891,3604,6495,7217,7576,14793,5727,4973,10700,3174,4672,7846,1392,2230,3622,78,197,275,San Benedetto del Tronto
8,12,20,28,33,61,58,34,92,51,61,112,13,16,29,1,2,3,Castel Vittorio
59,45,104,168,188,356,214,178,392,140,141,281,35,55,90,11,6,17,Ales
30,38,68,162,158,320,210,166,376,152,219,371,39,42,81,3,5,8,Premosello-Chiovenda
69,74,143,265,294,559,299,316,615,203,273,476,62,68,130,2,6,8,Castelnuovo Don Bosco
14,21,35,64,61,125,87,67,154,57,69,126,12,15,27,0,0,0,Villar San Costanzo
119,146,265,646,642,1288,839,614,1453,433,618,1051,114,136,250,8,3,11,Bagnolo Cremasco
260,342,602,881,890,1771,780,805,1585,589,783,1372,184,282,466,9,14,23,Sasso Marconi
52,72,124,203,232,435,320,278,598,164,211,375,51,48,99,0,2,2,Morgex
63,75,138,270,274,544,324,240,564,217,291,508,73,82,155,1,3,4,Cirimido
15,9,24,40,34,74,36,23,59,45,64,109,9,25,34,6,14,20,Sacco
35,45,80,187,198,385,273,213,486,124,161,285,41,48,89,3,4,7,Giussago
9,21,30,41,46,87,36,39,75,22,32,54,9,11,20,0,0,0,Faggeto Lario
5,9,14,41,36,77,51,40,91,36,63,99,8,3,11,0,2,2,Ponti
47,68,115,293,304,597,516,388,904,252,364,616,79,67,146,2,7,9,Filago
19,16,35,78,80,158,85,88,173,37,40,77,19,12,31,2,3,5,Cuasso al Monte
42,62,104,153,117,270,152,144,296,102,146,248,44,83,127,6,27,33,Pesco Sannita
39,57,96,127,108,235,106,88,194,73,115,188,45,105,150,8,19,27,Bisaccia
27,40,67,193,167,360,215,166,381,105,183,288,15,27,42,1,2,3,Cedegolo
6,6,12,19,22,41,32,22,54,9,16,25,3,3,6,0,0,0,Fontainemore
120,155,275,556,521,1077,766,667,1433,426,511,937,130,142,272,3,9,12,Capriano del Colle
4,5,9,17,19,36,28,22,50,19,30,49,2,5,7,1,3,4,Morro Reatino
4,5,9,21,12,33,14,12,26,7,9,16,0,0,0,0,0,0,Carapelle Calvisio
245,272,517,770,822,1592,896,735,1631,468,593,1061,194,184,378,13,14,27,Guanzate
2671,2914,5585,5647,5802,11449,5076,4701,9777,2584,4353,6937,993,1237,2230,65,92,157,Bassano del Grappa
343,445,788,1070,1093,2163,969,786,1755,543,878,1421,147,263,410,18,23,41,Volterra
10,7,17,36,24,60,16,8,24,14,18,32,4,6,10,1,0,1,Pietracamela
290,444,734,1182,1095,2277,884,667,1551,496,840,1336,203,272,475,5,30,35,Segni
578,750,1328,2140,2175,4315,2755,2060,4815,1345,1671,3016,595,925,1520,61,128,189,Sezze
125,144,269,334,366,700,358,269,627,176,252,428,50,51,101,1,4,5,Ghiffa
64,56,120,197,203,400,236,192,428,136,160,296,33,79,112,0,8,8,Carpegna
65,92,157,329,350,679,612,481,1093,345,462,807,90,65,155,3,5,8,Casnigo
37,54,91,209,173,382,368,301,669,168,241,409,57,55,112,0,7,7,Barbariga
589,715,1304,2366,2326,4692,3238,2523,5761,1461,2293,3754,572,593,1165,27,42,69,Palazzolo sull'Oglio
162,199,361,590,617,1207,767,576,1343,388,618,1006,102,119,221,6,6,12,Gropello Cairoli
164,227,391,908,832,1740,1250,1086,2336,600,899,1499,247,243,490,15,17,32,Cologne
55,91,146,230,216,446,332,295,627,230,334,564,49,81,130,7,12,19,San Bassano
3,4,7,24,16,40,21,14,35,13,24,37,3,6,9,0,0,0,Zovencedo
330,427,757,1187,1043,2230,952,933,1885,329,651,980,123,153,276,6,11,17,Gradisca d'Isonzo
73,65,138,318,349,667,498,387,885,313,400,713,99,71,170,17,19,36,Pralboino
4,9,13,42,41,83,61,32,93,38,39,77,4,13,17,2,0,2,Costa de' Nobili
43,33,76,150,167,317,168,144,312,116,152,268,34,27,61,3,8,11,Nesso
1563,1819,3382,5308,5320,10628,4696,4074,8770,2444,3639,6083,992,1101,2093,57,109,166,Brugherio
4,5,9,13,11,24,24,12,36,13,15,28,4,12,16,1,0,1,San Biagio Saracinisco
48,58,106,225,230,455,308,255,563,129,213,342,42,44,86,1,3,4,Orio al Serio
43,50,93,171,193,364,232,190,422,106,133,239,35,42,77,5,2,7,Garbagna Novarese
15,14,29,70,94,164,114,98,212,91,131,222,12,19,31,0,2,2,Carema
11,12,23,51,46,97,54,52,106,26,41,67,9,20,29,1,5,6,Tramonti
242,354,596,815,742,1557,740,759,1499,538,810,1348,164,289,453,8,21,29,Massa Marittima
146,204,350,750,598,1348,655,610,1265,463,611,1074,175,289,464,16,52,68,Capistrello
8,7,15,19,23,42,29,25,54,26,39,65,10,9,19,1,0,1,Melle
0,2,2,11,6,17,12,5,17,6,12,18,1,1,2,0,0,0,Merana
57,92,149,217,199,416,160,159,319,172,190,362,48,83,131,20,55,75,Vaglio Basilicata
21,24,45,61,72,133,88,69,157,51,66,117,35,48,83,2,20,22,Teana
61,79,140,291,249,540,214,185,399,169,179,348,36,94,130,2,23,25,Casalincontrada
52,81,133,185,165,350,180,159,339,98,144,242,49,63,112,6,23,29,Fara Filiorum Petri
0,0,0,2,2,4,0,1,1,5,2,7,0,0,0,0,0,0,Arguello
1801,1927,3728,5854,5597,11451,6992,6040,13032,2904,4898,7802,1564,2113,3677,350,565,915,Torre Annunziata
50,68,118,198,200,398,259,195,454,129,154,283,46,58,104,2,2,4,Vignolo
118,154,272,599,597,1196,846,657,1503,427,557,984,148,157,305,8,18,26,Binago
42,46,88,124,149,273,165,121,286,80,102,182,26,32,58,1,2,3,Sommo
19,21,40,38,42,80,69,59,128,38,38,76,12,28,40,4,6,10,Ponzano di Fermo
49,49,98,147,136,283,182,153,335,103,131,234,50,67,117,13,20,33,Pacentro
26,35,61,185,157,342,181,172,353,119,184,303,22,48,70,3,2,5,Precenicco
179,202,381,504,517,1021,488,420,908,198,284,482,75,84,159,1,3,4,Vizzolo Predabissi
134,116,250,212,174,386,143,142,285,65,110,175,22,36,58,2,0,2,Luvinate
58,73,131,226,202,428,233,217,450,102,143,245,54,88,142,5,18,23,Dragoni
140,155,295,691,666,1357,872,732,1604,392,478,870,176,213,389,26,42,68,San Tammaro
1114,1293,2407,5053,4918,9971,5766,5360,11126,2447,3428,5875,983,1258,2241,92,163,255,Venaria Reale
26,33,59,138,112,250,127,101,228,69,116,185,20,19,39,4,4,8,Orio Canavese
115,124,239,408,399,807,345,320,665,198,282,480,62,73,135,2,1,3,Torri del Benaco
180,276,456,597,664,1261,673,519,1192,387,541,928,136,203,339,5,11,16,Gabicce Mare
38,47,85,259,242,501,271,274,545,196,270,466,50,97,147,11,19,30,Ostellato
57,87,144,339,303,642,316,289,605,169,214,383,70,110,180,12,16,28,Mercato Saraceno
34,38,72,116,128,244,145,102,247,48,76,124,21,33,54,1,4,5,Poggio Nativo
13,20,33,113,115,228,96,63,159,55,83,138,14,15,29,0,0,0,Tovo di Sant'Agata
11,18,29,54,63,117,71,48,119,52,80,132,14,8,22,0,0,0,Forcola
12,8,20,71,56,127,102,82,184,59,87,146,16,21,37,0,7,7,Castelnovetto
562,713,1275,2071,1860,3931,1836,1668,3504,803,1314,2117,282,424,706,12,29,41,Cervignano del Friuli
49,89,138,303,272,575,204,153,357,63,152,215,39,35,74,1,0,1,San Pietro al Natisone
104,124,228,346,276,622,389,310,699,308,377,685,64,149,213,6,12,18,Grotte di Castro
103,93,196,211,195,406,152,165,317,86,107,193,50,42,92,1,0,1,Monteviale
1,1,2,9,10,19,17,15,32,7,10,17,3,1,4,1,1,2,Lumarzo
53,61,114,144,183,327,229,159,388,136,127,263,47,85,132,7,28,35,Carolei
515,657,1172,1635,1782,3417,1826,1501,3327,953,1377,2330,318,433,751,16,36,52,Guastalla
144,189,333,785,740,1525,1034,906,1940,561,690,1251,222,201,423,11,22,33,Grassobbio
70,112,182,427,410,837,610,457,1067,299,438,737,109,107,216,3,4,7,Levate
2,7,9,36,20,56,37,26,63,23,28,51,5,2,7,0,0,0,Foppolo
22,25,47,130,117,247,80,95,175,57,78,135,28,22,50,0,1,1,Croviana
55,65,120,283,285,568,546,502,1048,238,310,548,129,178,307,30,116,146,San Giorgio Morgeto
45,62,107,202,168,370,215,173,388,89,140,229,62,72,134,10,41,51,Buonalbergo
123,137,260,615,528,1143,609,525,1134,246,358,604,102,128,230,5,10,15,Istrana
39,44,83,263,218,481,274,239,513,137,190,327,57,59,116,1,4,5,Castelcucco
51,83,134,281,362,643,468,347,815,247,248,495,92,89,181,10,15,25,Traona
7,16,23,74,85,159,106,77,183,57,60,117,11,13,24,0,1,1,Rogolo
183,235,418,957,852,1809,825,745,1570,499,751,1250,129,187,316,10,8,18,Majano
310,360,670,645,680,1325,365,412,777,187,304,491,95,98,193,22,30,52,Bogliasco
17,26,43,88,99,187,123,110,233,86,107,193,25,36,61,2,2,4,Coreglia Antelminelli
68,129,197,575,477,1052,533,505,1038,405,512,917,84,126,210,4,4,8,Castions di Strada
136,155,291,456,414,870,538,485,1023,292,418,710,82,115,197,4,7,11,Saccolongo
11,11,22,103,79,182,130,86,216,61,116,177,8,11,19,1,0,1,Cercivento
24,30,54,151,129,280,125,113,238,70,125,195,37,60,97,4,12,16,Ceneselli
555,743,1298,2512,2381,4893,3043,2469,5512,1250,2056,3306,630,828,1458,77,141,218,Cercola
110,98,208,305,281,586,310,241,551,149,184,333,62,88,150,1,10,11,Vitorchiano
73,117,190,418,413,831,585,539,1124,335,471,806,144,144,288,12,19,31,Medole
30,30,60,166,165,331,222,197,419,114,163,277,36,40,76,12,2,14,Casalgrasso
7,6,13,34,29,63,104,80,184,61,84,145,29,28,57,5,7,12,Armungia
8,23,31,55,88,143,181,130,311,101,127,228,27,35,62,7,2,9,Oniferi
151,183,334,794,800,1594,1177,1102,2279,580,737,1317,322,531,853,93,125,218,Sommatino
13,22,35,70,61,131,178,126,304,92,104,196,21,45,66,9,11,20,Morgongiori
51,54,105,274,265,539,585,504,1089,377,342,719,184,207,391,42,84,126,Zapponeta
38,45,83,288,240,528,513,462,975,260,279,539,111,168,279,24,40,64,Ordona
30,45,75,133,144,277,244,193,437,94,131,225,35,36,71,3,5,8,Garbagnate Monastero
71,121,192,374,368,742,284,252,536,177,206,383,71,129,200,8,39,47,Pietravairano
60,85,145,159,189,348,185,160,345,116,160,276,40,64,104,8,6,14,Castell'Umberto
76,113,189,385,386,771,474,422,896,302,399,701,77,107,184,7,4,11,Santo Stefano Belbo
36,48,84,141,130,271,160,121,281,84,100,184,25,28,53,3,2,5,Colle Brianza
13,17,30,93,113,206,264,199,463,108,127,235,50,85,135,7,24,31,Segariu
470,562,1032,1195,1219,2414,2639,2377,5016,1010,1359,2369,656,877,1533,267,342,609,Leonforte
54,69,123,163,156,319,299,289,588,218,244,462,108,181,289,46,47,93,Resuttano
80,94,174,309,349,658,461,437,898,274,337,611,126,187,313,33,20,53,Lascari
28,26,54,137,133,270,185,169,354,105,146,251,56,59,115,9,7,16,Godrano
953,1135,2088,1798,1889,3687,896,982,1878,411,656,1067,263,301,564,27,48,75,Sant'Agata li Battiati
386,492,878,1553,1603,3156,1899,1669,3568,1019,1408,2427,351,401,752,33,42,75,Sant'Angelo Lodigiano
702,725,1427,1194,1189,2383,796,830,1626,491,701,1192,202,199,401,8,8,16,Vedano al Lambro
45,58,103,144,163,307,137,102,239,69,112,181,26,45,71,2,2,4,Verucchio
45,63,108,192,182,374,283,260,543,171,246,417,86,109,195,28,50,78,Gasperina
16,23,39,68,71,139,79,62,141,42,50,92,16,39,55,2,8,10,Sant'Andrea del Garigliano
360,482,842,1450,1368,2818,1520,1329,2849,825,1111,1936,319,567,886,28,109,137,Priverno
485,630,1115,1727,1736,3463,1485,1281,2766,695,951,1646,315,411,726,62,174,236,Montesarchio
30,65,95,193,218,411,416,303,719,265,285,550,73,83,156,14,13,27,Riola Sardo
22,18,40,91,88,179,93,80,173,60,79,139,14,31,45,1,6,7,Castelnuovo di Farfa
222,333,555,1019,989,2008,1262,1075,2337,714,938,1652,193,191,384,14,9,23,Flero
104,155,259,386,386,772,462,449,911,346,420,766,123,216,339,22,58,80,Uggiano la Chiesa
6,11,17,24,21,45,34,29,63,12,23,35,6,18,24,1,1,2,Montecalvo in Foglia
67,100,167,199,195,394,168,147,315,83,105,188,46,53,99,3,10,13,Piane Crati
23,55,78,147,166,313,214,156,370,88,123,211,41,38,79,0,9,9,Civitella in Val di Chiana
30,33,63,148,174,322,201,151,352,131,164,295,22,29,51,0,0,0,Cambiasca
13,22,35,118,85,203,175,120,295,90,99,189,68,106,174,30,61,91,Terravecchia
31,66,97,96,97,193,68,66,134,61,97,158,21,39,60,4,3,7,Fratta Todina
41,48,89,216,179,395,187,166,353,110,154,264,32,50,82,6,8,14,San Martino al Tagliamento
632,836,1468,1708,1654,3362,1683,1366,3049,738,1102,1840,383,533,916,37,86,123,Mercato San Severino
8,19,27,56,48,104,70,55,125,55,56,111,17,39,56,8,30,38,Cardeto
183,216,399,666,667,1333,922,886,1808,476,829,1305,175,217,392,11,126,137,Pontevico
10,13,23,37,43,80,27,21,48,29,27,56,11,6,17,0,0,0,Caprese Michelangelo
158,237,395,922,996,1918,1474,1078,2552,959,1215,2174,311,395,706,33,63,96,Castelfranco di Sotto
29,45,74,141,124,265,170,143,313,122,183,305,40,35,75,2,5,7,Magnacavallo
71,71,142,241,289,530,432,369,801,237,321,558,75,109,184,2,9,11,Cavriana
22,37,59,115,105,220,185,147,332,106,118,224,33,49,82,5,11,16,Gavello
52,65,117,369,298,667,516,495,1011,316,398,714,87,183,270,13,26,39,Anguillara Veneta
4,3,7,28,24,52,26,28,54,17,31,48,4,9,13,0,0,0,Posina
129,172,301,552,535,1087,616,475,1091,274,406,680,120,135,255,5,2,7,Bolzano Vicentino
924,1065,1989,2480,2647,5127,1756,1710,3466,901,1355,2256,440,583,1023,32,60,92,Sorrento
333,369,702,1281,1193,2474,1298,1170,2468,636,966,1602,229,307,536,17,21,38,Isola della Scala
403,439,842,1296,1091,2387,988,906,1894,501,790,1291,183,199,382,9,14,23,Carnate
32,47,79,194,170,364,202,159,361,92,115,207,32,50,82,1,4,5,Nazzano
142,161,303,600,591,1191,928,720,1648,448,631,1079,164,155,319,3,17,20,Mapello
308,385,693,1122,1086,2208,1391,1175,2566,887,1179,2066,410,660,1070,98,187,285,Martano
95,90,185,246,247,493,238,225,463,128,133,261,75,135,210,19,55,74,Vallata
146,178,324,688,710,1398,995,887,1882,612,747,1359,243,276,519,60,62,122,Campofelice di Roccella
810,1231,2041,3208,3413,6621,4790,3996,8786,1877,2166,4043,832,1078,1910,114,217,331,Assemini
66,70,136,160,188,348,221,188,409,135,162,297,48,64,112,4,14,18,Aggius
1390,1662,3052,3014,3027,6041,1988,1929,3917,1010,1381,2391,504,597,1101,61,80,141,Aci Castello
171,235,406,733,680,1413,881,694,1575,372,559,931,220,327,547,34,92,126,Camposano
55,90,145,241,263,504,395,292,687,204,306,510,58,75,133,11,13,24,Buti
58,36,94,161,170,331,144,120,264,96,97,193,43,55,98,16,66,82,San Nicola da Crissa
55,74,129,263,238,501,251,222,473,147,208,355,59,80,139,2,9,11,Sarsina
489,628,1117,1460,1448,2908,2191,1866,4057,1219,1585,2804,529,881,1410,77,189,266,Monteroni di Lecce
205,273,478,954,892,1846,1376,1023,2399,652,943,1595,255,261,516,9,50,59,Verdello
53,54,107,176,175,351,212,160,372,115,146,261,33,56,89,0,3,3,Villa San Giovanni in Tuscia
5,10,15,46,46,92,62,44,106,40,49,89,11,11,22,0,0,0,Verretto
26,31,57,93,106,199,108,85,193,69,105,174,16,27,43,1,6,7,Calto
99,143,242,517,538,1055,646,500,1146,342,390,732,186,259,445,55,89,144,Rapolla
24,21,45,64,52,116,53,66,119,39,41,80,6,14,20,1,3,4,Brienno
23,29,52,125,123,248,238,188,426,128,157,285,29,38,67,0,4,4,Benna
118,146,264,520,508,1028,829,781,1610,428,590,1018,169,243,412,67,50,117,Butera
27,26,53,138,135,273,136,102,238,101,114,215,41,72,113,14,30,44,Falerna
84,92,176,303,293,596,302,295,597,193,279,472,48,69,117,2,4,6,Teolo
48,93,141,286,312,598,457,365,822,245,292,537,72,93,165,9,20,29,Caramagna Piemonte
5,3,8,13,7,20,16,12,28,12,11,23,3,3,6,0,0,0,Robella
132,157,289,395,443,838,431,445,876,200,278,478,75,101,176,3,14,17,Ospedaletti
6,2,8,21,29,50,59,35,94,29,28,57,14,8,22,2,1,3,Ruffia
90,97,187,489,491,980,709,571,1280,384,497,881,109,140,249,4,12,16,Vaiano Cremasco
261,317,578,606,584,1190,625,569,1194,356,554,910,99,116,215,3,7,10,Collebeato
784,952,1736,4187,4459,8646,5780,4776,10556,2836,3664,6500,999,1241,2240,203,200,403,Limbiate
92,175,267,589,662,1251,1545,1177,2722,727,684,1411,253,450,703,34,111,145,Sennori
336,363,699,1065,1119,2184,1717,1394,3111,938,1197,2135,503,706,1209,89,92,181,Campobello di Licata
499,619,1118,1733,1795,3528,2344,2015,4359,1059,1256,2315,610,788,1398,127,143,270,Ispica
987,1115,2102,4516,4819,9335,4827,4046,8873,2474,3281,5755,1421,1895,3316,261,386,647,Favara
7,14,21,63,44,107,68,65,133,47,62,109,7,7,14,0,1,1,Incudine
9,16,25,50,52,102,76,64,140,55,66,121,11,26,37,5,3,8,Cheremule
1589,2039,3628,3525,3634,7159,2507,2143,4650,1267,1731,2998,583,822,1405,21,116,137,Francavilla al Mare
41,80,121,181,247,428,432,335,767,259,282,541,63,112,175,6,4,10,Borore
16,37,53,141,133,274,242,161,403,113,163,276,31,27,58,2,1,3,Premolo
343,368,711,1270,1344,2614,1703,1413,3116,657,816,1473,406,486,892,72,230,302,Polistena
24,41,65,208,222,430,211,183,394,155,197,352,35,45,80,0,3,3,Altavalle
62,46,108,145,156,301,177,148,325,149,175,324,52,97,149,26,52,78,Savelli
100,142,242,381,416,797,343,220,563,203,255,458,80,136,216,25,45,70,Decollatura
38,57,95,171,178,349,271,186,457,174,218,392,70,158,228,8,44,52,Volturino
1,0,1,4,4,8,7,11,18,8,4,12,3,2,5,0,0,0,Apice
26,32,58,72,74,146,63,52,115,59,66,125,9,13,22,1,2,3,Castelplanio
32,35,67,121,109,230,103,91,194,52,77,129,23,38,61,4,6,10,San Nicola Manfredi
313,451,764,835,969,1804,920,709,1629,479,570,1049,170,269,439,19,35,54,Bojano
2,1,3,10,9,19,16,17,33,6,15,21,1,3,4,0,0,0,Sambuca Pistoiese
584,754,1338,1506,1732,3238,2279,1923,4202,1045,1228,2273,363,542,905,60,65,125,Tempio Pausania
48,68,116,287,348,635,646,553,1199,279,284,563,123,133,256,26,32,58,Villasimius
157,231,388,904,743,1647,663,623,1286,364,522,886,134,216,350,8,13,21,San Giustino
973,1168,2141,3074,3136,6210,4620,3763,8383,2595,3492,6087,1013,1674,2687,190,384,574,Manduria
782,921,1703,2192,2265,4457,1500,1351,2851,661,1088,1749,380,480,860,8,23,31,Bracciano
25,40,65,114,104,218,119,111,230,51,67,118,23,42,65,4,4,8,Filiano
114,148,262,617,621,1238,794,642,1436,421,584,1005,141,242,383,13,29,42,Montalto di Castro
56,40,96,172,158,330,219,185,404,146,160,306,45,63,108,5,19,24,Centola
428,569,997,1629,1797,3426,2474,1902,4376,1506,2024,3530,509,636,1145,57,112,169,Fucecchio
235,295,530,690,653,1343,733,609,1342,462,677,1139,171,281,452,26,56,82,Soleto
231,377,608,1064,1052,2116,917,623,1540,432,615,1047,230,342,572,31,52,83,Casali del Manco
407,586,993,1661,1857,3518,2407,1889,4296,1104,1571,2675,573,967,1540,155,253,408,Galatone
17,22,39,83,85,168,80,51,131,55,72,127,6,20,26,2,2,4,Lignana
38,52,90,189,155,344,258,229,487,158,194,352,53,45,98,4,9,13,Idro
140,142,282,522,537,1059,707,623,1330,402,578,980,204,228,432,23,60,83,Specchia
9,7,16,26,23,49,37,19,56,19,29,48,1,10,11,0,0,0,Montedinove
10,15,25,49,51,100,59,42,101,31,50,81,5,10,15,0,3,3,Sant'Olcese
121,139,260,640,685,1325,730,694,1424,473,652,1125,115,151,266,29,48,77,Campomorone
183,175,358,380,433,813,308,267,575,144,228,372,66,114,180,2,18,20,Veroli
268,326,594,1100,1130,2230,1359,1195,2554,700,946,1646,274,322,596,19,34,53,Lonato del Garda
131,193,324,734,678,1412,722,589,1311,369,482,851,131,176,307,7,8,15,Prata di Pordenone
313,424,737,1361,1483,2844,1973,1516,3489,1170,1630,2800,382,524,906,49,68,117,Lastra a Signa
108,117,225,235,243,478,240,210,450,115,180,295,53,97,150,3,14,17,Ripatransone
61,82,143,245,261,506,346,313,659,198,202,400,110,131,241,35,79,114,Simeri Crichi
217,287,504,1024,951,1975,1705,1374,3079,883,1196,2079,350,512,862,53,115,168,Pulsano
11,10,21,22,20,42,19,13,32,36,58,94,2,12,14,0,1,1,Ortona dei Marsi
2239,3005,5244,7664,7811,15475,7527,6626,14153,4442,6650,11092,1551,2116,3667,114,193,307,Carpi
95,115,210,413,386,799,416,401,817,276,270,546,113,182,295,10,32,42,Petacciato
220,328,548,945,996,1941,954,809,1763,527,652,1179,174,273,447,6,18,24,Calderara di Reno
41,77,118,327,276,603,498,417,915,275,397,672,98,92,190,7,10,17,Costigliole Saluzzo
620,836,1456,1896,2071,3967,1915,1333,3248,895,1047,1942,470,696,1166,62,204,266,Rionero in Vulture
21,22,43,54,59,113,88,62,150,70,80,150,37,52,89,1,11,12,Castellino del Biferno
77,110,187,596,483,1079,494,439,933,263,474,737,74,113,187,3,4,7,Recoaro Terme
5,6,11,7,12,19,6,8,14,8,7,15,1,4,5,0,0,0,Monteriggioni
291,389,680,1244,1193,2437,1618,1372,2990,775,1124,1899,258,307,565,29,42,71,Racconigi
49,54,103,155,156,311,167,149,316,76,98,174,23,57,80,6,4,10,Torricella Sicura
53,57,110,214,213,427,310,281,591,195,274,469,62,65,127,4,18,22,Pieve del Cairo
1594,1959,3553,4342,4350,8692,4703,4575,9278,2165,3645,5810,753,1007,1760,57,107,164,Pinerolo
4,1,5,22,14,36,24,24,48,32,31,63,2,5,7,0,1,1,Pertica Alta
14,28,42,80,72,152,91,70,161,73,73,146,26,55,81,7,11,18,Carunchio
27,28,55,96,67,163,111,95,206,79,110,189,40,51,91,13,26,39,Sant'Angelo Le Fratte
227,299,526,755,766,1521,699,606,1305,303,458,761,111,157,268,5,18,23,Tagliacozzo
59,65,124,198,161,359,171,149,320,109,120,229,42,70,112,17,49,66,Santa Sofia d'Epiro
65,81,146,271,279,550,327,264,591,209,233,442,112,144,256,28,67,95,Mandatoriccio
90,104,194,332,336,668,381,370,751,234,387,621,77,92,169,10,11,21,Valperga
7,7,14,21,17,38,19,11,30,35,45,80,1,5,6,0,1,1,Pamparato
123,120,243,546,530,1076,831,580,1411,438,552,990,137,128,265,6,6,12,Bariano
23,37,60,178,213,391,244,187,431,148,211,359,39,65,104,0,4,4,Villimpenta
5,6,11,40,28,68,15,19,34,16,21,37,0,8,8,0,0,0,Sauris
141,218,359,582,620,1202,533,458,991,332,485,817,160,193,353,7,11,18,Cotignola
176,188,364,633,691,1324,754,575,1329,420,645,1065,151,186,337,10,12,22,Poviglio
102,137,239,567,551,1118,1163,956,2119,486,617,1103,179,184,363,27,23,50,Bolgare
42,46,88,196,175,371,204,189,393,129,177,306,34,59,93,2,14,16,Cona
39,29,68,111,111,222,140,133,273,80,86,166,51,70,121,9,31,40,Celenza sul Trigno
20,28,48,148,161,309,191,192,383,108,110,218,48,64,112,17,59,76,Laviano
52,69,121,286,286,572,338,275,613,154,209,363,72,81,153,0,2,2,Cerro Veronese
12,15,27,41,40,81,39,29,68,27,54,81,6,10,16,0,2,2,Castiglione a Casauria
3,3,6,22,16,38,29,25,54,18,27,45,5,4,9,3,1,4,Neirone
327,428,755,1474,1446,2920,1777,1510,3287,801,1062,1863,339,474,813,37,67,104,Martinsicuro
131,187,318,626,619,1245,802,650,1452,513,668,1181,226,439,665,41,73,114,Neviano
1083,1464,2547,3850,3508,7358,2645,2512,5157,1243,2070,3313,484,691,1175,22,58,80,Colleferro
223,273,496,960,851,1811,850,729,1579,428,597,1025,200,222,422,5,12,17,Zero Branco
54,104,158,398,322,720,366,311,677,228,328,556,76,96,172,3,10,13,Cinto Caomaggiore
8,4,12,38,39,77,74,63,137,29,50,79,8,7,15,1,0,1,Costa Serina
50,62,112,330,330,660,592,520,1112,333,399,732,109,113,222,5,6,11,Foresto Sparso
885,1063,1948,2635,2510,5145,1966,1868,3834,1054,1752,2806,406,582,988,29,26,55,Oderzo
151,138,289,413,450,863,489,381,870,201,315,516,103,148,251,13,39,52,Casamarciano
72,100,172,327,360,687,520,397,917,258,329,587,93,100,193,17,11,28,Gazoldo degli Ippoliti
149,169,318,513,448,961,543,495,1038,240,347,587,92,95,187,3,4,7,Castello di Godego
14,16,30,69,63,132,126,122,248,74,66,140,19,37,56,6,26,32,Tocco Caudio
199,267,466,1022,930,1952,1292,1090,2382,703,981,1684,245,289,534,10,6,16,Rossano Veneto
588,643,1231,1750,1811,3561,1876,1544,3420,1012,1442,2454,340,422,762,14,34,48,Olgiate Olona
38,44,82,77,85,162,96,85,181,69,82,151,28,67,95,6,18,24,Sant'Angelo a Fasanella
241,309,550,991,949,1940,838,700,1538,469,734,1203,180,227,407,13,11,24,San Vendemiano
43,49,92,232,202,434,371,290,661,159,220,379,107,125,232,7,10,17,Casalmoro
100,114,214,547,605,1152,1211,948,2159,591,693,1284,214,233,447,16,27,43,Ghisalba
105,113,218,451,480,931,649,571,1220,363,646,1009,103,95,198,4,9,13,Gazzaniga
1,2,3,10,10,20,16,13,29,19,21,40,2,1,3,0,1,1,Rocchetta Palafea
60,101,161,274,294,568,333,232,565,143,191,334,48,55,103,2,4,6,Linarolo
1,2,3,20,11,31,25,22,47,17,19,36,5,5,10,0,0,0,Cercino
4,8,12,32,28,60,25,32,57,18,28,46,5,6,11,0,0,0,Sinio
5,4,9,15,19,34,20,19,39,15,12,27,2,4,6,0,1,1,Aramengo
268,356,624,1434,1155,2589,1263,1154,2417,641,967,1608,251,312,563,9,20,29,Casarsa della Delizia
285,351,636,1327,1197,2524,2689,2032,4721,1055,1570,2625,648,697,1345,99,208,307,Casandrino
362,426,788,1355,1387,2742,1159,977,2136,488,768,1256,261,361,622,23,39,62,Casamicciola Terme
14,12,26,59,72,131,118,71,189,64,87,151,20,12,32,0,1,1,Plesio
12,28,40,85,81,166,101,96,197,53,71,124,14,16,30,2,3,5,Borgoratto Alessandrino
142,183,325,650,674,1324,771,625,1396,455,593,1048,125,183,308,4,19,23,Pegognaga
41,58,99,163,159,322,174,136,310,103,139,242,20,34,54,0,2,2,Montebello della Battaglia
7,4,11,38,28,66,39,33,72,34,52,86,7,9,16,0,0,0,Aurigo
6,6,12,15,22,37,39,31,70,20,28,48,7,3,10,1,0,1,Onzo
102,155,257,320,259,579,211,182,393,141,209,350,66,77,143,16,33,49,Pescopagano
93,116,209,413,381,794,450,356,806,221,271,492,87,91,178,3,12,15,Limido Comasco
23,43,66,106,104,210,118,128,246,80,111,191,21,22,43,1,3,4,Calamandrana
230,303,533,791,725,1516,752,678,1430,593,712,1305,242,348,590,28,48,76,Genzano di Lucania
39,45,84,199,212,411,196,162,358,108,144,252,33,33,66,7,6,13,Savignone
10,9,19,26,27,53,29,27,56,24,26,50,8,10,18,0,1,1,Monteleone di Fermo
29,39,68,73,70,143,84,69,153,69,108,177,12,34,46,1,6,7,Arielli
0,0,0,3,5,8,5,5,10,7,8,15,0,0,0,0,0,0,Laghi
4,6,10,22,32,54,37,32,69,26,41,67,18,22,40,1,1,2,Camporotondo di Fiastrone
6,10,16,21,28,49,23,20,43,23,33,56,3,6,9,0,0,0,Castel di Casio
409,588,997,2081,1984,4065,1615,1463,3078,660,873,1533,345,429,774,8,24,32,Fiano Romano
139,141,280,506,514,1020,638,472,1110,273,399,672,104,114,218,5,12,17,Casirate d'Adda
4,1,5,21,28,49,45,34,79,33,49,82,2,7,9,0,0,0,Cusino
35,47,82,178,142,320,150,126,276,85,157,242,24,33,57,0,1,1,Attimis
14,19,33,56,57,113,55,43,98,38,47,85,14,17,31,3,11,14,Roccamorice
1,0,1,0,0,0,2,0,2,2,4,6,0,0,0,0,0,0,Corvara
33,48,81,204,206,410,221,174,395,133,164,297,78,139,217,8,26,34,Ripacandida
132,159,291,454,437,891,570,461,1031,317,365,682,150,255,405,55,111,166,Muro Lucano
146,182,328,577,592,1169,880,725,1605,424,581,1005,148,171,319,5,9,14,Provaglio d'Iseo
143,185,328,789,768,1557,1182,990,2172,546,660,1206,191,196,387,3,10,13,Torbole Casaglia
467,574,1041,1395,1389,2784,828,791,1619,444,709,1153,248,298,546,13,29,42,Sant'Agnello
97,133,230,606,660,1266,1134,846,1980,519,661,1180,194,196,390,19,20,39,Spirano
13,11,24,35,39,74,37,41,78,30,36,66,11,7,18,0,0,0,Moncucco Torinese
111,144,255,577,503,1080,613,534,1147,312,496,808,131,179,310,10,10,20,Fossalta di Piave
38,35,73,94,120,214,171,128,299,128,125,253,78,108,186,33,52,85,Roccanova
22,25,47,116,90,206,70,77,147,59,98,157,11,8,19,2,1,3,Pellizzano
38,55,93,200,190,390,149,135,284,94,123,217,40,38,78,0,0,0,Porte di Rendena
21,30,51,94,79,173,84,69,153,54,75,129,23,23,46,0,2,2,Acquasanta Terme
26,23,49,84,92,176,81,77,158,32,56,88,16,38,54,1,2,3,Castel Ritaldi
3,3,6,15,11,26,20,9,29,9,12,21,5,10,15,3,3,6,Castel Castagna
80,132,212,461,454,915,634,489,1123,262,349,611,95,115,210,4,6,10,Rogno
32,32,64,117,90,207,131,94,225,85,102,187,18,18,36,3,3,6,Riva di Solto
8,9,17,24,19,43,19,20,39,20,26,46,4,15,19,1,0,1,Rocca Pia
2,5,7,9,13,22,14,8,22,7,8,15,0,0,0,1,0,1,Champorcher
40,47,87,220,185,405,246,231,477,104,103,207,75,91,166,22,73,95,Trentinara
23,26,49,136,158,294,285,226,511,149,182,331,47,54,101,2,10,12,Divignano
66,72,138,199,212,411,235,198,433,110,148,258,48,68,116,10,25,35,Giffoni Sei Casali
23,29,52,71,76,147,65,52,117,29,69,98,13,16,29,0,1,1,Castelnuovo Magra
4,8,12,22,23,45,28,19,47,11,14,25,3,4,7,0,0,0,Vezzi Portio
22,34,56,115,123,238,155,117,272,116,131,247,21,22,43,1,2,3,Grontardo
15,16,31,65,58,123,46,42,88,28,38,66,4,15,19,0,8,8,Rocca San Felice
1571,1723,3294,4448,4759,9207,3569,3222,6791,1555,1998,3553,796,834,1630,24,51,75,Buccinasco
254,281,535,1028,967,1995,1297,1085,2382,687,1004,1691,265,234,499,12,12,24,Brembate di Sopra
158,203,361,512,465,977,522,428,950,311,394,705,171,218,389,23,53,76,Oppido Lucano
213,240,453,503,499,1002,394,337,731,225,315,540,68,90,158,5,7,12,San Genesio ed Uniti
78,83,161,248,258,506,248,220,468,156,167,323,57,88,145,8,23,31,Miglianico
56,71,127,219,205,424,195,166,361,74,132,206,30,46,76,8,9,17,Ospedaletto d'Alpinolo
54,71,125,222,232,454,293,208,501,157,218,375,61,53,114,3,9,12,Mornago
2,2,4,15,28,43,25,16,41,19,27,46,4,6,10,0,0,0,Cessole
34,51,85,130,142,272,174,153,327,88,136,224,23,50,73,1,5,6,Castell'Alfero
170,209,379,686,678,1364,880,692,1572,459,595,1054,152,209,361,14,28,42,Boretto
23,21,44,91,111,202,105,94,199,80,126,206,20,26,46,1,0,1,Borgomasino
4,3,7,5,2,7,3,5,8,5,4,9,0,1,1,0,0,0,Sale San Giovanni
114,188,302,514,566,1080,1142,905,2047,547,625,1172,316,459,775,49,169,218,San Michele Salentino
99,176,275,337,351,688,334,220,554,186,307,493,48,122,170,10,22,32,Sternatia
2,4,6,18,22,40,31,18,49,16,24,40,3,4,7,1,0,1,Castel Boglione
17,29,46,95,78,173,116,107,223,86,82,168,24,30,54,0,1,1,Pocapaglia
4,7,11,20,24,44,27,26,53,18,36,54,8,6,14,0,0,0,Monteu Roero
548,660,1208,2533,2380,4913,3325,2727,6052,1478,2177,3655,896,1033,1929,142,178,320,Poggiomarino
186,194,380,644,580,1224,776,634,1410,424,576,1000,141,150,291,13,15,28,Brivio
79,103,182,321,321,642,331,249,580,166,256,422,57,64,121,0,5,5,Aicurzio
17,19,36,55,67,122,71,69,140,56,82,138,19,24,43,0,3,3,Pella
9,5,14,46,43,89,44,53,97,32,39,71,9,10,19,0,0,0,Montelupo Albese
24,37,61,168,168,336,193,168,361,93,126,219,31,28,59,2,8,10,Ozegna
207,294,501,1004,1048,2052,1320,1081,2401,694,944,1638,220,240,460,6,20,26,Lazzate
28,15,43,57,65,122,75,53,128,36,56,92,3,19,22,1,3,4,Perdifumo
9,16,25,61,76,137,84,74,158,48,44,92,12,16,28,1,2,3,Castellaro
285,358,643,849,840,1689,591,591,1182,307,393,700,174,195,369,13,22,35,Valverde
6,9,15,9,20,29,27,23,50,23,36,59,8,10,18,2,2,4,Sennariolo
66,67,133,283,269,552,291,278,569,189,282,471,67,82,149,10,9,19,San Filippo del Mela
420,466,886,1025,1116,2141,924,789,1713,465,567,1032,267,312,579,38,36,74,Viagrande
1,0,1,9,6,15,12,7,19,18,21,39,2,5,7,0,1,1,Loreglia
11,20,31,87,140,227,243,179,422,120,144,264,38,69,107,5,14,19,Zerfaliu
30,38,68,152,153,305,199,197,396,123,113,236,44,74,118,15,42,57,Pago Veiano
119,163,282,375,324,699,299,286,585,155,216,371,57,56,113,1,5,6,Imbersago
767,891,1658,2339,2333,4672,2352,2047,4399,977,1244,2221,454,574,1028,28,53,81,Rocca di Papa
84,145,229,411,359,770,305,282,587,201,255,456,68,65,133,6,21,27,Castelliri
46,74,120,279,302,581,310,215,525,165,229,394,48,64,112,5,4,9,Secugnago
9982,10660,20642,19072,19421,38493,14293,14450,28743,6942,11177,18119,3068,3564,6632,186,299,485,Monza
38,79,117,152,152,304,375,260,635,206,242,448,78,136,214,6,15,21,Meana Sardo
887,1288,2175,5236,5697,10933,8562,7451,16013,3724,4624,8348,1840,2207,4047,292,402,694,Misterbianco
65,82,147,254,277,531,323,301,624,225,283,508,93,114,207,20,22,42,Vita
40,37,77,119,139,258,205,153,358,69,112,181,42,58,100,20,56,76,Capistrano
71,72,143,225,224,449,201,166,367,116,177,293,33,60,93,4,3,7,Capodimonte
62,65,127,232,285,517,310,225,535,184,234,418,65,86,151,3,5,8,Carmignano
267,327,594,1056,1055,2111,1053,978,2031,507,667,1174,188,202,390,4,11,15,Mezzolombardo
39,43,82,130,117,247,169,124,293,125,184,309,59,74,133,20,33,53,Pentone
67,69,136,239,228,467,362,299,661,168,231,399,58,54,112,2,3,5,Ambivere
62,49,111,170,140,310,180,143,323,110,164,274,74,99,173,30,57,87,Pallagorio
320,401,721,1165,1182,2347,1210,1012,2222,528,896,1424,182,229,411,8,15,23,Sovico
15,19,34,52,68,120,73,57,130,49,44,93,17,9,26,0,0,0,Cimone
131,220,351,566,621,1187,811,555,1366,410,551,961,145,168,313,6,13,19,Capraia e Limite
412,483,895,2012,2011,4023,3655,2982,6637,1471,2038,3509,875,1119,1994,135,230,365,Sant'Antonio Abate
23,49,72,147,119,266,175,165,340,126,134,260,58,101,159,24,46,70,Abriola
18,17,35,79,72,151,95,85,180,52,80,132,19,20,39,3,7,10,Prossedi
755,1134,1889,3233,3131,6364,3447,3272,6719,1774,2276,4050,527,1004,1531,70,188,258,Carbonia
17,21,38,94,110,204,243,173,416,109,115,224,62,77,139,6,6,12,Padru
7,5,12,18,20,38,28,31,59,37,36,73,11,14,25,0,0,0,Osidda
31,37,68,107,108,215,111,81,192,111,167,278,46,58,104,5,17,22,San Nicola dell'Alto
40,47,87,225,218,443,260,250,510,170,228,398,35,49,84,2,3,5,Polesine Zibello
14,15,29,50,51,101,52,50,102,44,62,106,9,17,26,1,1,2,Monte Cerignone
69,98,167,320,371,691,410,311,721,147,186,333,85,103,188,3,5,8,Tavullia
825,1064,1889,1975,2231,4206,1928,1564,3492,1187,1702,2889,397,621,1018,14,40,54,Recanati
9,8,17,38,50,88,53,48,101,33,37,70,10,15,25,0,4,4,Penna Sant'Andrea
13,18,31,59,74,133,119,97,216,65,93,158,26,47,73,1,2,3,Cinigiano
79,85,164,332,288,620,621,487,1108,422,438,860,147,269,416,21,80,101,Torricella
49,65,114,451,351,802,482,485,967,292,299,591,135,203,338,23,48,71,Lettomanoppello
42,53,95,195,173,368,216,187,403,192,238,430,80,126,206,20,44,64,Cannole
37,45,82,193,197,390,200,207,407,101,132,233,38,46,84,4,3,7,Ferentillo
46,70,116,202,179,381,194,180,374,108,163,271,28,69,97,5,7,12,Montecastrilli
307,443,750,1249,1179,2428,1500,1277,2777,702,1031,1733,285,267,552,10,15,25,Roncadelle
27,37,64,121,111,232,217,155,372,105,158,263,29,33,62,2,2,4,Ferrera Erbognone
45,47,92,125,116,241,92,78,170,55,86,141,22,35,57,1,5,6,San Lorenzello
338,384,722,1304,1317,2621,2467,1942,4409,971,1278,2249,548,669,1217,145,238,383,San Marcellino
29,33,62,82,83,165,88,60,148,60,85,145,15,36,51,0,4,4,Monteleone d'Orvieto
750,922,1672,2257,2172,4429,2265,2162,4427,1208,1733,2941,440,499,939,17,37,54,Carate Brianza
4,6,10,22,30,52,35,19,54,26,26,52,4,3,7,0,0,0,Trarego Viggiona
62,75,137,246,218,464,176,183,359,122,182,304,46,66,112,3,3,6,Polcenigo
19,23,42,108,94,202,118,117,235,75,103,178,22,25,47,2,2,4,San Giorgio della Richinvelda
28,37,65,94,93,187,124,102,226,76,94,170,51,61,112,12,12,24,Santa Cristina d'Aspromonte
15,15,30,61,55,116,77,57,134,41,61,102,11,12,23,1,1,2,Talla
428,537,965,1640,1570,3210,1361,1142,2503,509,764,1273,255,246,501,11,15,26,Rocca Priora
25,22,47,168,181,349,175,156,331,66,124,190,21,42,63,4,12,16,Agosta
32,29,61,107,100,207,77,72,149,39,54,93,14,21,35,2,5,7,Sant'Angelo a Cupolo
405,471,876,1622,1472,3094,1638,1438,3076,971,1428,2399,326,399,725,17,20,37,San Martino di Lupari
59,74,133,374,333,707,402,334,736,210,313,523,69,86,155,3,5,8,Moricone
5,14,19,64,47,111,75,34,109,50,66,116,7,27,34,1,3,4,Orciano Pisano
333,322,655,1062,1128,2190,1746,1587,3333,858,1061,1919,526,841,1367,101,113,214,Corleone
15,12,27,80,81,161,93,67,160,45,46,91,19,29,48,1,2,3,Furore
1573,1620,3193,3890,3672,7562,2832,2930,5762,1359,2479,3838,526,592,1118,39,60,99,Vimercate
32,39,71,113,126,239,143,108,251,85,103,188,20,31,51,1,1,2,Guardistallo
13,14,27,65,63,128,114,80,194,71,113,184,17,19,36,1,0,1,Portula
86,105,191,453,474,927,997,874,1871,557,593,1150,212,316,528,46,66,112,Stornara
75,84,159,256,258,514,365,300,665,135,199,334,91,112,203,19,21,40,Corbara
717,896,1613,3908,3842,7750,7076,5302,12378,2858,4557,7415,1220,1739,2959,172,394,566,Arzano
140,166,306,583,596,1179,900,770,1670,401,489,890,168,166,334,13,14,27,San Paolo d'Argon
165,287,452,902,962,1864,1346,1073,2419,543,705,1248,210,218,428,12,26,38,Bonate Sopra
29,29,58,150,109,259,155,138,293,97,143,240,24,29,53,4,4,8,Calvene
23,29,52,91,92,183,143,94,237,65,100,165,23,30,53,2,3,5,Luzzana
426,536,962,2119,2178,4297,3593,3015,6608,1516,2178,3694,740,886,1626,99,188,287,Casavatore
29,46,75,193,217,410,236,205,441,126,180,306,49,44,93,10,5,15,Carasco
39,69,108,270,231,501,318,263,581,169,216,385,75,97,172,7,27,34,Castelluccio dei Sauri
2,3,5,14,16,30,17,13,30,10,12,22,3,1,4,0,0,0,Rocchetta Ligure
46,66,112,278,289,567,318,263,581,213,270,483,55,78,133,5,10,15,Orio Litta
248,314,562,884,943,1827,1000,869,1869,526,782,1308,157,171,328,10,19,29,Albavilla
73,81,154,322,328,650,395,354,749,163,221,384,57,86,143,2,8,10,Brugine
188,261,449,776,743,1519,829,692,1521,455,682,1137,125,168,293,8,19,27,Albizzate
74,98,172,424,418,842,758,607,1365,372,491,863,150,119,269,12,20,32,Suisio
8,13,21,32,21,53,34,31,65,20,32,52,4,4,8,0,0,0,Valnegra
51,55,106,175,232,407,357,289,646,232,247,479,65,63,128,3,5,8,Gargallo
10,14,24,28,53,81,89,61,150,61,53,114,23,30,53,7,18,25,Ginestra degli Schiavoni
2014,2153,4167,5182,5564,10746,6279,5800,12079,3172,4184,7356,1500,2210,3710,200,347,547,Modica
100,170,270,701,668,1369,1305,1115,2420,696,763,1459,250,410,660,43,77,120,Villasor
55,68,123,237,300,537,498,355,853,229,206,435,125,165,290,29,43,72,Orroli
15,11,26,106,126,232,231,209,440,147,128,275,56,80,136,4,10,14,Sant'Antonio di Gallura
111,128,239,438,474,912,683,647,1330,430,483,913,298,422,720,92,126,218,Mineo
99,120,219,419,438,857,495,419,914,231,314,545,124,180,304,10,22,32,Santa Sofia
21,21,42,100,79,179,92,105,197,71,79,150,22,47,69,6,17,23,Castelluccio Superiore
398,495,893,1627,1683,3310,2103,1960,4063,701,985,1686,223,268,491,8,6,14,Muggia
84,86,170,408,370,778,448,379,827,226,375,601,91,92,183,3,5,8,Arsiero
68,123,191,358,377,735,407,321,728,203,255,458,81,110,191,4,13,17,Castel Guelfo di Bologna
7,24,31,136,127,263,189,163,352,91,134,225,38,28,66,0,0,0,Ono San Pietro
13,14,27,59,67,126,46,37,83,66,98,164,21,30,51,1,7,8,Belmonte del Sannio
14,13,27,62,70,132,109,112,221,111,98,209,22,27,49,5,9,14,Dualchi
46,70,116,230,279,509,595,457,1052,252,267,519,109,191,300,40,46,86,Guasila
5,12,17,42,45,87,82,78,160,57,83,140,19,24,43,1,0,1,Aidomaggiore
46,74,120,258,284,542,282,226,508,108,147,255,52,57,109,2,1,3,Gudo Visconti
31,42,73,148,120,268,155,130,285,132,188,320,31,46,77,4,10,14,Schivenoglia
165,217,382,828,725,1553,875,761,1636,499,619,1118,186,261,447,9,29,38,Sant'Agata Bolognese
82,127,209,495,432,927,450,366,816,169,312,481,78,84,162,0,2,2,Turriaco
37,55,92,234,171,405,216,192,408,131,179,310,33,58,91,3,7,10,Villa Estense
72,79,151,430,353,783,562,477,1039,273,316,589,113,107,220,5,5,10,San Zenone degli Ezzelini
26,50,76,142,139,281,207,184,391,125,169,294,43,100,143,8,18,26,Pietracatella
143,186,329,519,462,981,547,449,996,258,346,604,93,94,187,5,2,7,Monticelli Brusati
181,221,402,771,704,1475,775,700,1475,571,612,1183,236,356,592,29,68,97,Montenero di Bisaccia
171,205,376,572,527,1099,414,358,772,263,387,650,105,163,268,9,9,18,San Gemini
132,172,304,620,579,1199,697,545,1242,341,452,793,161,176,337,4,13,17,Buttapietra
236,283,519,951,824,1775,1039,849,1888,464,671,1135,171,240,411,10,12,22,Pianiga
88,97,185,386,405,791,674,514,1188,343,442,785,137,119,256,11,11,22,Offlaga
44,51,95,260,241,501,392,340,732,263,316,579,50,53,103,1,1,2,Angolo Terme
333,456,789,1779,1795,3574,2277,1910,4187,1014,1269,2283,443,586,1029,40,98,138,Lariano
246,311,557,1065,1000,2065,1502,1270,2772,834,1124,1958,289,249,538,20,20,40,Borgosatollo
1,2,3,6,8,14,29,16,45,11,16,27,2,8,10,0,2,2,Bracca
28,31,59,172,148,320,164,161,325,93,124,217,36,49,85,1,1,2,Zenson di Piave
149,167,316,661,549,1210,798,767,1565,345,465,810,181,236,417,28,67,95,Bellona
41,52,93,171,179,350,232,188,420,147,193,340,32,40,72,4,7,11,Frassineto Po
55,67,122,289,281,570,345,341,686,233,293,526,83,113,196,9,20,29,Villafranca d'Asti
50,66,116,163,179,342,139,143,282,92,85,177,55,69,124,13,14,27,San Potito Sannitico
25,32,57,121,91,212,139,115,254,84,97,181,30,34,64,0,0,0,San Paolo Solbrito
6,2,8,39,33,72,39,33,72,28,38,66,7,4,11,2,0,2,Taipana
27,30,57,163,118,281,114,110,224,77,110,187,15,24,39,2,5,7,Castelguglielmo
19,28,47,79,74,153,67,49,116,61,92,153,10,23,33,1,2,3,Sant'Agapito
4,8,12,19,36,55,44,28,72,28,32,60,12,15,27,1,0,1,Castellazzo Novarese
128,172,300,483,491,974,495,431,926,243,327,570,77,117,194,3,15,18,Magliano de' Marsi
13,18,31,74,69,143,117,88,205,61,83,144,33,23,56,3,3,6,Molino dei Torti
37,58,95,192,199,391,381,304,685,180,249,429,77,113,190,18,57,75,Cervino
180,170,350,302,351,653,238,240,478,137,197,334,57,61,118,2,1,3,Carimate
173,249,422,692,795,1487,1062,849,1911,543,682,1225,205,341,546,61,98,159,Lizzanello
12,11,23,56,58,114,60,42,102,43,46,89,10,34,44,2,5,7,Giungano
279,312,591,1145,1166,2311,1443,1166,2609,723,996,1719,228,270,498,15,27,42,Gorla Minore
19,31,50,111,91,202,113,91,204,57,70,127,25,23,48,2,3,5,Arignano
70,152,222,242,297,539,602,491,1093,359,328,687,96,140,236,16,10,26,Orani
21,27,48,90,72,162,90,64,154,46,81,127,13,13,26,3,1,4,Barone Canavese
97,185,282,464,500,964,1086,831,1917,410,428,838,198,316,514,52,65,117,Serrenti
603,623,1226,1836,1802,3638,2755,2464,5219,1335,1727,3062,615,1055,1670,144,285,429,Scicli
592,690,1282,1510,1553,3063,1133,1052,2185,685,989,1674,255,284,539,24,53,77,Patti
34,46,80,130,172,302,309,258,567,182,173,355,66,120,186,18,30,48,Chiaramonti
14,30,44,63,54,117,161,122,283,88,82,170,45,75,120,6,9,15,Osini
48,104,152,274,346,620,1036,764,1800,516,523,1039,192,254,446,29,25,54,Orgosolo
6,25,31,63,58,121,133,86,219,107,116,223,22,45,67,7,6,13,Padria
85,113,198,276,279,555,506,356,862,210,276,486,117,145,262,59,111,170,Molochio
41,34,75,174,176,350,266,232,498,151,162,313,84,110,194,20,52,72,Auletta
288,359,647,1211,1164,2375,1296,1089,2385,742,1083,1825,370,593,963,43,99,142,Parabita
152,163,315,345,368,713,430,390,820,188,230,418,106,140,246,14,37,51,Roccadaspide
123,189,312,400,415,815,421,326,747,209,296,505,94,141,235,4,9,13,Torgiano
78,91,169,296,309,605,348,325,673,179,229,408,57,69,126,3,9,12,Campo nell'Elba
42,46,88,163,128,291,139,155,294,83,86,169,33,63,96,5,14,19,Cusano Mutri
26,35,61,85,78,163,96,69,165,71,112,183,24,35,59,1,2,3,Pescosolido
885,1114,1999,3027,2867,5894,3812,3162,6974,2214,3146,5360,945,1128,2073,172,173,345,Ruvo di Puglia
21,36,57,104,166,270,344,238,582,177,143,320,60,97,157,9,17,26,Viddalba
341,497,838,2036,1917,3953,2149,1816,3965,969,1394,2363,407,511,918,36,68,104,Valmontone
11,7,18,34,30,64,40,43,83,63,74,137,7,4,11,0,0,0,Bore
97,100,197,221,207,428,267,226,493,178,234,412,75,112,187,3,3,6,Montelupone
14,18,32,61,61,122,81,61,142,76,94,170,24,66,90,5,19,24,Calopezzati
236,231,467,626,649,1275,700,533,1233,219,371,590,143,188,331,17,84,101,Sant'Agata de' Goti
148,182,330,411,384,795,288,265,553,178,258,436,75,126,201,7,18,25,Casoli
18,11,29,57,61,118,66,74,140,38,84,122,19,19,38,1,0,1,Montiglio Monferrato
39,56,95,157,139,296,140,108,248,99,135,234,46,104,150,3,26,29,Petrella Tifernina
299,388,687,726,696,1422,744,723,1467,383,455,838,145,243,388,23,59,82,Larino
3,3,6,26,21,47,30,18,48,20,23,43,5,11,16,3,4,7,Abbateggio
13,26,39,75,60,135,62,34,96,48,63,111,14,22,36,4,1,5,Acquaviva d'Isernia
30,32,62,63,60,123,62,50,112,45,63,108,16,38,54,3,4,7,Massignano
3,12,15,74,77,151,76,76,152,46,61,107,12,27,39,4,19,23,Sorbo San Basile
18,23,41,139,129,268,220,190,410,141,228,369,34,50,84,5,11,16,Morano sul Po
0,2,2,1,2,3,5,1,6,1,2,3,0,0,0,0,0,0,Algua
1898,2224,4122,6658,6803,13461,7159,6335,13494,3691,5144,8835,1296,1709,3005,127,226,353,Cologno Monzese
57,80,137,201,207,408,222,212,434,103,162,265,39,68,107,5,8,13,Macerata Feltria
10,26,36,72,62,134,110,81,191,82,74,156,22,51,73,8,21,29,Torella del Sannio
271,392,663,1655,1498,3153,1760,1490,3250,911,1195,2106,341,506,847,17,68,85,Artena
1763,2333,4096,4264,4928,9192,5069,3876,8945,2906,4561,7467,1037,1503,2540,85,145,230,Empoli
471,587,1058,1348,1388,2736,1311,1169,2480,790,1084,1874,255,410,665,8,26,34,Zola Predosa
8,5,13,27,15,42,26,33,59,19,38,57,4,10,14,0,0,0,Vito d'Asio
11,11,22,67,46,113,111,120,231,97,108,205,38,65,103,29,39,68,Crucoli
522,594,1116,1768,1571,3339,1578,1563,3141,682,888,1570,283,363,646,11,26,37,Rivalta di Torino
44,66,110,268,246,514,308,293,601,161,182,343,72,97,169,7,22,29,Collecorvino
16,25,41,85,64,149,99,92,191,59,84,143,23,38,61,4,10,14,Faeto
77,89,166,257,225,482,227,178,405,150,179,329,64,94,158,14,40,54,Torano Castello
51,77,128,289,265,554,455,387,842,287,334,621,194,249,443,96,155,251,Verbicaro
52,51,103,202,189,391,278,241,519,188,282,470,45,72,117,3,7,10,Sartirana Lomellina
26,28,54,117,100,217,108,80,188,52,74,126,10,26,36,3,3,6,San Benedetto Val di Sambro
39,52,91,182,161,343,222,176,398,170,166,336,89,137,226,10,30,40,Montefalcone nel Sannio
29,49,78,148,188,336,197,157,354,128,176,304,37,43,80,4,2,6,Occimiano
64,108,172,322,321,643,294,277,571,212,242,454,72,85,157,10,21,31,Pianopoli
25,27,52,60,53,113,46,45,91,26,27,53,47,39,86,0,5,5,Gualdo Cattaneo
13,14,27,102,98,200,118,107,225,68,93,161,28,49,77,1,5,6,Piegaro
107,156,263,443,459,902,586,506,1092,331,443,774,98,96,194,5,12,17,Dogliani
80,102,182,371,409,780,583,492,1075,279,430,709,88,102,190,4,10,14,Bagni di Lucca
37,40,77,178,145,323,156,171,327,80,121,201,38,73,111,1,5,6,Venarotta
163,179,342,692,682,1374,1009,930,1939,541,741,1282,171,179,350,20,28,48,Sommariva del Bosco
10,23,33,90,93,183,123,108,231,77,109,186,16,26,42,2,3,5,Front
158,228,386,814,710,1524,876,775,1651,387,562,949,142,195,337,9,21,30,San Benigno Canavese
308,460,768,1243,1443,2686,2157,1542,3699,1149,1381,2530,537,581,1118,68,70,138,Santa Croce sull'Arno
21,25,46,123,99,222,76,88,164,33,75,108,15,17,32,1,1,2,Vilminore di Scalve
11,23,34,51,74,125,102,78,180,70,81,151,21,23,44,1,0,1,Torre San Giorgio
6,9,15,53,52,105,96,86,182,61,80,141,13,20,33,3,5,8,Lavenone
8,19,27,49,41,90,58,35,93,42,54,96,12,12,24,1,3,4,Priero
15,8,23,37,35,72,46,45,91,37,36,73,27,52,79,8,24,32,Isca sullo Ionio
45,48,93,200,171,371,314,238,552,106,181,287,67,107,174,12,30,42,Taurano
49,33,82,168,149,317,143,128,271,88,109,197,23,51,74,13,23,36,Montecorvino Pugliano
45,64,109,218,178,396,199,166,365,74,131,205,39,73,112,4,7,11,Castignano
6,12,18,49,53,102,63,57,120,36,59,95,9,7,16,0,1,1,Valgrana
630,831,1461,2717,2649,5366,3307,2837,6144,1569,2182,3751,590,674,1264,49,116,165,Trecate
66,96,162,212,216,428,170,134,304,103,117,220,32,39,71,0,1,1,Bonemerse
149,207,356,612,581,1193,668,532,1200,262,391,653,126,133,259,11,13,24,Loreggia
33,48,81,158,172,330,207,162,369,98,130,228,35,31,66,1,0,1,Fino del Monte
884,1007,1891,3168,3375,6543,3108,2648,5756,1465,2037,3502,548,661,1209,34,44,78,Cornaredo
11,29,40,66,63,129,72,65,137,28,29,57,10,12,22,0,1,1,Gignod
3,1,4,9,4,13,21,12,33,25,44,69,2,2,4,0,1,1,Magasa
1,7,8,35,43,78,53,35,88,22,38,60,8,12,20,2,3,5,Ceranesi
25,35,60,161,150,311,207,150,357,102,126,228,25,38,63,0,3,3,Castello d'Agogna
379,494,873,1135,1170,2305,1108,981,2089,602,902,1504,225,232,457,12,21,33,Lomazzo
173,194,367,658,638,1296,526,501,1027,404,433,837,154,228,382,30,64,94,San Lucido
212,288,500,700,764,1464,807,645,1452,532,627,1159,177,283,460,12,30,42,Sant'Elpidio a Mare
5,6,11,14,9,23,23,14,37,31,27,58,13,29,42,1,11,12,San Biase
3,10,13,27,24,51,32,30,62,31,55,86,27,21,48,6,5,11,Cappella de' Picenardi
4,8,12,17,13,30,12,15,27,13,15,28,0,4,4,0,0,0,Castellero
73,129,202,602,527,1129,659,575,1234,279,376,655,122,185,307,3,3,6,Cassola
209,243,452,901,795,1696,773,741,1514,399,778,1177,147,155,302,2,4,6,Breganze
22,18,40,83,64,147,95,89,184,50,66,116,14,24,38,1,4,5,Strangolagalli
98,134,232,344,317,661,333,248,581,123,192,315,86,97,183,9,24,33,Pratola Serra
11,12,23,36,45,81,53,41,94,45,44,89,10,8,18,0,1,1,Cossano Belbo
59,97,156,374,353,727,494,431,925,280,347,627,83,107,190,2,13,15,Bosconero
18,17,35,83,69,152,175,103,278,96,161,257,27,67,94,4,11,15,Onano
22,36,58,173,118,291,134,116,250,96,158,254,22,23,45,1,2,3,Trivignano Udinese
36,45,81,145,125,270,139,119,258,62,110,172,26,14,40,3,4,7,Borghetto di Borbera
178,221,399,749,724,1473,674,590,1264,413,646,1059,154,188,342,7,15,22,Medolla
135,165,300,822,694,1516,714,667,1381,407,637,1044,174,218,392,12,9,21,Cordignano
160,187,347,611,627,1238,628,570,1198,390,476,866,133,156,289,12,26,38,San Secondo Parmense
7,7,14,31,45,76,72,39,111,38,41,79,4,8,12,0,1,1,Cozzo
100,133,233,475,465,940,467,363,830,241,353,594,60,78,138,0,10,10,Briosco
236,261,497,1202,1098,2300,1077,909,1986,627,889,1516,245,272,517,7,10,17,Mareno di Piave
33,36,69,163,175,338,177,162,339,128,196,324,19,43,62,1,2,3,Cencenighe Agordino
47,67,114,200,161,361,261,230,491,171,161,332,104,130,234,30,89,119,Amaroni
22,25,47,157,130,287,223,197,420,143,166,309,51,57,108,2,6,8,Agnosine
36,47,83,85,94,179,133,109,242,66,66,132,21,29,50,0,1,1,Roisan
46,86,132,260,299,559,375,293,668,228,232,460,89,127,216,14,15,29,Borgo Tossignano
31,29,60,109,126,235,165,126,291,99,97,196,32,30,62,0,3,3,Castelletto Stura
60,82,142,351,297,648,453,388,841,277,323,600,86,168,254,2,12,14,San Martino di Venezze
21,18,39,76,78,154,127,114,241,78,94,172,27,51,78,9,20,29,Castelfranco in Miscano
18,12,30,54,50,104,94,64,158,73,89,162,14,36,50,5,12,17,Casalanguida
43,39,82,178,189,367,218,186,404,138,192,330,38,28,66,3,2,5,Verrua Po
421,559,980,1644,1619,3263,1907,1690,3597,791,1152,1943,445,591,1036,66,136,202,San Prisco
39,38,77,94,86,180,101,78,179,60,70,130,14,30,44,3,14,17,Montefusco
12,12,24,54,48,102,59,43,102,36,33,69,5,9,14,0,1,1,Montegrino Valtravaglia
15,39,54,98,70,168,77,91,168,94,79,173,27,49,76,2,6,8,Poggiofiorito
2530,3019,5549,10959,10947,21906,11116,9870,20986,5654,8068,13722,2006,2562,4568,175,311,486,Cinisello Balsamo
42,57,99,203,261,464,318,278,596,140,169,309,67,62,129,3,4,7,Casaletto Vaprio
0,3,3,12,8,20,7,13,20,6,10,16,1,4,5,0,0,0,Perloz
49,49,98,176,160,336,215,163,378,120,195,315,79,91,170,9,13,22,Banzi
28,38,66,112,113,225,129,107,236,48,98,146,16,21,37,0,1,1,Moraro
26,45,71,149,137,286,210,194,404,119,162,281,28,42,70,4,3,7,Montechiaro d'Asti
44,52,96,188,195,383,250,211,461,145,175,320,49,57,106,1,4,5,Mombercelli
123,132,255,398,430,828,581,547,1128,295,402,697,97,110,207,8,20,28,Asso
6,9,15,13,16,29,15,14,29,11,19,30,5,5,10,1,0,1,Brissogne
12,22,34,65,43,108,67,57,124,49,55,104,23,26,49,17,33,50,Sangineto
40,50,90,244,199,443,284,288,572,125,176,301,45,62,107,4,4,8,Chiusa di San Michele
110,133,243,408,388,796,481,379,860,271,346,617,78,84,162,5,4,9,Carbonate
23,24,47,75,86,161,90,73,163,47,56,103,7,15,22,0,0,0,Torre Canavese
531,642,1173,1680,1527,3207,1301,1061,2362,458,598,1056,306,349,655,30,62,92,Monteforte Irpino
48,50,98,176,149,325,139,138,277,88,112,200,44,66,110,7,9,16,Teora
6,7,13,12,19,31,16,14,30,6,5,11,5,1,6,0,0,0,Monrupino
195,217,412,555,540,1095,774,593,1367,407,473,880,236,370,606,44,101,145,Guardia Sanframondi
33,48,81,209,195,404,307,234,541,196,239,435,45,61,106,3,9,12,Rondissone
24,37,61,122,94,216,115,105,220,71,94,165,17,22,39,0,0,0,Vallo Torinese
2,8,10,34,41,75,42,37,79,33,37,70,6,7,13,0,1,1,Scopa
34,63,97,245,222,467,265,187,452,183,239,422,35,37,72,1,6,7,Villata
3,8,11,8,12,20,11,9,20,6,13,19,1,0,1,0,0,0,Paroldo
1,1,2,31,37,68,64,55,119,25,40,65,11,8,19,0,0,0,Lusernetta
4023,4653,8676,12424,12397,24821,10540,10166,20706,5121,8204,13325,2005,2476,4481,147,298,445,Sesto San Giovanni
6,12,18,64,85,149,240,197,437,124,104,228,52,72,124,12,13,25,Domus de Maria
309,429,738,1056,1021,2077,1487,1380,2867,918,1108,2026,402,478,880,77,86,163,Santa Flavia
21,49,70,157,190,347,298,243,541,176,176,352,46,80,126,2,9,11,Telti
416,552,968,1559,1549,3108,1791,1579,3370,759,1007,1766,261,404,665,21,31,52,Macomer
107,222,329,652,720,1372,1243,1067,2310,645,643,1288,206,328,534,44,59,103,Domusnovas
745,854,1599,2211,2117,4328,1779,1704,3483,1010,1539,2549,351,388,739,18,22,40,Villasanta
22,22,44,70,70,140,98,77,175,43,53,96,15,33,48,2,1,3,Torricella in Sabina
13,29,42,75,106,181,262,203,465,211,185,396,64,77,141,11,12,23,Gergei
16,13,29,46,48,94,79,63,142,57,74,131,22,28,50,7,14,21,Reitano
88,150,238,325,401,726,539,446,985,262,416,678,120,194,314,25,48,73,Calascibetta
54,71,125,248,271,519,409,326,735,204,237,441,114,178,292,40,68,108,Montallegro
5,7,12,24,34,58,39,34,73,26,36,62,6,5,11,0,0,0,Abbadia Cerreto
0,3,3,9,14,23,18,9,27,8,11,19,3,2,5,0,1,1,Monte Santa Maria Tiberina
26,60,86,220,179,399,297,219,516,125,136,261,63,98,161,10,43,53,Parenti
103,118,221,304,311,615,306,212,518,195,280,475,115,158,273,13,33,46,Frascineto
48,62,110,225,215,440,218,175,393,149,173,322,71,101,172,17,44,61,Lattarico
14,13,27,73,63,136,98,87,185,43,66,109,23,16,39,1,3,4,Lona-Lases
98,159,257,374,320,694,276,266,542,201,308,509,65,110,175,4,23,27,Chiusi
13,25,38,90,83,173,141,97,238,73,95,168,25,51,76,5,17,22,Roccasecca dei Volsci
165,209,374,396,402,798,434,438,872,173,289,462,86,188,274,24,55,79,Solopaca
1122,1370,2492,4042,3855,7897,6376,5433,11809,2449,3460,5909,1357,1814,3171,265,722,987,Maddaloni
283,319,602,1193,1129,2322,1562,1288,2850,782,1187,1969,250,302,552,18,27,45,Cornate d'Adda
4,6,10,25,23,48,25,18,43,20,27,47,2,9,11,1,2,3,Rocchetta e Croce
94,107,201,368,323,691,401,339,740,172,318,490,111,155,266,15,17,32,Pastorano
201,259,460,934,916,1850,1173,924,2097,530,758,1288,184,204,388,45,49,94,Fara Gera d'Adda
1472,1642,3114,3846,3941,7787,3890,3403,7293,1666,2384,4050,845,1242,2087,150,329,479,Eboli
2,6,8,40,21,61,34,20,54,22,14,36,3,11,14,3,0,3,Castelsantangelo sul Nera
45,54,99,224,190,414,232,193,425,138,133,271,99,132,231,15,87,102,Caselle in Pittari
17,18,35,52,65,117,67,74,141,62,65,127,22,27,49,7,19,26,Olivadi
58,64,122,235,224,459,159,183,342,156,196,352,46,51,97,1,6,7,Agazzano
419,522,941,1285,1470,2755,1369,1067,2436,836,1041,1877,309,417,726,20,48,68,Forlimpopoli
107,133,240,419,366,785,324,273,597,154,232,386,63,104,167,0,2,2,Stroncone
33,40,73,164,188,352,208,202,410,132,159,291,47,58,105,0,2,2,Berbenno
64,103,167,248,290,538,361,291,652,152,213,365,75,154,229,12,28,40,Galati Mamertino
41,34,75,106,81,187,123,136,259,73,82,155,37,41,78,16,36,52,Benestare
77,94,171,306,299,605,399,307,706,127,202,329,85,115,200,15,26,41,Valle di Maddaloni
350,420,770,1023,1004,2027,834,764,1598,403,658,1061,189,219,408,6,6,12,Vigodarzere
61,76,137,339,287,626,375,313,688,212,278,490,76,86,162,2,2,4,Grumolo delle Abbadesse
10,5,15,22,16,38,25,16,41,18,26,44,1,5,6,0,1,1,Morfasso
123,158,281,730,753,1483,929,774,1703,423,498,921,197,241,438,14,27,41,Cellamare
25,30,55,181,136,317,237,217,454,149,179,328,36,95,131,1,3,4,Carlino
14,25,39,91,99,190,164,129,293,91,111,202,26,56,82,2,21,23,Trevi nel Lazio
1029,1113,2142,2817,2897,5714,2404,2246,4650,1184,1559,2743,512,677,1189,28,88,116,Ariccia
10,18,28,68,65,133,129,115,244,104,105,209,53,74,127,5,14,19,San Buono
12,23,35,105,77,182,220,156,376,92,127,219,41,73,114,4,4,8,Monterotondo Marittimo
9,11,20,32,33,65,29,25,54,22,25,47,13,10,23,0,3,3,Castelbellino
20,21,41,92,79,171,128,91,219,68,113,181,31,62,93,18,30,48,Montano Antilia
22,24,46,127,154,281,238,191,429,141,161,302,44,47,91,0,2,2,Pumenengo
314,404,718,1263,1365,2628,1525,1238,2763,701,979,1680,259,294,553,13,26,39,Locate di Triulzi
2005,2431,4436,6036,6065,12101,5314,4577,9891,2601,3682,6283,1016,1066,2082,69,101,170,Lissone
10,28,38,79,75,154,147,120,267,79,85,164,17,34,51,7,4,11,Bottidda
978,1172,2150,3676,3898,7574,6034,5396,11430,3491,4196,7687,1973,2542,4515,577,607,1184,Licata
178,231,409,965,892,1857,1188,1012,2200,507,858,1365,328,572,900,99,157,256,Casteltermini
392,391,783,1172,1261,2433,2135,1842,3977,1042,1416,2458,620,847,1467,124,140,264,Ravanusa
557,649,1206,1605,1605,3210,1431,1252,2683,687,986,1673,330,386,716,7,13,20,Ponzano Veneto
33,35,68,139,121,260,149,138,287,62,73,135,38,57,95,6,31,37,Arena
30,78,108,208,265,473,546,427,973,259,304,563,106,136,242,6,15,21,Mamoiada
37,41,78,244,204,448,427,387,814,214,299,513,97,160,257,17,19,36,Torretta
35,45,80,198,222,420,285,222,507,97,164,261,56,83,139,18,25,43,Sant'Alfio
69,64,133,191,151,342,197,160,357,103,117,220,17,39,56,3,3,6,Stintino
95,185,280,666,712,1378,1501,1202,2703,633,634,1267,270,398,668,49,79,128,Uta
50,49,99,136,126,262,262,237,499,122,170,292,70,85,155,27,74,101,Seminara
32,19,51,75,84,159,83,70,153,79,104,183,19,23,42,3,11,14,Sant'Agata del Bianco
281,427,708,1255,1276,2531,1957,1800,3757,1142,1190,2332,444,639,1083,89,175,264,Surbo
2,7,9,25,22,47,29,31,60,30,46,76,4,5,9,0,1,1,Veglio
12,9,21,58,59,117,72,63,135,51,73,124,14,13,27,2,5,7,Strona
43,30,73,150,117,267,164,164,328,162,182,344,44,83,127,12,47,59,Palermiti
10,20,30,80,52,132,86,89,175,87,109,196,30,67,97,13,26,39,Lucito
5,4,9,31,40,71,75,66,141,44,39,83,14,22,36,0,3,3,Asuni
11,14,25,55,73,128,102,66,168,75,82,157,11,21,32,0,2,2,Giave
31,54,85,116,137,253,292,236,528,202,173,375,70,96,166,5,7,12,Tula
76,119,195,395,479,874,548,422,970,305,384,689,143,201,344,34,36,70,Tortorici
199,218,417,621,660,1281,723,566,1289,401,517,918,147,165,312,10,3,13,Sala Baganza
528,660,1188,1778,2006,3784,2611,2022,4633,1275,1506,2781,540,730,1270,30,81,111,Savignano sul Rubicone
6,12,18,33,39,72,79,53,132,44,44,88,16,24,40,4,15,19,Longano
1,4,5,24,18,42,19,14,33,12,18,30,2,3,5,0,1,1,Prepotto
124,164,288,547,574,1121,863,817,1680,583,713,1296,262,412,674,74,105,179,Santa Caterina Villarmosa
6,6,12,54,50,104,43,29,72,24,46,70,10,6,16,0,0,0,Terragnolo
58,75,133,283,261,544,338,266,604,186,266,452,39,62,101,3,6,9,Monte Romano
5,10,15,50,42,92,38,42,80,23,42,65,6,5,11,1,1,2,Tiglieto
289,393,682,1332,1261,2593,1661,1369,3030,925,1375,2300,386,372,758,37,51,88,Gardone Val Trompia
69,81,150,379,369,748,600,504,1104,296,385,681,105,96,201,8,7,15,Marcheno
381,520,901,1857,1761,3618,2828,2212,5040,1373,1685,3058,567,1002,1569,94,197,291,Palagiano
237,263,500,1154,1104,2258,1322,1109,2431,654,876,1530,263,345,608,24,18,42,Trebaseleghe
108,133,241,401,458,859,362,311,673,283,348,631,82,120,202,5,7,12,Quattro Castella
22,19,41,189,191,380,229,163,392,173,219,392,46,44,90,4,3,7,Lanzada
1366,1664,3030,5315,5514,10829,5379,4825,10204,3397,4398,7795,1139,1510,2649,103,172,275,Sassuolo
815,835,1650,2376,2255,4631,2206,1868,4074,1172,1888,3060,422,546,968,18,26,44,Villorba
445,578,1023,1608,1562,3170,2611,2257,4868,1295,1708,3003,586,868,1454,115,317,432,Oria
233,264,497,706,780,1486,1057,881,1938,638,842,1480,232,349,581,35,63,98,Melendugno
358,466,824,1243,1240,2483,1282,1023,2305,625,861,1486,239,443,682,14,37,51,Castiglion Fiorentino
23,38,61,161,131,292,173,164,337,90,143,233,37,43,80,2,6,8,Castello di Annone
176,230,406,642,627,1269,567,532,1099,317,514,831,109,229,338,13,10,23,Pergola
61,44,105,142,150,292,121,116,237,84,97,181,50,64,114,11,15,26,Castelsilano
11,15,26,70,51,121,66,60,126,55,117,172,12,9,21,0,1,1,Valdastico
495,634,1129,1561,1682,3243,1608,1386,2994,1003,1238,2241,376,566,942,49,127,176,Pontecagnano Faiano
530,706,1236,2164,2555,4719,3080,2641,5721,1555,2167,3722,448,632,1080,30,61,91,Valenza
8,8,16,26,24,50,25,18,43,12,24,36,2,4,6,0,1,1,Frabosa Sottana
220,297,517,791,742,1533,810,829,1639,490,778,1268,161,176,337,4,8,12,Carcare
14,25,39,46,33,79,46,42,88,40,52,92,13,33,46,3,3,6,Casalciprano
170,224,394,374,375,749,259,212,471,128,232,360,34,80,114,0,6,6,Cortona
114,196,310,713,638,1351,797,684,1481,352,526,878,131,179,310,10,25,35,Villastellone
76,83,159,310,273,583,274,217,491,223,270,493,90,129,219,27,36,63,Gioia dei Marsi
13,15,28,49,38,87,108,79,187,38,53,91,16,19,35,1,3,4,Crespadoro
248,278,526,846,841,1687,856,756,1612,444,579,1023,144,189,333,3,14,17,Cumiana
51,61,112,210,204,414,357,284,641,199,321,520,40,54,94,4,5,9,Pancalieri
55,81,136,336,353,689,566,530,1096,265,463,728,77,93,170,3,5,8,Perosa Argentina
80,104,184,303,314,617,222,201,423,139,229,368,53,53,106,0,2,2,Brentonico
1101,1397,2498,2787,2843,5630,2842,2209,5051,1574,2441,4015,569,661,1230,57,67,124,Pontedera
128,171,299,601,551,1152,825,779,1604,466,526,992,270,387,657,51,101,152,Torchiarolo
78,73,151,318,267,585,398,347,745,232,308,540,111,206,317,27,77,104,Orsara di Puglia
1030,1258,2288,3800,3447,7247,5576,4634,10210,2300,3410,5710,1154,1695,2849,258,408,666,Massafra
131,173,304,600,664,1264,1166,997,2163,644,871,1515,321,516,837,127,129,256,Lercara Friddi
25,34,59,138,118,256,394,331,725,164,185,349,110,136,246,39,100,139,Giffone
8,7,15,51,59,110,65,68,133,62,66,128,22,31,53,17,25,42,Tortora
37,56,93,257,250,507,284,229,513,181,221,402,73,133,206,17,55,72,Rocchetta Sant'Antonio
6,6,12,18,19,37,31,24,55,14,16,30,3,7,10,0,0,0,Montegridolfo
177,213,390,591,547,1138,558,468,1026,298,415,713,110,110,220,10,7,17,Paderno d'Adda
313,459,772,1538,1436,2974,2276,1831,4107,1158,1443,2601,517,708,1225,92,108,200,Grumo Appula
2937,3469,6406,8711,7377,16088,7714,6482,14196,5174,7738,12912,2449,3660,6109,378,461,839,Molfetta
5533,6879,12412,11846,12677,24523,9276,8180,17456,5601,7975,13576,2062,3078,5140,90,151,241,Pesaro
6,9,15,26,24,50,26,22,48,24,36,60,7,14,21,1,4,5,Magliano Vetere
89,151,240,550,571,1121,896,778,1674,544,591,1135,194,261,455,26,58,84,Stornarella
8,9,17,45,33,78,20,20,40,34,46,80,4,14,18,1,6,7,Petruro Irpino
623,722,1345,1498,1309,2807,1117,1008,2125,661,974,1635,259,346,605,7,14,21,Noventa Padovana
750,967,1717,3417,3310,6727,6309,5115,11424,2942,3969,6911,1481,1862,3343,343,614,957,Sant'Antimo
10,21,31,73,86,159,109,87,196,85,104,189,20,18,38,2,0,2,Cisterna d'Asti
99,122,221,384,353,737,395,321,716,212,285,497,72,55,127,1,5,6,Lambrugo
32,50,82,139,143,282,126,96,222,81,108,189,33,48,81,3,6,9,Giuliano di Roma
15,22,37,62,71,133,104,94,198,72,100,172,20,23,43,2,3,5,Grana
3,6,9,53,33,86,51,34,85,29,45,74,6,7,13,0,0,0,Caravonica
44,29,73,102,89,191,110,102,212,86,110,196,35,49,84,17,23,40,Gallicchio
7,7,14,42,39,81,48,28,76,29,56,85,2,4,6,1,0,1,Pigra
9,16,25,38,37,75,27,21,48,42,38,80,6,15,21,2,4,6,Civitella Messer Raimondo
14,21,35,84,78,162,198,135,333,107,128,235,31,40,71,1,4,5,Seulo
21,57,78,98,127,225,307,222,529,142,202,344,51,85,136,15,18,33,Busachi
19,14,33,35,40,75,51,29,80,10,32,42,5,3,8,0,0,0,Quagliuzzo
45,67,112,197,176,373,212,171,383,106,126,232,44,64,108,7,21,28,San Nicola Arcella
620,671,1291,1700,1781,3481,2685,2249,4934,1799,2165,3964,864,1142,2006,93,164,257,Torremaggiore
212,314,526,605,640,1245,676,496,1172,449,546,995,191,298,489,47,103,150,Tricarico
7,9,16,76,61,137,107,92,199,58,71,129,25,32,57,0,8,8,Correzzola
66,61,127,196,211,407,204,181,385,134,163,297,49,86,135,2,7,9,Servigliano
9,13,22,56,65,121,70,48,118,39,87,126,4,13,17,1,4,5,Rea
4,6,10,34,28,62,41,26,67,39,38,77,5,3,8,1,1,2,Rezzo
30,28,58,131,116,247,137,132,269,98,137,235,23,32,55,3,9,12,Oviglio
18,20,38,73,54,127,67,69,136,43,75,118,5,8,13,2,2,4,Ofena
82,45,127,175,167,342,192,154,346,136,156,292,70,113,183,22,50,72,Gizzeria
12,8,20,43,68,111,63,48,111,25,47,72,16,13,29,4,2,6,Tizzano Val Parma
123,173,296,625,574,1199,578,478,1056,228,289,517,106,116,222,4,4,8,Givoletto
28,25,53,53,57,110,48,52,100,26,45,71,12,21,33,1,1,2,Casalvieri
7,8,15,15,22,37,49,35,84,18,27,45,5,5,10,0,0,0,Brovello-Carpugnino
30,40,70,119,114,233,156,134,290,88,93,181,29,40,69,12,13,25,Melito Irpino
21,36,57,92,103,195,91,62,153,86,106,192,21,41,62,1,2,3,Prezza
90,116,206,355,329,684,403,366,769,217,265,482,70,126,196,9,15,24,Loiano
785,914,1699,2527,2709,5236,2553,2588,5141,1437,2343,3780,450,592,1042,40,79,119,Acqui Terme
75,92,167,339,329,668,323,297,620,207,299,506,56,72,128,3,3,6,Aiello del Friuli
4221,4939,9160,11619,11846,23465,11392,10211,21603,6291,9710,16001,2068,2489,4557,160,242,402,Busto Arsizio
6,15,21,45,44,89,54,29,83,42,59,101,5,5,10,0,0,0,Cavaglietto
37,58,95,148,158,306,130,102,232,71,115,186,24,19,43,3,0,3,Pasturana
599,637,1236,1893,1907,3800,2633,2320,4953,1456,2088,3544,438,537,975,27,31,58,Chiari
17,25,42,62,60,122,126,98,224,74,89,163,15,19,34,3,4,7,Moconesi
52,108,160,345,359,704,497,409,906,274,356,630,71,133,204,4,11,15,Capolona
71,92,163,406,347,753,533,508,1041,262,375,637,87,92,179,5,5,10,Marone
2,0,2,7,10,17,11,8,19,8,8,16,1,2,3,0,0,0,Terenzo
5,15,20,37,34,71,41,27,68,29,32,61,5,15,20,0,3,3,Arsita
4,18,22,56,50,106,48,30,78,40,66,106,16,18,34,0,0,0,Cunico
63,114,177,306,333,639,269,224,493,220,270,490,37,44,81,0,2,2,Montagna in Valtellina
6,10,16,67,69,136,122,99,221,99,100,199,15,17,32,0,1,1,Stazzona
20,36,56,115,105,220,111,75,186,69,67,136,10,20,30,3,0,3,Gera Lario
25,25,50,106,89,195,81,75,156,45,76,121,18,24,42,1,7,8,Puglianello
215,315,530,904,779,1683,805,710,1515,376,528,904,188,309,497,12,21,33,Urbania
15,14,29,63,74,137,87,70,157,63,96,159,19,31,50,2,4,6,Polinago
291,366,657,1129,1028,2157,870,838,1708,398,859,1257,155,192,347,6,8,14,Tarcento
22,41,63,162,151,313,185,145,330,95,133,228,40,37,77,1,2,3,Fiesco
52,58,110,172,189,361,129,115,244,84,145,229,53,60,113,11,11,22,Grumento Nova
105,127,232,512,489,1001,537,473,1010,358,472,830,108,112,220,2,8,10,Godega di Sant'Urbano
947,1145,2092,3563,3338,6901,5280,4120,9400,1909,2685,4594,1213,1670,2883,357,867,1224,Sarno
4,2,6,11,12,23,12,11,23,13,12,25,0,2,2,0,0,0,Montabone
39,50,89,196,195,391,190,155,345,114,163,277,40,47,87,1,0,1,Castelseprio
31,39,70,233,184,417,196,187,383,80,162,242,23,32,55,1,0,1,Santo Stefano di Cadore
69,95,164,347,348,695,303,288,591,186,275,461,56,56,112,0,3,3,Calalzo di Cadore
20,22,42,68,45,113,43,26,69,24,45,69,6,7,13,1,2,3,Rocca di Cambio
47,75,122,244,241,485,351,287,638,165,273,438,58,55,113,4,4,8,Villa d'Ogna
0,1,1,1,1,2,3,3,6,1,5,6,0,0,0,0,0,0,Calvignano
10,13,23,63,48,111,56,37,93,41,52,93,4,24,28,3,2,5,Serramonacesca
27,52,79,161,131,292,207,185,392,88,120,208,22,41,63,3,2,5,Rodero
1,1,2,2,2,4,3,5,8,4,4,8,1,0,1,0,0,0,Carro
311,358,669,1333,1442,2775,1455,1146,2601,747,933,1680,291,370,661,31,67,98,Barano d'Ischia
899,1084,1983,3437,3680,7117,3761,3354,7115,1768,2359,4127,629,739,1368,241,181,422,Cesano Boscone
1067,1339,2406,2773,2890,5663,2504,2142,4646,1616,2534,4150,588,965,1553,83,166,249,Galatina
2427,2904,5331,7509,7427,14936,6935,6165,13100,3229,5065,8294,1210,1446,2656,85,198,283,Rho
86,99,185,405,364,769,651,525,1176,303,412,715,98,107,205,5,12,17,Pompiano
108,160,268,522,498,1020,736,597,1333,377,497,874,170,158,328,8,10,18,Merone
25,24,49,92,85,177,102,70,172,52,86,138,26,36,62,6,12,18,San Mango sul Calore
176,219,395,746,639,1385,949,862,1811,398,682,1080,154,141,295,5,10,15,Pisogne
13,22,35,103,97,200,139,118,257,91,106,197,24,25,49,2,2,4,Boca
7,9,16,35,24,59,67,55,122,41,48,89,8,7,15,0,0,0,Pessina Cremonese
77,76,153,233,245,478,209,198,407,121,138,259,41,75,116,9,20,29,Ravello
27,31,58,127,111,238,169,136,305,90,118,208,25,33,58,2,1,3,Bolzano Novarese
2,5,7,17,11,28,18,11,29,13,19,32,4,3,7,1,0,1,Piode
47,49,96,136,140,276,172,140,312,89,107,196,46,35,81,1,4,5,Agrate Conturbia
2,4,6,13,13,26,37,26,63,25,27,52,4,4,8,0,1,1,Lequio Berria
44,58,102,188,187,375,179,143,322,143,178,321,24,36,60,0,3,3,Stroppiana
56,70,126,220,255,475,304,227,531,186,223,409,51,58,109,2,3,5,Caltignaga
11,19,30,46,32,78,27,18,45,28,42,70,6,20,26,2,8,10,Cansano
41,44,85,221,196,417,255,223,478,129,184,313,44,60,104,3,2,5,Fara Vicentino
354,448,802,1582,1633,3215,1883,1481,3364,812,1184,1996,332,392,724,18,26,44,Sedriano
44,49,93,160,158,318,178,157,335,117,135,252,46,47,93,1,1,2,Mediglia
35,60,95,207,202,409,264,240,504,134,201,335,40,57,97,3,4,7,Candia Lomellina
305,381,686,1221,1363,2584,1341,1048,2389,862,1169,2031,281,362,643,16,30,46,Cavriago
7,17,24,90,63,153,73,86,159,71,108,179,10,6,16,0,0,0,Monno
4,3,7,22,14,36,23,11,34,21,22,43,2,4,6,0,2,2,Belmonte in Sabina
20,12,32,49,47,96,70,50,120,49,78,127,6,7,13,2,2,4,Gabbioneta-Binanuova
52,49,101,183,172,355,217,206,423,107,147,254,57,49,106,5,10,15,Arre
442,502,944,1785,1753,3538,1851,1716,3567,904,1482,2386,343,333,676,21,27,48,Trezzo sull'Adda
10,20,30,84,77,161,101,84,185,66,88,154,15,15,30,0,2,2,Bordano
54,75,129,279,253,532,318,274,592,162,217,379,80,151,231,14,28,42,Buonabitacolo
113,145,258,492,493,985,589,389,978,342,463,805,146,180,326,10,22,32,Rolo
355,515,870,1626,1516,3142,1529,1369,2898,962,1308,2270,360,552,912,27,48,75,Nonantola
6,10,16,52,55,107,80,86,166,69,78,147,28,28,56,4,13,17,Letino
208,265,473,1075,1010,2085,2108,1855,3963,819,1034,1853,485,559,1044,64,140,204,Gricignano di Aversa
103,136,239,543,532,1075,908,642,1550,386,553,939,145,138,283,6,20,26,Pontirolo Nuovo
110,121,231,472,497,969,811,669,1480,575,766,1341,107,107,214,9,15,24,Leffe
521,520,1041,1952,1822,3774,3369,2609,5978,1450,2234,3684,712,1049,1761,183,405,588,Grumo Nevano
1298,1598,2896,4872,4958,9830,5393,4808,10201,2703,3879,6582,916,1247,2163,74,144,218,Corsico
310,465,775,1846,1863,3709,2264,1932,4196,757,948,1705,307,342,649,15,38,53,Pieve Emanuele
8,10,18,44,31,75,27,24,51,13,41,54,11,5,16,0,0,0,Sovramonte
15,14,29,67,58,125,43,52,95,58,65,123,15,29,44,5,4,9,Settime
3,4,7,10,4,14,12,9,21,9,12,21,3,4,7,0,0,0,Tonengo
232,293,525,1103,1043,2146,1389,1198,2587,750,1058,1808,299,286,585,14,23,37,Castenedolo
8,13,21,53,45,98,79,56,135,51,65,116,7,15,22,2,6,8,Scurzolengo
7,10,17,46,48,94,41,24,65,30,34,64,9,11,20,0,0,0,Pancarana
136,167,303,588,587,1175,642,514,1156,383,518,901,105,116,221,6,4,10,Boffalora sopra Ticino
47,57,104,167,152,319,142,111,253,80,111,191,27,20,47,0,1,1,Nogaredo
98,147,245,430,380,810,586,483,1069,303,389,692,119,127,246,6,7,13,Lograto
331,443,774,1237,1157,2394,1001,912,1913,447,676,1123,227,249,476,9,12,21,Vanzago
3,2,5,66,40,106,44,26,70,28,58,86,4,6,10,0,0,0,Lauco
15,33,48,121,126,247,168,140,308,86,122,208,23,52,75,6,2,8,Villavallelonga
30,42,72,126,126,252,162,145,307,75,105,180,33,36,69,0,2,2,Saint-Marcel
9,11,20,35,41,76,61,51,112,39,46,85,11,9,20,0,0,0,Corna Imagna
41,67,108,280,253,533,417,362,779,231,345,576,55,46,101,1,4,5,Cesana Brianza
4,4,8,8,9,17,37,29,66,26,29,55,6,8,14,0,1,1,Boroneddu
180,249,429,1033,1071,2104,1160,924,2084,499,635,1134,238,289,527,32,35,67,San Pietro Clarenza
144,204,348,744,811,1555,1197,1081,2278,604,753,1357,311,359,670,95,75,170,Santa Maria di Licodia
3,4,7,17,13,30,22,13,35,15,18,33,4,4,8,0,1,1,Pietraferrazzana
7,7,14,38,40,78,52,39,91,28,45,73,4,10,14,0,0,0,Roccagiovine
10,28,38,78,123,201,287,204,491,132,151,283,64,80,144,7,12,19,Ollastra
149,289,438,621,885,1506,1567,1099,2666,724,802,1526,264,433,697,41,49,90,Oliena
14,32,46,107,109,216,85,77,162,40,69,109,36,40,76,3,8,11,Capriglia Irpina
5,13,18,44,57,101,81,49,130,43,56,99,16,15,31,0,1,1,Piatto
51,39,90,146,136,282,150,126,276,98,129,227,56,84,140,11,24,35,Atena Lucana
312,489,801,1616,1639,3255,2536,2006,4542,1627,2096,3723,487,712,1199,37,73,110,Agliana
1210,1441,2651,3674,3822,7496,2908,2792,5700,1393,1827,3220,674,834,1508,90,115,205,San Giovanni la Punta
418,499,917,1227,1457,2684,1491,1274,2765,930,1208,2138,443,553,996,79,105,184,Partanna
10,17,27,49,49,98,70,44,114,41,69,110,10,14,24,4,2,6,Sala Biellese
559,705,1264,2298,2304,4602,2058,1768,3826,1249,1657,2906,582,764,1346,76,108,184,Carlentini
42,54,96,279,288,567,441,398,839,237,290,527,108,159,267,35,39,74,Ferla
53,80,133,214,237,451,255,202,457,170,239,409,50,84,134,5,4,9,Castel Giorgio
15,27,42,183,172,355,180,118,298,99,124,223,37,34,71,6,4,10,Fornace
77,87,164,191,233,424,172,131,303,119,164,283,25,56,81,1,1,2,Numana
846,1033,1879,4008,4000,8008,7152,5806,12958,2971,4361,7332,1575,1813,3388,176,340,516,Melito di Napoli
26,38,64,112,74,186,89,76,165,40,66,106,11,22,33,3,9,12,Santa Croce del Sannio
124,172,296,547,550,1097,731,581,1312,295,362,657,130,125,255,3,8,11,Ballabio
80,87,167,265,263,528,226,225,451,156,223,379,37,49,86,5,4,9,Maccagno con Pino e Veddasca
380,458,838,1464,1523,2987,1813,1509,3322,1112,1401,2513,283,340,623,21,34,55,Lentate sul Seveso
15,25,40,96,86,182,87,76,163,38,59,97,22,52,74,7,13,20,Castel Campagnano
12,15,27,59,72,131,66,50,116,38,56,94,14,22,36,0,1,1,Monte Grimano Terme
49,71,120,233,263,496,338,298,636,184,312,496,46,53,99,7,16,23,Brusnengo
16,15,31,66,55,121,70,53,123,36,48,84,14,19,33,7,11,18,Terranova Sappo Minulio
310,413,723,1656,1684,3340,1968,1816,3784,865,1118,1983,342,405,747,29,40,69,Borgaro Torinese
157,219,376,477,492,969,518,406,924,236,338,574,89,90,179,5,6,11,Certosa di Pavia
41,67,108,180,175,355,217,160,377,138,226,364,53,35,88,3,1,4,Roccabianca
138,168,306,560,599,1159,461,455,916,446,544,990,147,241,388,13,45,58,Sarteano
57,63,120,280,271,551,274,250,524,125,198,323,43,61,104,3,6,9,Montelanico
152,212,364,928,890,1818,1093,985,2078,515,695,1210,197,283,480,14,33,47,Pontinia
36,54,90,242,201,443,388,358,746,201,283,484,61,98,159,13,13,26,Lusia
602,781,1383,2536,2539,5075,2875,2418,5293,1333,2061,3394,446,515,961,22,37,59,Nerviano
300,426,726,1712,1669,3381,2214,1825,4039,921,1326,2247,404,452,856,34,38,72,Solaro
4,9,13,47,40,87,45,31,76,29,49,78,5,11,16,1,4,5,Canterano
61,78,139,287,268,555,220,246,466,144,208,352,30,43,73,2,2,4,Telve
12,10,22,52,37,89,31,42,73,37,41,78,3,7,10,0,2,2,Aviatico
21,25,46,105,113,218,97,88,185,65,60,125,18,15,33,0,2,2,Sarnonico
168,221,389,860,791,1651,802,717,1519,423,607,1030,165,190,355,4,6,10,Castelnuovo del Garda
134,176,310,549,563,1112,794,621,1415,405,678,1083,160,128,288,11,15,26,Villa d'Adda
47,68,115,165,154,319,140,120,260,84,124,208,31,46,77,2,6,8,San Potito Ultra
80,95,175,284,281,565,280,226,506,152,204,356,40,110,150,10,17,27,Montefalcione
16,20,36,47,46,93,35,29,64,21,42,63,15,27,42,2,7,9,Vacri
66,38,104,193,160,353,155,120,275,85,118,203,37,52,89,7,15,22,Luogosano
21,23,44,81,92,173,92,93,185,80,87,167,11,15,26,0,0,0,Griante
18,19,37,47,49,96,42,32,74,44,64,108,7,14,21,0,0,0,Anversa degli Abruzzi
32,43,75,136,109,245,90,69,159,73,112,185,16,26,42,1,0,1,Tornimparte
133,175,308,665,562,1227,641,583,1224,297,463,760,121,149,270,12,8,20,Santa Giustina in Colle
51,84,135,218,263,481,260,239,499,113,137,250,35,51,86,3,6,9,Diano Castello
4,5,9,12,21,33,15,16,31,21,31,52,5,1,6,0,0,0,Giusvalla
24,42,66,152,155,307,321,262,583,192,239,431,38,52,90,4,8,12,Fiesse
1,1,2,8,10,18,20,15,35,10,16,26,2,0,2,0,1,1,Valmozzola
118,141,259,502,550,1052,596,505,1101,343,463,806,123,93,216,6,7,13,Alzate Brianza
4,8,12,37,37,74,40,32,72,27,28,55,5,11,16,0,1,1,Cantarana
28,26,54,142,130,272,137,129,266,79,125,204,27,35,62,3,3,6,Cocconato
35,32,67,160,142,302,144,122,266,71,120,191,35,35,70,4,5,9,Corfinio
47,53,100,201,160,361,265,210,475,172,244,416,96,152,248,16,31,47,Celenza Valfortore
236,220,456,553,583,1136,553,467,1020,243,357,600,99,114,213,6,20,26,Taino
30,32,62,162,152,314,141,105,246,89,149,238,24,22,46,0,0,0,Cavedine
51,58,109,164,161,325,178,184,362,83,125,208,38,72,110,9,17,26,Capriati a Volturno
68,120,188,331,304,635,428,348,776,282,331,613,88,102,190,6,9,15,Bucine
3,4,7,22,20,42,29,22,51,21,27,48,4,8,12,0,0,0,Germagno
74,84,158,297,332,629,347,268,615,172,231,403,46,64,110,3,5,8,Stazzano
79,100,179,330,303,633,390,304,694,186,299,485,75,88,163,5,7,12,Ternate
26,52,78,190,167,357,190,169,359,134,205,339,29,58,87,5,4,9,Cavasso Nuovo
40,55,95,214,194,408,290,240,530,204,234,438,121,165,286,37,60,97,Accettura
70,97,167,333,293,626,293,277,570,184,285,469,61,52,113,2,6,8,Basiliano
61,85,146,288,322,610,394,268,662,204,311,515,46,72,118,7,6,13,Casei Gerola
103,125,228,537,462,999,603,526,1129,231,330,561,131,112,243,6,6,12,Riese Pio X
12,15,27,86,62,148,51,44,95,31,60,91,13,10,23,1,0,1,Rivamonte Agordino
0,3,3,7,9,16,18,8,26,5,6,11,1,1,2,0,0,0,Usseaux
299,410,709,1266,1184,2450,1173,1027,2200,658,853,1511,234,351,585,19,38,57,San Pietro in Casale
123,135,258,326,366,692,318,277,595,214,226,440,98,137,235,34,51,85,Stefanaconi
33,53,86,163,165,328,205,153,358,78,81,159,47,55,102,1,7,8,Montescudo-Monte Colombo
19,13,32,59,39,98,58,53,111,50,68,118,16,24,40,4,21,25,Cervicati
57,54,111,143,147,290,153,110,263,85,89,174,54,83,137,22,42,64,Mottafollone
206,298,504,801,758,1559,845,820,1665,339,607,946,98,139,237,5,17,22,Caluso
8,13,21,65,58,123,68,43,111,46,77,123,13,31,44,0,3,3,Capitignano
83,90,173,347,397,744,484,398,882,292,361,653,87,96,183,4,2,6,Trescore Cremasco
1220,1534,2754,4455,4238,8693,5503,4134,9637,2262,3666,5928,1177,1685,2862,128,280,408,Somma Vesuviana
150,193,343,617,598,1215,489,367,856,224,333,557,87,95,182,4,4,8,Cisliano
62,59,121,195,194,389,202,169,371,106,151,257,62,97,159,13,42,55,Valsinni
100,158,258,447,442,889,464,392,856,237,364,601,96,97,193,2,3,5,Daverio
35,61,96,204,204,408,256,204,460,78,84,162,40,40,80,2,2,4,Roncaro
36,56,92,188,207,395,198,156,354,153,206,359,35,51,86,9,3,12,Pinarolo Po
61,79,140,282,300,582,312,242,554,199,250,449,59,58,117,2,4,6,Izano
32,24,56,105,115,220,103,94,197,69,75,144,21,25,46,2,3,5,Varmo
4,9,13,51,47,98,46,36,82,38,71,109,6,11,17,1,0,1,Prato Carnico
4,2,6,5,11,16,14,10,24,11,12,23,0,1,1,0,0,0,Carcoforo
26,29,55,137,116,253,151,115,266,81,75,156,21,26,47,2,4,6,Valgioie
75,115,190,416,469,885,881,694,1575,373,422,795,219,264,483,48,86,134,Pimonte
113,96,209,457,391,848,512,447,959,213,348,561,83,144,227,17,29,46,Bagnoli Irpino
18,24,42,73,85,158,95,80,175,55,64,119,11,20,31,0,2,2,Pretoro
40,66,106,255,255,510,468,426,894,198,291,489,110,126,236,5,20,25,Santa Maria la Fossa
179,260,439,894,914,1808,1143,907,2050,629,893,1522,175,232,407,12,11,23,Cassolnovo
271,370,641,1273,1310,2583,1625,1449,3074,951,1256,2207,319,312,631,26,39,65,Lurate Caccivio
93,129,222,525,525,1050,585,476,1061,371,510,881,102,130,232,10,10,20,Sanguinetto
15,22,37,68,94,162,139,123,262,90,116,206,27,26,53,4,4,8,Ghislarengo
29,34,63,130,122,252,129,98,227,70,115,185,24,17,41,0,2,2,Villareggia
313,407,720,1466,1450,2916,1789,1498,3287,851,1239,2090,310,366,676,8,26,34,Cameri
44,70,114,209,231,440,281,240,521,185,231,416,37,45,82,1,5,6,Priocca
284,333,617,1235,1162,2397,1577,1293,2870,821,1175,1996,227,270,497,9,30,39,Bellinzago Novarese
92,73,165,312,314,626,252,280,532,142,203,345,70,59,129,1,0,1,Fiano
38,62,100,204,199,403,254,219,473,190,276,466,36,44,80,0,4,4,San Martino dall'Argine
5,4,9,49,36,85,50,45,95,39,40,79,7,10,17,0,1,1,Piea
102,146,248,542,486,1028,561,486,1047,345,466,811,102,157,259,7,12,19,Fiesso Umbertiano
142,200,342,663,760,1423,885,710,1595,383,545,928,145,193,338,3,13,16,Landriano
51,67,118,185,138,323,142,128,270,131,181,312,28,48,76,2,6,8,Voghiera
1242,1652,2894,3169,3668,6837,2737,2300,5037,1548,2210,3758,628,925,1553,40,83,123,Lugo
114,127,241,588,585,1173,772,584,1356,354,505,859,129,128,257,3,9,12,Ossona
13,30,43,133,156,289,164,121,285,114,128,242,32,21,53,0,0,0,Colorina
237,278,515,1065,1079,2144,1254,1034,2288,729,935,1664,253,282,535,10,15,25,Cornedo Vicentino
8,8,16,37,36,73,45,39,84,39,37,76,4,10,14,0,1,1,Gambugliano
23,27,50,116,105,221,118,105,223,59,99,158,18,27,45,7,6,13,Catignano
298,374,672,820,759,1579,733,718,1451,320,711,1031,135,138,273,3,12,15,Lovere
36,38,74,119,104,223,163,130,293,98,107,205,24,44,68,6,14,20,Sepino
106,121,227,454,388,842,413,359,772,247,427,674,55,68,123,8,13,21,Campo Ligure
32,48,80,216,193,409,203,184,387,89,123,212,36,33,69,2,0,2,Prata Camportaccio
39,57,96,194,182,376,247,195,442,121,158,279,47,49,96,3,4,7,Pianico
27,44,71,114,110,224,174,124,298,119,153,272,29,37,66,5,7,12,Gazzuolo
47,73,120,334,302,636,525,425,950,277,383,660,91,75,166,8,7,15,Pavone del Mella
34,36,70,198,188,386,310,252,562,150,215,365,50,81,131,4,5,9,Villanova del Ghebbo
128,161,289,608,628,1236,764,582,1346,367,486,853,121,118,239,6,7,13,Misinto
245,267,512,600,618,1218,496,477,973,265,368,633,105,129,234,6,8,14,Padenghe sul Garda
140,144,284,577,505,1082,616,553,1169,312,474,786,133,144,277,4,6,10,Volpago del Montello
111,143,254,491,472,963,566,435,1001,275,444,719,117,129,246,5,13,18,Susegana
3,7,10,11,8,19,12,11,23,13,12,25,0,1,1,0,1,1,Cortandone
28,36,64,122,108,230,108,106,214,66,61,127,25,15,40,0,0,0,Calvagese della Riviera
6,1,7,27,24,51,30,20,50,20,24,44,6,7,13,0,1,1,Serralunga d'Alba
5,4,9,30,20,50,45,35,80,27,30,57,2,12,14,1,1,2,Vessalico
2,1,3,22,8,30,12,14,26,15,19,34,1,1,2,0,0,0,Castelvecchio di Rocca Barbena
42,53,95,187,168,355,188,147,335,89,166,255,21,42,63,0,1,1,Moggio Udinese
549,711,1260,2769,2524,5293,4898,3928,8826,1547,2261,3808,1090,1288,2378,145,299,444,Orta di Atella
210,231,441,708,658,1366,918,803,1721,455,589,1044,257,300,557,41,60,101,Corsano
42,67,109,210,221,431,249,198,447,106,151,257,33,42,75,1,2,3,Tovo San Giacomo
27,47,74,181,164,345,137,113,250,83,105,188,52,80,132,7,18,25,Laurino
1046,1316,2362,6070,5891,11961,8272,6912,15184,3500,5187,8687,1740,2128,3868,165,378,543,Casalnuovo di Napoli
400,538,938,1534,1504,3038,2267,1719,3986,1233,1618,2851,466,881,1347,98,231,329,Mottola
354,403,757,1447,1421,2868,1321,1180,2501,604,837,1441,299,322,621,7,20,27,Vignate
7,11,18,50,38,88,58,76,134,38,30,68,10,18,28,2,3,5,Valdina
3081,3234,6315,9368,9710,19078,12107,10255,22362,7014,8736,15750,3375,5298,8673,724,859,1583,Marsala
5,10,15,21,48,69,110,69,179,70,66,136,31,24,55,1,4,5,Loculi
119,148,267,467,504,971,638,627,1265,408,549,957,155,227,382,48,50,98,Villarosa
318,369,687,1912,1894,3806,3444,3275,6719,1752,2205,3957,901,1012,1913,232,197,429,Villabate
13,17,30,47,54,101,65,60,125,35,59,94,13,13,26,2,3,5,Canneto Pavese
55,54,109,177,171,348,124,127,251,67,97,164,30,19,49,0,1,1,Isera
99,136,235,367,350,717,323,254,577,197,290,487,61,65,126,2,2,4,Colognola ai Colli
50,49,99,149,156,305,98,92,190,50,108,158,25,19,44,1,1,2,Tenna
40,69,109,238,219,457,235,203,438,134,191,325,48,50,98,1,1,2,Fanna
8,14,22,67,64,131,37,41,78,46,57,103,10,13,23,0,1,1,Fontanile
15,29,44,84,107,191,139,141,280,96,84,180,26,29,55,0,1,1,Corrido
15,17,32,61,48,109,59,36,95,43,58,101,10,9,19,1,1,2,Navelli
69,85,154,234,238,472,254,198,452,144,210,354,51,49,100,1,1,2,Anzano del Parco
126,172,298,453,458,911,561,454,1015,356,391,747,104,107,211,8,9,17,Cucciago
29,38,67,126,125,251,114,97,211,62,102,164,17,24,41,0,3,3,Codevilla
3,8,11,43,64,107,78,55,133,41,77,118,14,13,27,1,0,1,Casapinta
114,115,229,243,247,490,205,215,420,149,176,325,39,42,81,2,0,2,Moltrasio
405,549,954,1364,1509,2873,1812,1386,3198,723,976,1699,477,542,1019,53,86,139,San Gennaro Vesuviano
315,359,674,857,838,1695,1071,946,2017,704,952,1656,432,794,1226,102,128,230,Naro
56,82,138,371,405,776,620,649,1269,353,391,744,230,310,540,87,99,186,Maletto
60,79,139,234,227,461,313,265,578,207,267,474,92,135,227,18,44,62,Melpignano
24,35,59,103,88,191,130,91,221,84,122,206,23,30,53,2,3,5,Tonco
30,43,73,90,94,184,83,91,174,46,67,113,10,19,29,0,0,0,San Giorgio Monferrato
5,11,16,22,17,39,15,15,30,13,18,31,4,4,8,0,0,0,Monleale
18,21,39,111,103,214,101,93,194,76,123,199,29,36,65,2,2,4,Murisengo
2,4,6,19,6,25,16,21,37,24,23,47,6,7,13,3,4,7,Castelpizzuto
261,385,646,1301,1382,2683,1437,1261,2698,833,1097,1930,327,475,802,15,36,51,Molinella
6,11,17,35,30,65,60,54,114,39,47,86,8,14,22,0,0,0,Greggio
44,38,82,106,89,195,105,100,205,33,29,62,24,22,46,16,5,21,Santa Marina Salina
19,25,44,74,71,145,95,89,184,57,66,123,14,18,32,1,4,5,Diano San Pietro
59,49,108,138,168,306,151,132,283,85,136,221,27,26,53,1,1,2,Volpedo
48,52,100,175,185,360,173,142,315,84,112,196,29,36,65,2,0,2,Roddi
6,11,17,22,15,37,22,24,46,20,24,44,4,4,8,0,1,1,Doues
0,2,2,3,2,5,4,2,6,1,6,7,0,2,2,0,0,0,Malvicino
232,260,492,735,728,1463,765,619,1384,388,528,916,124,158,282,11,18,29,Lurago d'Erba
463,497,960,1407,1413,2820,2250,1744,3994,1267,1580,2847,693,1012,1705,161,345,506,Leverano
14,12,26,77,82,159,89,60,149,49,81,130,17,12,29,0,2,2,Pertusio
22,32,54,168,142,310,171,165,336,98,108,206,24,27,51,2,4,6,Roccafluvione
312,519,831,1332,1346,2678,2563,2149,4712,1157,1178,2335,506,778,1284,91,175,266,Villacidro
49,146,195,278,288,566,487,400,887,348,386,734,81,168,249,15,25,40,Bolotana
31,59,90,145,192,337,404,288,692,200,228,428,71,80,151,5,6,11,Narbolia
420,416,836,1662,1566,3228,1744,1654,3398,797,1247,2044,599,962,1561,170,153,323,Raffadali
447,515,962,1830,1734,3564,3680,3804,7484,2208,2847,5055,1169,1804,2973,582,556,1138,Palma di Montechiaro
25,39,64,188,179,367,329,319,648,188,189,377,66,99,165,13,22,35,Narcao
164,275,439,747,877,1624,1802,1387,3189,986,935,1921,389,575,964,52,140,192,Ittiri
57,79,136,269,275,544,456,375,831,217,242,459,72,108,180,7,12,19,Solarussa
303,426,729,838,863,1701,1158,981,2139,676,817,1493,332,597,929,69,76,145,Castelbuono
167,236,403,755,740,1495,911,786,1697,545,789,1334,169,178,347,5,10,15,Busca
76,82,158,304,321,625,430,351,781,244,380,624,69,77,146,10,2,12,Tollegno
144,234,378,530,609,1139,834,679,1513,427,427,854,121,180,301,11,18,29,Santa Giusta
72,100,172,439,416,855,412,363,775,131,202,333,73,89,162,3,7,10,Dro
3,3,6,23,23,46,34,22,56,22,23,45,3,1,4,0,0,0,Caprezzo
869,929,1798,2324,2434,4758,1966,1868,3834,821,1165,1986,382,479,861,15,33,48,Santa Marinella
17,25,42,53,58,111,86,60,146,54,80,134,18,24,42,0,4,4,Radicondoli
12,18,30,51,53,104,51,35,86,60,84,144,6,13,19,0,0,0,Allerona
469,587,1056,1668,1557,3225,1241,1204,2445,578,1043,1621,219,264,483,12,14,26,Cividale del Friuli
18,25,43,60,50,110,119,86,205,68,80,148,19,53,72,2,5,7,Ussassai
7,14,21,42,52,94,39,43,82,48,66,114,10,17,27,12,3,15,Tripi
138,210,348,736,706,1442,950,778,1728,471,779,1250,179,237,416,20,23,43,Goito
32,33,65,102,74,176,98,105,203,87,123,210,59,94,153,14,54,68,Castelvetere in Val Fortore
6,5,11,35,19,54,25,18,43,11,29,40,2,7,9,0,1,1,Fiamignano
41,79,120,220,197,417,268,229,497,112,155,267,49,72,121,1,7,8,Codevigo
6,7,13,30,30,60,22,28,50,24,38,62,2,3,5,0,0,0,Farini
344,393,737,927,975,1902,812,705,1517,461,625,1086,187,274,461,54,129,183,Belvedere Marittimo
63,92,155,486,427,913,409,366,775,266,338,604,71,81,152,2,3,5,Sella Giudicarie
22,27,49,102,109,211,112,93,205,73,100,173,12,35,47,2,9,11,Sessano del Molise
9,6,15,39,43,82,64,53,117,56,59,115,23,32,55,5,11,16,Guardia Piemontese
24,29,53,73,81,154,104,97,201,83,106,189,35,54,89,14,18,32,Castelgrande
10,13,23,58,53,111,98,75,173,47,61,108,14,12,26,0,1,1,Gandellino
15,11,26,48,40,88,64,56,120,35,39,74,25,28,53,1,0,1,Isola del Piano
50,77,127,298,236,534,242,224,466,186,257,443,51,82,133,1,6,7,Lamon
13,23,36,89,76,165,91,90,181,70,83,153,12,20,32,0,0,0,Ossimo
12,13,25,28,29,57,20,18,38,18,28,46,3,4,7,0,1,1,Carezzano
41,50,91,183,160,343,183,162,345,132,218,350,35,45,80,1,1,2,Belvedere Ostrense
58,111,169,408,464,872,642,478,1120,374,471,845,106,146,252,11,20,31,Dicomano
39,39,78,96,87,183,69,61,130,57,104,161,20,26,46,2,6,8,Ferrazzano
63,95,158,233,218,451,214,191,405,97,126,223,35,63,98,2,5,7,Monteprandone
23,20,43,94,110,204,90,55,145,95,115,210,19,28,47,4,3,7,Lajatico
67,75,142,397,358,755,436,369,805,185,255,440,84,112,196,3,4,7,Pasiano di Pordenone
0,0,0,6,4,10,2,3,5,2,5,7,0,0,0,0,0,0,Fabbrica Curone
71,92,163,378,422,800,273,274,547,237,295,532,54,76,130,3,1,4,Bobbio
950,1165,2115,2242,2140,4382,1792,1701,3493,979,1787,2766,349,532,881,39,105,144,Maglie
9,5,14,31,39,70,38,39,77,32,37,69,8,10,18,1,0,1,Villette
46,44,90,137,143,280,141,126,267,129,119,248,36,73,109,16,35,51,Vazzano
6,7,13,16,12,28,21,17,38,22,21,43,3,3,6,0,1,1,Oltressenda Alta
243,364,607,1161,1043,2204,1214,990,2204,636,866,1502,269,347,616,20,26,46,Musile di Piave
132,154,286,611,620,1231,1017,823,1840,616,807,1423,167,190,357,12,15,27,Adro
215,298,513,761,860,1621,786,675,1461,478,613,1091,164,200,364,5,22,27,Traversetolo
29,45,74,143,184,327,244,209,453,150,211,361,38,54,92,4,2,6,Bassignana
788,950,1738,2337,2406,4743,2452,2287,4739,1360,1995,3355,452,487,939,33,60,93,Erba
77,95,172,341,303,644,382,339,721,214,337,551,76,146,222,18,29,47,Nociglia
1241,1502,2743,3831,4029,7860,3850,3474,7324,2022,3245,5267,621,808,1429,54,103,157,Novi Ligure
39,36,75,143,135,278,118,117,235,90,133,223,13,22,35,1,1,2,Fai della Paganella
24,19,43,65,65,130,72,65,137,21,38,59,8,22,30,1,4,5,Campli
1589,1807,3396,4313,4708,9021,3509,3243,6752,1633,2411,4044,739,1029,1768,34,91,125,Albano Laziale
512,689,1201,1706,1718,3424,1678,1491,3169,831,1159,1990,296,336,632,10,20,30,Borgo San Dalmazzo
139,137,276,614,667,1281,1064,791,1855,593,899,1492,148,172,320,7,13,20,Gandino
76,91,167,268,253,521,318,236,554,217,297,514,85,151,236,9,20,29,Colletorto
25,21,46,97,115,212,161,127,288,84,135,219,28,27,55,1,4,5,Marcaria
42,63,105,163,168,331,291,225,516,146,218,364,34,40,74,1,1,2,San Germano Chisone
9,16,25,29,25,54,28,35,63,20,33,53,6,11,17,0,0,0,Verrua Savoia
119,115,234,393,435,828,615,500,1115,310,330,640,184,198,382,58,147,205,San Calogero
9,5,14,15,15,30,26,22,48,17,16,33,1,2,3,0,0,0,Prali
4,10,14,14,14,28,19,15,34,11,12,23,1,4,5,0,0,0,Cintano
8,20,28,73,63,136,67,60,127,41,58,99,10,18,28,1,1,2,Braone
30,47,77,155,174,329,159,133,292,109,132,241,40,50,90,5,3,8,Lama Mocogno
5,8,13,22,22,44,22,11,33,9,18,27,4,5,9,0,0,0,Invorio
283,421,704,1249,1238,2487,1406,1124,2530,880,1076,1956,282,338,620,23,33,56,Anzola dell'Emilia
59,64,123,250,273,523,347,286,633,233,300,533,76,106,182,2,21,23,Suvereto
227,283,510,1065,924,1989,1075,917,1992,575,893,1468,192,228,420,10,12,22,Quinto di Treviso
20,20,40,108,113,221,155,126,281,123,138,261,43,63,106,15,57,72,Davoli
79,125,204,474,419,893,550,493,1043,411,454,865,159,230,389,19,45,64,Cupello
34,31,65,105,103,208,104,117,221,64,112,176,32,40,72,3,2,5,Sorano
13,13,26,35,31,66,53,30,83,30,40,70,9,9,18,1,2,3,Altavilla Monferrato
110,104,214,267,262,529,356,276,632,128,134,262,80,108,188,21,50,71,Novi Velia
9,12,21,57,57,114,67,68,135,52,74,126,8,26,34,1,1,2,Camugnano
42,68,110,255,319,574,582,459,1041,243,328,571,94,77,171,7,9,16,Parre
26,52,78,197,200,397,211,178,389,117,148,265,31,44,75,4,2,6,Pezzana
18,31,49,120,127,247,226,205,431,143,140,283,43,97,140,13,25,38,Sedini
26,39,65,95,93,188,140,122,262,66,71,137,29,41,70,4,4,8,Muros
86,100,186,297,287,584,471,418,889,282,390,672,162,208,370,41,27,68,Trappeto
265,323,588,1243,1362,2605,1511,1438,2949,874,1019,1893,332,462,794,84,82,166,Fiumefreddo di Sicilia
29,24,53,128,138,266,199,166,365,129,188,317,56,73,129,17,22,39,Campofiorito
20,39,59,132,148,280,233,222,455,152,110,262,44,70,114,11,21,32,Santa Maria Coghinas
57,84,141,154,177,331,224,181,405,100,123,223,48,53,101,5,5,10,Budoni
143,146,289,588,572,1160,789,602,1391,388,483,871,142,146,288,17,22,39,Cassago Brianza
14,27,41,112,132,244,251,177,428,132,143,275,47,81,128,10,15,25,Nuxis
89,93,182,269,256,525,247,194,441,117,204,321,39,95,134,6,20,26,Ponte
28,32,60,120,103,223,144,113,257,62,98,160,22,47,69,3,8,11,Vico nel Lazio
13,20,33,70,90,160,70,47,117,29,50,79,23,27,50,1,2,3,Torri in Sabina
78,90,168,397,362,759,449,384,833,260,369,629,86,104,190,7,13,20,Somaglia
13,12,25,29,25,54,34,31,65,11,36,47,7,12,19,0,1,1,Montefiore Conca
9,10,19,40,55,95,61,51,112,50,59,109,9,26,35,2,3,5,Bortigiadas
141,175,316,445,455,900,547,479,1026,328,485,813,119,180,299,21,56,77,San Pietro in Lama
87,95,182,316,328,644,370,361,731,263,288,551,162,249,411,35,25,60,Burgio
37,44,81,182,185,367,331,275,606,196,244,440,106,130,236,26,29,55,Baucina
227,254,481,1149,1210,2359,1400,1122,2522,821,1076,1897,322,420,742,41,47,88,Sortino
131,174,305,693,671,1364,1115,1119,2234,604,880,1484,307,504,811,93,130,223,Pietraperzia
160,227,387,742,772,1514,955,679,1634,374,595,969,151,178,329,6,13,19,Casorezzo
254,375,629,1005,1120,2125,1254,1044,2298,919,1012,1931,478,709,1187,217,255,472,Troina
26,44,70,123,112,235,189,196,385,179,278,457,61,81,142,11,9,20,Isnello
212,273,485,626,661,1287,477,410,887,238,343,581,102,143,245,13,18,31,Roccalumera
402,492,894,1765,1729,3494,2465,2081,4546,1276,1864,3140,404,510,914,33,64,97,Calolziocorte
70,96,166,345,330,675,388,301,689,223,326,549,82,78,160,6,12,18,Guardamiglio
11,14,25,32,42,74,67,56,123,28,46,74,17,11,28,2,3,5,Zubiena
112,154,266,430,412,842,341,272,613,221,316,537,128,207,335,32,51,83,Mormanno
3,9,12,50,47,97,37,39,76,39,42,81,13,13,26,0,0,0,Cis
29,30,59,122,96,218,143,124,267,87,130,217,16,37,53,4,6,10,Arlena di Castro
23,24,47,65,62,127,52,47,99,37,56,93,5,13,18,3,3,6,Montecarlo
7,6,13,19,15,34,29,19,48,8,22,30,5,3,8,0,0,0,Configni
13,15,28,114,106,220,159,103,262,57,102,159,19,47,66,0,2,2,Pisoniano
85,110,195,407,447,854,885,693,1578,451,448,899,129,237,366,27,44,71,Marrubiu
54,98,152,334,311,645,565,482,1047,356,438,794,148,204,352,22,27,49,Samugheo
19,28,47,97,110,207,213,174,387,132,124,256,33,58,91,2,4,6,Zeddiani
127,157,284,610,643,1253,652,480,1132,263,356,619,106,119,225,3,10,13,Roncello
10,15,25,43,48,91,77,55,132,41,72,113,8,8,16,1,1,2,Donato
95,145,240,488,457,945,418,345,763,199,298,497,94,143,237,6,13,19,Cannara
267,273,540,774,816,1590,1054,853,1907,573,904,1477,171,360,531,11,41,52,Abbadia San Salvatore
13,15,28,62,64,126,89,64,153,45,59,104,15,30,45,4,16,20,Farindola
17,28,45,96,96,192,137,117,254,102,118,220,17,44,61,3,3,6,Riparbella
917,1156,2073,3011,3134,6145,4014,3178,7192,1743,2516,4259,895,1098,1993,122,207,329,Ottaviano
39,35,74,137,114,251,106,92,198,111,135,246,19,45,64,7,12,19,Canosa Sannita
123,170,293,588,592,1180,715,578,1293,423,535,958,188,225,413,13,26,39,Campagnola Emilia
33,36,69,136,100,236,116,114,230,99,118,217,39,67,106,3,7,10,Giuliano Teatino
217,239,456,863,795,1658,804,712,1516,417,540,957,210,313,523,19,96,115,Calvi Risorta
17,19,36,58,45,103,29,36,65,25,32,57,8,25,33,0,5,5,Ruviano
19,17,36,44,50,94,74,67,141,57,89,146,24,38,62,7,11,18,Grotteria
7,5,12,30,25,55,33,23,56,29,33,62,4,5,9,1,4,5,Montemignaio
22,24,46,103,100,203,133,109,242,114,130,244,18,31,49,2,1,3,Redondesco
88,161,249,575,535,1110,539,477,1016,343,377,720,114,145,259,3,14,17,Bastiglia
8,10,18,76,63,139,86,67,153,40,64,104,10,14,24,1,1,2,Trasaghis
24,33,57,330,230,560,196,227,423,125,233,358,49,41,90,0,1,1,Vermiglio
1673,2113,3786,7524,7724,15248,10387,8482,18869,4337,6837,11174,2126,2700,4826,276,482,758,Casoria
27,29,56,113,81,194,121,102,223,79,91,170,14,34,48,1,1,2,Force
321,397,718,967,1041,2008,683,670,1353,521,737,1258,176,320,496,12,36,48,Chianciano Terme
129,223,352,680,784,1464,1029,777,1806,568,696,1264,195,251,446,14,25,39,Barberino di Mugello
19,27,46,105,94,199,68,63,131,50,67,117,26,13,39,0,1,1,Stenico
15,13,28,51,47,98,33,39,72,34,40,74,8,8,16,1,0,1,Sfruz
9,10,19,33,33,66,72,54,126,56,76,132,22,24,46,7,11,18,Marcedusa
140,171,311,572,550,1122,729,630,1359,454,552,1006,212,298,510,37,60,97,Acquedolci
342,378,720,1228,1142,2370,1098,973,2071,641,762,1403,256,379,635,11,25,36,Castel di Lama
53,61,114,195,189,384,220,176,396,136,207,343,32,48,80,0,4,4,Santa Fiora
90,90,180,294,312,606,251,215,466,118,143,261,63,95,158,15,46,61,Contursi Terme
10,5,15,17,9,26,28,16,44,37,55,92,8,13,21,1,6,7,San Giovanni Lipioni
746,1044,1790,2809,3135,5944,2859,2320,5179,1517,2009,3526,588,779,1367,18,45,63,Cesenatico
3,8,11,23,11,34,18,12,30,15,18,33,0,5,5,1,2,3,Rocca d'Arce
4,11,15,26,42,68,57,18,75,41,47,88,6,9,15,0,0,0,Rasura
50,54,104,250,220,470,272,221,493,162,217,379,31,86,117,0,5,5,Ronchis
82,98,180,318,291,609,286,217,503,149,246,395,54,77,131,2,4,6,Pastrengo
54,69,123,260,271,531,402,309,711,240,287,527,89,87,176,13,8,21,Credaro
13,25,38,120,93,213,93,105,198,66,84,150,12,14,26,0,2,2,Novaledo
69,118,187,300,296,596,297,210,507,160,247,407,46,42,88,3,0,3,Tresivio
13,20,33,109,91,200,107,100,207,44,75,119,15,10,25,1,2,3,Vighizzolo d'Este
55,68,123,234,231,465,270,214,484,110,166,276,44,60,104,0,4,4,Zeccone
16,27,43,76,86,162,120,80,200,85,120,205,43,63,106,27,34,61,Rocca Imperiale
21,16,37,58,57,115,58,54,112,29,49,78,15,16,31,0,2,2,Cassano Valcuvia
38,49,87,131,156,287,161,146,307,100,135,235,21,30,51,4,5,9,Cervo
11,9,20,37,38,75,51,49,100,39,44,83,6,13,19,0,2,2,Spessa
1,3,4,11,12,23,21,9,30,9,14,23,1,4,5,0,0,0,Camandona
10,17,27,53,71,124,100,89,189,84,93,177,11,14,25,0,1,1,Landiona
9,13,22,56,83,139,217,151,368,90,123,213,38,59,97,4,4,8,Gadoni
1157,1436,2593,5402,4932,10334,5942,5163,11105,2883,4138,7021,1198,1527,2725,174,226,400,Modugno
849,1140,1989,2554,2463,5017,1581,1343,2924,1022,1480,2502,422,742,1164,29,69,98,Gubbio
12,28,40,121,111,232,119,94,213,83,114,197,19,26,45,2,1,3,Gropparello
2346,3117,5463,9259,10266,19525,18479,13289,31768,10153,13432,23585,4286,5789,10075,637,948,1585,Andria
27,39,66,230,195,425,151,175,326,126,171,297,40,54,94,2,1,3,Taibon Agordino
39,60,99,173,201,374,256,207,463,110,159,269,48,53,101,7,5,12,Gaggio Montano
1626,1872,3498,4711,4896,9607,4531,4295,8826,2534,3590,6124,888,1246,2134,45,130,175,Chieri
20,25,45,108,113,221,112,104,216,56,95,151,24,24,48,3,3,6,Ello
50,69,119,170,165,335,183,148,331,85,120,205,48,63,111,5,29,34,Manocalzati
12,11,23,39,42,81,47,46,93,39,51,90,8,18,26,0,2,2,Cercepiccola
15,20,35,69,58,127,82,75,157,68,76,144,13,16,29,0,2,2,Colonno
6,17,23,60,67,127,76,65,141,71,86,157,12,10,22,1,1,2,Claino con Osteno
23,18,41,94,98,192,68,63,131,54,108,162,8,23,31,2,4,6,Villalago
45,50,95,225,199,424,216,209,425,142,187,329,93,164,257,16,46,62,Montefalcone di Val Fortore
6,6,12,44,42,86,82,60,142,45,60,105,10,9,19,0,0,0,Fara Olivana con Sola
88,149,237,537,481,1018,494,451,945,231,311,542,125,182,307,23,57,80,Altavilla Irpina
185,202,387,642,639,1281,1070,833,1903,419,610,1029,274,335,609,69,102,171,Villa di Briano
45,48,93,141,144,285,135,120,255,71,100,171,32,56,88,3,2,5,Spigno Saturnia
39,21,60,91,89,180,84,73,157,35,60,95,26,44,70,10,14,24,Marsicovetere
3,8,11,60,56,116,51,43,94,33,53,86,4,10,14,1,0,1,Tremosine sul Garda
7,10,17,48,61,109,63,66,129,40,47,87,10,17,27,1,2,3,Cerano d'Intelvi
23,11,34,47,42,89,73,53,126,59,82,141,30,43,73,17,40,57,San Martino d'Agri
65,93,158,254,240,494,270,197,467,148,168,316,77,105,182,6,14,20,Ripalimosani
100,141,241,462,465,927,537,413,950,302,385,687,85,108,193,5,7,12,La Valletta Brianza
609,718,1327,2331,1885,4216,1752,1642,3394,910,1532,2442,309,316,625,10,15,25,Codroipo
253,306,559,1038,1056,2094,989,893,1882,432,553,985,212,207,419,15,14,29,Lavis
18,23,41,94,59,153,98,79,177,60,47,107,12,23,35,8,12,20,Sant'Angelo a Scala
17,36,53,123,104,227,157,126,283,68,98,166,28,49,77,2,7,9,Poggio Bustone
163,215,378,714,768,1482,1155,968,2123,574,823,1397,178,194,372,8,46,54,Grumello del Monte
6,10,16,25,19,44,21,15,36,12,35,47,4,5,9,0,1,1,Chiusano d'Asti
0,0,0,2,0,2,1,0,1,2,4,6,0,0,0,0,0,0,Drenchia
31,51,82,122,128,250,162,145,307,90,135,225,25,30,55,2,1,3,Solto Collina
217,308,525,965,1088,2053,1166,977,2143,796,991,1787,290,320,610,14,26,40,Bagnolo in Piano
106,144,250,478,544,1022,558,426,984,281,443,724,125,145,270,8,17,25,Gualtieri
82,100,182,284,278,562,287,235,522,165,265,430,55,77,132,6,7,13,Follina
206,252,458,795,788,1583,939,771,1710,529,774,1303,161,200,361,15,26,41,Vergiate
29,29,58,98,98,196,119,95,214,85,112,197,21,20,41,5,12,17,Albi
7,11,18,25,23,48,28,32,60,10,21,31,4,3,7,0,0,0,Tronzano Lago Maggiore
48,59,107,240,221,461,281,238,519,147,219,366,45,71,116,2,8,10,Solagna
124,164,288,601,529,1130,693,585,1278,423,631,1054,127,171,298,11,21,32,Nervesa della Battaglia
2,2,4,13,13,26,32,25,57,32,35,67,4,4,8,0,1,1,Ornica
37,35,72,108,106,214,116,122,238,55,75,130,17,27,44,5,3,8,Comignago
130,155,285,779,704,1483,799,765,1564,403,598,1001,169,160,329,8,9,17,Torrebelvicino
39,49,88,222,212,434,316,270,586,188,246,434,60,55,115,5,10,15,Salassa
165,284,449,969,905,1874,1040,971,2011,533,705,1238,236,383,619,48,62,110,Spinazzola
36,54,90,202,190,392,174,119,293,142,202,344,26,42,68,3,1,4,Ventasso
8,11,19,40,32,72,35,27,62,15,20,35,3,8,11,0,1,1,Moio de' Calvi
47,56,103,201,143,344,121,102,223,103,182,285,23,40,63,0,5,5,Pescocostanzo
1900,2341,4241,7278,7071,14349,7198,7107,14305,3237,4844,8081,1194,1630,2824,88,176,264,Collegno
32,39,71,112,109,221,133,99,232,53,74,127,20,23,43,1,1,2,Orino
435,499,934,2285,2352,4637,4830,3951,8781,2134,2998,5132,964,1212,2176,140,310,450,Qualiano
29,41,70,89,75,164,137,110,247,84,112,196,44,72,116,0,1,1,Rapagnano
6,6,12,31,34,65,32,23,55,26,26,52,1,6,7,0,1,1,Cella Dati
108,135,243,458,376,834,440,357,797,315,352,667,121,223,344,12,57,69,Tollo
4,3,7,16,22,38,12,11,23,12,4,16,2,3,5,0,0,0,Bosnasco
14,12,26,37,29,66,52,32,84,23,19,42,9,12,21,8,9,17,Altilia
73,68,141,265,226,491,308,226,534,98,174,272,57,112,169,17,34,51,Quindici
99,129,228,534,483,1017,801,656,1457,398,449,847,149,174,323,18,25,43,Carobbio degli Angeli
62,75,137,217,195,412,187,128,315,113,122,235,99,132,231,26,51,77,San Chirico Nuovo
45,47,92,135,160,295,175,148,323,109,119,228,39,68,107,6,16,22,Lapio
24,37,61,85,97,182,100,72,172,34,86,120,7,17,24,0,2,2,Lizzano in Belvedere
6,8,14,39,40,79,43,34,77,26,43,69,9,12,21,2,4,6,Zuccarello
2,4,6,23,11,34,39,29,68,23,41,64,5,5,10,0,0,0,Galliavola
17,20,37,120,116,236,137,102,239,40,95,135,24,26,50,0,2,2,Riofreddo
118,169,287,642,557,1199,1052,932,1984,483,698,1181,182,186,368,8,15,23,Chiuduno
264,324,588,1236,1238,2474,1534,1185,2719,760,1071,1831,224,299,523,20,22,42,Magnago
10,7,17,21,20,41,15,17,32,4,11,15,2,1,3,2,0,2,Labro
34,42,76,241,225,466,315,248,563,173,200,373,51,78,129,3,5,8,Serrara Fontana
25,32,57,88,79,167,113,104,217,83,123,206,35,48,83,7,7,14,Fragneto l'Abate
35,42,77,104,89,193,104,120,224,72,114,186,20,25,45,0,1,1,Coseano
9,17,26,74,65,139,96,62,158,30,43,73,21,18,39,1,3,4,Salbertrand
31,57,88,180,213,393,281,238,519,137,169,306,42,45,87,1,3,4,Bruzolo
58,70,128,192,171,363,178,170,348,105,134,239,52,74,126,9,11,20,San Michele di Serino
10,14,24,60,64,124,60,44,104,47,62,109,11,6,17,0,2,2,Novalesa
16,25,41,114,111,225,112,96,208,55,89,144,21,45,66,1,9,10,Canistro
24,38,62,107,82,189,76,84,160,50,71,121,15,13,28,1,4,5,Rodello
23,20,43,62,63,125,94,74,168,49,73,122,7,10,17,0,0,0,Castiglione di Garfagnana
91,109,200,257,271,528,286,226,512,133,169,302,52,61,113,2,2,4,Longone al Segrino
60,81,141,300,359,659,444,357,801,186,239,425,73,86,159,3,9,12,Monte Cremasco
221,284,505,1014,987,2001,1099,932,2031,524,873,1397,197,189,386,16,23,39,San Giorgio su Legnano
7,10,17,44,66,110,147,127,274,98,97,195,23,22,45,5,5,10,Serri
431,649,1080,1892,1967,3859,3285,2650,5935,1147,1377,2524,532,759,1291,54,113,167,Sinnai
30,51,81,126,140,266,248,195,443,120,149,269,42,56,98,2,6,8,Codrongianos
117,178,295,635,575,1210,791,741,1532,404,468,872,107,175,282,13,26,39,Portoscuso
114,154,268,339,354,693,425,381,806,253,370,623,177,237,414,31,35,66,Alessandria della Rocca
13,8,21,86,60,146,72,49,121,16,24,40,10,16,26,1,0,1,Vernate
915,985,1900,2488,2585,5073,2274,2257,4531,1194,1985,3179,456,575,1031,26,41,67,Melegnano
191,218,409,793,824,1617,1029,796,1825,511,698,1209,193,228,421,7,15,22,Brignano Gera d'Adda
727,827,1554,2526,2549,5075,3117,2672,5789,1372,1977,3349,631,702,1333,31,70,101,Castiglione delle Stiviere
29,46,75,160,156,316,222,151,373,103,151,254,38,43,81,0,4,4,Vistarino
9,11,20,59,64,123,88,66,154,47,63,110,9,16,25,2,2,4,Monticelli Pavese
162,198,360,850,708,1558,888,772,1660,474,708,1182,176,205,381,10,12,22,Ospedaletto Euganeo
0,2,2,20,17,37,14,9,23,12,15,27,1,0,1,0,0,0,Vervio
273,350,623,1252,1161,2413,1493,1384,2877,830,1220,2050,212,290,502,9,29,38,Cairo Montenotte
72,90,162,304,328,632,249,242,491,111,193,304,41,64,105,1,4,5,Laigueglia
16,24,40,73,59,132,90,77,167,66,77,143,22,39,61,6,13,19,San Felice del Molise
98,147,245,575,572,1147,814,644,1458,396,531,927,126,134,260,5,23,28,Oggiona con Santo Stefano
20,31,51,126,122,248,133,117,250,57,86,143,36,34,70,4,13,17,San Pietro Infine
159,167,326,420,446,866,474,393,867,316,450,766,123,207,330,14,34,48,Andrano
120,167,287,498,475,973,680,571,1251,402,512,914,131,246,377,40,70,110,Castrignano de' Greci
691,878,1569,2420,2355,4775,2898,2690,5588,1776,2212,3988,766,1270,2036,123,257,380,Casarano
119,165,284,853,810,1663,1301,1076,2377,618,831,1449,306,490,796,55,132,187,Palagianello
12,22,34,117,115,232,148,142,290,76,87,163,69,82,151,3,18,21,Garaguso
138,188,326,825,789,1614,1194,999,2193,588,721,1309,239,244,483,20,26,46,Prevalle
18,20,38,102,96,198,101,89,190,57,84,141,12,15,27,2,1,3,Vodo Cadore
55,73,128,369,352,721,676,529,1205,391,453,844,119,155,274,10,17,27,Urago d'Oglio
486,591,1077,2095,1942,4037,2433,2037,4470,1120,1645,2765,458,750,1208,70,135,205,San Giorgio Ionico
122,135,257,354,358,712,386,308,694,168,237,405,56,66,122,2,9,11,Moniga del Garda
130,162,292,511,569,1080,844,668,1512,375,539,914,137,170,307,0,4,4,Almenno San Bartolomeo
62,57,119,262,271,533,530,444,974,319,378,697,95,86,181,9,10,19,Mornico al Serio
30,49,79,206,193,399,200,184,384,103,133,236,31,38,69,2,0,2,Piazza Brembana
409,514,923,1634,1644,3278,1994,1722,3716,1067,1570,2637,365,400,765,34,42,76,Cerro Maggiore
43,65,108,270,217,487,265,246,511,148,177,325,58,82,140,4,10,14,Cessalto
18,17,35,89,66,155,92,60,152,52,76,128,24,13,37,2,3,5,Casteldidone
663,819,1482,1875,1840,3715,2028,1824,3852,1148,1541,2689,403,439,842,14,24,38,Gussago
44,32,76,155,112,267,110,111,221,56,79,135,79,92,171,18,63,81,Scampitella
5,6,11,32,33,65,36,32,68,22,26,48,5,14,19,0,0,0,Beverino
69,88,157,376,366,742,478,365,843,223,305,528,82,103,185,5,5,10,Arzago d'Adda
270,371,641,846,933,1779,792,735,1527,348,594,942,124,159,283,2,2,4,Cortina d'Ampezzo
21,19,40,71,76,147,59,48,107,49,68,117,10,27,37,1,6,7,Patrica
46,78,124,334,372,706,729,643,1372,449,476,925,207,259,466,42,42,84,Custonaci
25,34,59,89,87,176,81,64,145,50,74,124,16,18,34,4,6,10,Erice
97,145,242,536,582,1118,930,792,1722,515,527,1042,188,241,429,32,47,79,Pula
172,194,366,739,706,1445,566,562,1128,412,540,952,126,109,235,6,10,16,Ville d'Anaunia
1255,1743,2998,4018,3936,7954,2943,2373,5316,1901,2497,4398,661,1016,1677,65,168,233,Sora
14,26,40,95,59,154,87,76,163,44,69,113,19,22,41,4,4,8,Colfelice
102,144,246,398,350,748,292,230,522,165,246,411,68,91,159,2,12,14,Contigliano
77,62,139,257,254,511,229,237,466,108,152,260,43,59,102,2,2,4,Cascia
184,221,405,757,653,1410,464,483,947,348,443,791,184,401,585,20,53,73,Calitri
325,394,719,1101,1232,2333,918,734,1652,343,528,871,188,253,441,9,14,23,Morlupo
753,1034,1787,3743,3625,7368,4726,4147,8873,2321,2916,5237,949,1299,2248,55,173,228,Cisterna di Latina
1405,1824,3229,6601,6267,12868,6381,5693,12074,2923,3952,6875,1307,1848,3155,86,205,291,Aprilia
525,683,1208,2100,2039,4139,2300,1944,4244,1350,1686,3036,510,761,1271,21,48,69,Castelfidardo
317,365,682,1375,1266,2641,1203,1061,2264,638,914,1552,267,315,582,12,15,27,Fontanafredda
2608,3635,6243,8630,8277,16907,5542,4930,10472,2985,4819,7804,1269,2061,3330,84,157,241,Foligno
178,257,435,819,884,1703,1043,848,1891,475,670,1145,228,252,480,17,23,40,Cadelbosco di Sopra
597,739,1336,2254,2253,4507,2715,2074,4789,1406,2092,3498,511,631,1142,40,71,111,Suzzara
18,21,39,63,69,132,90,69,159,64,65,129,35,54,89,16,20,36,Roseto Capo Spulico
108,165,273,570,548,1118,722,655,1377,317,376,693,166,198,364,25,46,71,Scanzano Jonico
15,33,48,99,78,177,77,75,152,105,110,215,32,54,86,20,35,55,Andali
41,70,111,178,159,337,148,105,253,77,93,170,33,53,86,4,14,18,Santo Stefano di Rogliano
14,10,24,50,34,84,36,30,66,27,34,61,7,5,12,0,0,0,Macugnaga
2,0,2,3,2,5,2,3,5,0,0,0,1,2,3,0,0,0,Proceno
359,451,810,1237,1195,2432,1147,1082,2229,602,890,1492,269,332,601,10,20,30,Noceto
166,181,347,613,578,1191,652,561,1213,403,457,860,171,246,417,64,102,166,Tursi
3012,3672,6684,6341,6673,13014,4349,3815,8164,2520,3901,6421,1023,1610,2633,38,78,116,Fano
3,7,10,20,14,34,22,29,51,22,32,54,14,22,36,2,5,7,Palizzi
1410,1605,3015,4122,4007,8129,3134,2856,5990,1779,3371,5150,601,717,1318,29,44,73,Vittorio Veneto
39,43,82,206,185,391,205,160,365,117,174,291,39,44,83,3,2,5,Bosco Chiesanuova
185,210,395,786,748,1534,563,572,1135,410,586,996,120,170,290,2,3,5,Santa Giustina
310,400,710,1756,1505,3261,2366,2248,4614,1374,1756,3130,426,710,1136,57,132,189,Porto Viro
43,50,93,200,178,378,206,169,375,118,156,274,36,37,73,0,2,2,Castelletto d'Orba
28,34,62,69,60,129,64,68,132,18,26,44,10,6,16,0,0,0,Gressoney-Saint-Jean
0,2,2,9,9,18,10,6,16,2,7,9,0,1,1,0,0,0,Valgrisenche
1,2,3,4,11,15,12,16,28,13,18,31,2,2,4,2,2,4,Borghetto d'Arroscia
34,37,71,115,136,251,148,161,309,85,110,195,34,65,99,5,6,11,Bellante
8,9,17,63,41,104,53,45,98,28,45,73,13,23,36,2,5,7,Mombaroccio
93,122,215,222,248,470,222,212,434,156,225,381,45,42,87,0,2,2,Pollone
4,2,6,6,5,11,14,11,25,16,23,39,1,5,6,0,0,0,Coli
56,69,125,141,146,287,193,137,330,141,178,319,54,92,146,3,15,18,Montefiore dell'Aso
29,56,85,116,131,247,165,136,301,95,94,189,43,50,93,3,10,13,Cercemaggiore
45,70,115,226,204,430,203,153,356,91,165,256,32,48,80,7,15,22,San Giovanni Incarico
2,2,4,14,9,23,11,10,21,20,15,35,1,2,3,0,0,0,Bognanco
2,2,4,12,9,21,17,12,29,18,37,55,3,1,4,0,0,0,Minucciano
564,726,1290,2020,1980,4000,2881,2539,5420,1682,2037,3719,634,1192,1826,175,431,606,San Vito dei Normanni
53,66,119,292,273,565,277,227,504,130,185,315,64,79,143,7,1,8,Fontanelle
125,171,296,523,546,1069,682,600,1282,409,533,942,142,159,301,7,12,19,Cavallermaggiore
46,50,96,193,207,400,220,186,406,117,190,307,28,40,68,1,4,5,Asigliano Vercellese
19,25,44,72,58,130,76,66,142,39,67,106,20,14,34,1,0,1,San Martino Canavese
19,34,53,67,66,133,115,89,204,55,67,122,18,36,54,4,6,10,Rosciano
921,1093,2014,3316,3425,6741,3347,2952,6299,1905,3047,4952,554,724,1278,36,44,80,Valdagno
8,14,22,92,71,163,112,98,210,66,97,163,18,18,36,1,2,3,Rossana
0,2,2,6,7,13,8,3,11,7,10,17,1,2,3,0,0,0,Pezzolo Valle Uzzone
183,264,447,756,702,1458,830,769,1599,476,766,1242,177,160,337,15,26,41,Dronero
8,11,19,57,41,98,49,39,88,35,43,78,11,12,23,3,1,4,Fresonara
39,67,106,184,194,378,141,90,231,96,162,258,16,18,34,1,1,2,Riomaggiore
7,9,16,50,37,87,58,52,110,32,49,81,11,7,18,2,1,3,Ala di Stura
1,1,2,6,8,14,12,6,18,10,12,22,3,1,4,0,0,0,Pramollo
279,262,541,355,365,720,238,252,490,133,184,317,60,65,125,2,0,2,Pecetto Torinese
33,26,59,165,117,282,138,127,265,56,110,166,9,14,23,2,1,3,Sonico
463,612,1075,2671,2702,5373,4332,3474,7806,2580,3366,5946,739,803,1542,73,91,164,Lumezzane
17,13,30,39,31,70,22,21,43,12,28,40,7,6,13,0,1,1,Filignano
384,400,784,1461,1452,2913,1790,1589,3379,1011,1135,2146,447,698,1145,102,186,288,Vieste
34,39,73,182,189,371,234,196,430,120,168,288,55,66,121,3,1,4,Ticineto
34,35,69,152,128,280,150,127,277,116,176,292,23,19,42,1,1,2,Moncrivello
2,1,3,19,20,39,25,20,45,16,12,28,4,5,9,0,0,0,Isola di Fondra
27,28,55,140,155,295,195,158,353,83,117,200,43,28,71,0,6,6,Borgo di Terzo
265,334,599,929,861,1790,818,671,1489,431,740,1171,137,193,330,5,10,15,Ostiglia
118,136,254,470,428,898,451,388,839,276,398,674,84,79,163,4,6,10,Delebio
59,63,122,308,361,669,684,540,1224,337,359,696,113,99,212,5,12,17,Roccafranca
19,26,45,100,120,220,140,110,250,59,94,153,21,11,32,0,0,0,Mazzo di Valtellina
310,423,733,1240,1244,2484,1371,1111,2482,572,984,1556,211,241,452,9,18,27,San Vittore Olona
64,72,136,216,196,412,159,136,295,92,143,235,31,43,74,2,5,7,Colle Umberto
36,28,64,84,81,165,92,82,174,60,59,119,29,26,55,16,34,50,Vallesaccarda
66,77,143,286,318,604,471,354,825,229,290,519,98,89,187,6,5,11,Lurano
22,34,56,129,120,249,182,167,349,104,105,209,30,27,57,2,4,6,Vallio Terme
7,16,23,87,50,137,65,73,138,46,83,129,8,17,25,0,0,0,Voltago Agordino
140,180,320,509,504,1013,518,437,955,208,286,494,76,87,163,3,13,16,Oriolo Romano
60,76,136,406,366,772,409,374,783,209,269,478,110,108,218,5,15,20,Pramaggiore
120,143,263,440,472,912,539,418,957,304,368,672,89,186,275,6,42,48,Marta
5,9,14,37,43,80,31,26,57,25,43,68,9,6,15,0,3,3,Bagnaria
1622,1669,3291,3767,3798,7565,3356,2986,6342,1845,2962,4807,636,752,1388,57,73,130,Treviglio
24,28,52,128,79,207,83,98,181,73,80,153,42,70,112,5,21,26,Fresagrandinaria
31,29,60,83,101,184,75,64,139,54,81,135,22,12,34,0,0,0,San Pietro di Feletto
180,224,404,855,787,1642,909,850,1759,438,720,1158,169,186,355,16,19,35,Cornuda
64,91,155,311,335,646,408,341,749,220,315,535,66,95,161,4,3,7,Gravellona Lomellina
65,88,153,324,334,658,503,376,879,302,423,725,92,115,207,12,18,30,Gussola
123,147,270,488,513,1001,554,507,1061,308,407,715,100,97,197,6,2,8,Valbrembo
10,8,18,24,30,54,34,30,64,28,22,50,12,7,19,0,1,1,Ranzo
7,12,19,76,63,139,81,77,158,111,119,230,28,61,89,2,13,15,Palmoli
16,30,46,117,103,220,134,115,249,87,144,231,30,79,109,5,9,14,Papozze
252,336,588,1372,1434,2806,2288,1958,4246,1290,1697,2987,623,582,1205,36,42,78,Travagliato
250,312,562,986,1044,2030,1202,1008,2210,528,767,1295,223,249,472,19,32,51,Colorno
127,184,311,690,669,1359,659,503,1162,331,506,837,148,169,317,6,18,24,Ravarino
11,14,25,45,59,104,101,94,195,46,54,100,21,28,49,2,2,4,Loiri Porto San Paolo
640,741,1381,2204,2238,4442,3653,3441,7094,2074,2526,4600,1450,1816,3266,380,403,783,Biancavilla
69,107,176,323,289,612,312,277,589,152,243,395,48,68,116,3,7,10,Vignole Borbera
342,405,747,1570,1524,3094,1926,1736,3662,930,1301,2231,475,531,1006,68,66,134,Cinisi
833,1081,1914,2500,2525,5025,3825,3332,7157,2144,2871,5015,817,1233,2050,260,257,517,Termini Imerese
18,36,54,68,97,165,161,120,281,133,145,278,24,41,65,5,7,12,Genoni
27,81,108,217,226,443,451,354,805,283,309,592,105,183,288,16,13,29,Villanova Monteleone
99,127,226,358,343,701,650,566,1216,314,373,687,149,206,355,37,115,152,Sant'Eufemia d'Aspromonte
31,29,60,92,104,196,86,66,152,49,59,108,30,42,72,5,5,10,Pignataro Interamna
49,46,95,230,197,427,272,237,509,155,185,340,46,88,134,7,30,37,Amaseno
1977,2222,4199,6542,6143,12685,8688,6971,15659,4533,6390,10923,2194,3087,5281,823,824,1647,Bisceglie
82,80,162,180,193,373,176,176,352,104,163,267,35,48,83,6,5,11,Caldarola
856,1102,1958,3716,3585,7301,3103,2760,5863,1207,1697,2904,620,797,1417,31,70,101,Guidonia Montecelio
60,82,142,247,187,434,206,201,407,191,208,399,126,171,297,17,78,95,Vallefiorita
12,19,31,56,57,113,73,84,157,69,61,130,23,35,58,3,4,7,Aglientu
225,279,504,786,707,1493,1070,947,2017,563,736,1299,260,391,651,42,137,179,Scorrano
102,113,215,351,395,746,339,273,612,184,241,425,81,98,179,6,20,26,Positano
46,51,97,106,109,215,122,81,203,83,105,188,26,51,77,1,4,5,Murlo
69,107,176,304,333,637,372,268,640,264,337,601,106,151,257,27,40,67,Corleto Perticara
4,6,10,32,29,61,24,25,49,22,29,51,6,4,10,0,0,0,Rumo
23,23,46,73,87,160,124,96,220,64,89,153,23,22,45,0,1,1,Songavazzo
271,336,607,939,912,1851,1160,966,2126,859,1194,2053,304,567,871,64,119,183,Cutrofiano
27,43,70,206,191,397,287,201,488,189,267,456,65,91,156,20,28,48,Montemilone
13,18,31,56,62,118,80,70,150,77,70,147,30,73,103,6,12,18,Bagnoli del Trigno
7,7,14,35,25,60,37,20,57,18,31,49,1,6,7,0,1,1,Tramonti di Sotto
123,146,269,342,345,687,344,258,602,170,206,376,114,137,251,51,126,177,Sant'Onofrio
94,130,224,399,386,785,751,653,1404,392,454,846,226,308,534,30,80,110,Supersano
3104,3754,6858,11700,10532,22232,13553,11150,24703,6849,10691,17540,3238,4645,7883,465,892,1357,Torre del Greco
35,76,111,290,262,552,359,330,689,236,280,516,59,70,129,1,1,2,Gianico
139,192,331,649,635,1284,629,525,1154,389,537,926,164,193,357,12,19,31,San Giorgio Piacentino
50,75,125,301,267,568,375,361,736,195,307,502,87,98,185,12,10,22,Quero Vas
1,5,6,8,10,18,10,6,16,3,2,5,3,1,4,0,0,0,Odalengo Piccolo
417,537,954,1661,1561,3222,2057,1775,3832,1054,1759,2813,358,362,720,28,33,61,Manerbio
56,67,123,300,268,568,346,302,648,167,252,419,54,58,112,5,13,18,Cassine
1,0,1,8,2,10,4,7,11,6,5,11,1,1,2,0,0,0,Castelletto Merli
10,15,25,61,61,122,67,66,133,63,89,152,14,21,35,2,2,4,Viarigi
45,62,107,221,200,421,236,197,433,125,213,338,33,38,71,1,3,4,Solero
34,45,79,95,98,193,78,66,144,43,89,132,10,9,19,1,1,2,Bonassola
2548,2933,5481,6276,6596,12872,6741,5739,12480,3182,4613,7795,1492,2067,3559,245,452,697,Pozzuoli
987,1238,2225,3408,3443,6851,2943,2623,5566,1349,1903,3252,515,847,1362,149,97,246,Genzano di Roma
46,58,104,228,209,437,248,214,462,120,147,267,44,45,89,3,1,4,Sant'Albano Stura
32,37,69,107,91,198,191,171,362,132,145,277,43,98,141,4,30,34,Roseto Valfortore
51,92,143,284,225,509,349,272,621,200,239,439,65,104,169,4,2,6,Trecastelli
242,311,553,1053,993,2046,1600,1286,2886,853,1137,1990,417,675,1092,89,141,230,Minervino Murge
76,120,196,304,353,657,454,308,762,301,378,679,108,171,279,14,22,36,Montaione
21,34,55,92,108,200,101,73,174,71,74,145,44,32,76,5,18,23,Motta Santa Lucia
25,35,60,147,130,277,320,314,634,197,227,424,128,188,316,43,110,153,Guardavalle
181,258,439,655,618,1273,511,447,958,277,452,729,96,140,236,4,15,19,Orte
8,14,22,48,43,91,54,39,93,42,79,121,5,5,10,0,0,0,Carona
39,59,98,131,111,242,125,86,211,48,86,134,27,38,65,3,15,18,Marzi
51,85,136,244,240,484,289,228,517,171,196,367,60,75,135,11,7,18,Zocca
40,62,102,212,229,441,200,178,378,134,186,320,28,44,72,0,2,2,Valle di Cadore
10,12,22,41,61,102,77,52,129,51,72,123,16,12,28,0,1,1,Pellegrino Parmense
412,485,897,1307,1305,2612,1251,1096,2347,533,973,1506,248,268,516,18,40,58,Besana in Brianza
115,154,269,497,460,957,547,470,1017,287,390,677,126,173,299,5,17,22,Cerreto d'Esi
360,468,828,1062,1150,2212,909,839,1748,456,597,1053,191,267,458,26,78,104,Sapri
135,151,286,653,733,1386,853,655,1508,380,506,886,139,169,308,1,13,14,Vidigulfo
485,619,1104,1712,1822,3534,1572,1425,2997,840,1247,2087,250,286,536,20,31,51,Stradella
2,9,11,26,33,59,30,27,57,23,31,54,4,8,12,0,0,0,Tornolo
105,123,228,356,373,729,427,359,786,230,317,547,74,74,148,4,6,10,Peveragno
37,55,92,260,227,487,294,298,592,218,312,530,46,54,100,0,7,7,Paesana
288,329,617,1122,1071,2193,883,921,1804,489,708,1197,192,172,364,10,17,27,Borgo Valsugana
88,75,163,316,289,605,330,308,638,162,184,346,44,49,93,3,3,6,Val della Torre
229,254,483,720,693,1413,600,514,1114,272,453,725,113,147,260,4,2,6,Carbonera
271,361,632,975,978,1953,1200,1061,2261,586,922,1508,218,253,471,14,30,44,Carignano
13,26,39,96,67,163,92,78,170,67,98,165,13,24,37,2,2,4,Masio
25,30,55,72,82,154,64,54,118,42,62,104,11,17,28,0,0,0,Rotzo
37,30,67,137,163,300,260,200,460,169,243,412,31,65,96,4,4,8,Pray
124,181,305,694,587,1281,807,683,1490,410,702,1112,167,143,310,4,10,14,Sovere
2103,2654,4757,6086,6095,12181,8848,7102,15950,4428,6045,10473,1956,2348,4304,432,561,993,Bitonto
1154,1416,2570,3812,3818,7630,6006,5060,11066,2554,3756,6310,1205,1720,2925,239,721,960,Francavilla Fontana
15,27,42,134,125,259,217,189,406,146,176,322,28,31,59,3,3,6,Collio
19,20,39,81,62,143,56,85,141,58,75,133,16,21,37,1,4,5,Vernasca
199,183,382,324,303,627,206,200,406,105,132,237,54,52,106,0,2,2,Baldissero Torinese
18,39,57,112,178,290,417,366,783,259,216,475,102,142,244,24,46,70,Siurgus Donigala
1246,1586,2832,4338,4448,8786,3703,3484,7187,1756,2521,4277,782,922,1704,103,118,221,Gravina di Catania
15,29,44,72,81,153,193,174,367,97,113,210,43,57,100,8,15,23,Tratalias
58,94,152,143,215,358,442,320,762,195,216,411,88,154,242,15,21,36,Ilbono
15,30,45,102,107,209,184,115,299,83,83,166,53,71,124,8,12,20,Cossoine
11,20,31,75,105,180,325,226,551,154,111,265,72,73,145,11,14,25,Silius
3,3,6,23,35,58,33,27,60,17,35,52,5,18,23,2,8,10,Calanna
18,25,43,90,76,166,104,68,172,65,77,142,22,18,40,0,0,0,Terranova dei Passerini
124,125,249,570,524,1094,693,522,1215,261,433,694,100,179,279,7,13,20,Bassano Romano
143,227,370,640,568,1208,684,543,1227,342,479,821,119,144,263,10,24,34,Renate
242,291,533,966,1004,1970,1034,827,1861,541,889,1430,285,452,737,65,95,160,Racalmuto
85,91,176,338,295,633,430,374,804,197,255,452,106,177,283,12,21,33,Santa Elisabetta
486,609,1095,2617,2292,4909,2706,2714,5420,1584,1889,3473,767,1042,1809,158,159,317,Pozzallo
86,98,184,359,329,688,379,311,690,190,237,427,54,67,121,1,1,2,Lierna
205,238,443,735,674,1409,700,662,1362,326,433,759,127,180,307,31,42,73,Spadafora
89,129,218,428,409,837,428,335,763,219,396,615,57,55,112,2,3,5,Dervio
126,193,319,486,439,925,531,456,987,234,302,536,149,204,353,33,67,100,Delianuova
245,342,587,914,916,1830,1068,936,2004,429,574,1003,202,274,476,16,21,37,Morciano di Romagna
29,49,78,121,127,248,192,151,343,98,105,203,60,67,127,31,59,90,Paludi
124,157,281,424,484,908,507,337,844,276,417,693,100,114,214,4,7,11,Calcinaia
10,18,28,51,60,111,87,70,157,36,57,93,12,12,24,0,0,0,Nonio
25,22,47,92,117,209,175,127,302,57,79,136,45,63,108,7,9,16,Campomaggiore
1044,1277,2321,2627,3189,5816,2317,2293,4610,1267,2074,3341,401,538,939,23,50,73,Montecatini-Terme
19,23,42,59,55,114,82,68,150,46,80,126,9,21,30,2,0,2,Camburzano
30,29,59,144,134,278,179,130,309,110,145,255,35,51,86,5,6,11,Gerano
193,229,422,689,653,1342,665,594,1259,318,454,772,141,228,369,13,30,43,Passignano sul Trasimeno
55,83,138,153,160,313,233,199,432,150,157,307,61,88,149,17,28,45,Cropani
832,1017,1849,2671,2644,5315,2589,2598,5187,1440,2180,3620,447,539,986,30,66,96,Domodossola
43,48,91,155,142,297,246,202,448,206,237,443,57,94,151,5,19,24,Torre San Patrizio
316,395,711,1190,1196,2386,1729,1434,3163,915,1065,1980,419,684,1103,102,264,366,San Pancrazio Salentino
8,13,21,64,47,111,78,58,136,33,49,82,11,28,39,5,15,20,Casalvecchio Siculo
131,180,311,627,596,1223,841,761,1602,437,519,956,144,155,299,2,12,14,Poncarale
20,29,49,78,88,166,87,53,140,47,77,124,17,28,45,1,5,6,Monterchi
90,100,190,307,349,656,361,298,659,207,296,503,69,105,174,5,12,17,Rosignano Marittimo
4,7,11,18,12,30,25,18,43,32,36,68,4,9,13,2,2,4,Pozzaglia Sabina
31,38,69,82,71,153,65,54,119,25,54,79,7,25,32,3,3,6,Arpaise
39,23,62,133,120,253,134,125,259,76,126,202,16,38,54,2,1,3,Salara
133,163,296,640,592,1232,733,629,1362,355,534,889,128,138,266,3,9,12,Isola Vicentina
187,255,442,615,599,1214,459,403,862,236,303,539,109,128,237,3,9,12,Gossolengo
146,224,370,747,745,1492,740,643,1383,315,432,747,151,142,293,4,16,20,Trezzano Rosa
104,145,249,574,557,1131,856,688,1544,586,703,1289,171,258,429,12,28,40,Casaleone
54,74,128,137,111,248,114,97,211,63,100,163,34,38,72,5,6,11,Torrice
20,37,57,103,114,217,161,125,286,76,88,164,38,25,63,1,6,7,Trovo
10,9,19,46,43,89,31,35,66,31,34,65,8,3,11,1,1,2,Ponte Nizza
26,31,57,174,110,284,150,135,285,72,96,168,35,40,75,0,1,1,Montegaldella
61,83,144,247,268,515,294,253,547,121,208,329,52,52,104,14,18,32,Scaletta Zanclea
1121,1344,2465,3552,3426,6978,4589,3866,8455,2491,3240,5731,1153,1663,2816,280,428,708,Avola
43,64,107,257,228,485,412,331,743,162,229,391,71,91,162,10,27,37,Montorio Romano
327,373,700,1522,1369,2891,3301,2459,5760,1120,1866,2986,669,928,1597,136,350,486,Frattaminore
6,3,9,40,53,93,115,78,193,52,78,130,7,10,17,1,1,2,Vigolo
24,29,53,175,178,353,238,212,450,168,231,399,31,34,65,1,1,2,Caspoggio
428,476,904,1185,1204,2389,1194,1116,2310,628,961,1589,230,215,445,5,15,20,Torre Boldone
5,12,17,50,43,93,54,55,109,25,32,57,11,11,22,0,2,2,Cortiglione
48,61,109,185,212,397,211,191,402,109,143,252,46,48,94,1,6,7,San Lorenzo al Mare
1,1,2,5,5,10,5,4,9,3,5,8,0,0,0,0,0,0,Pedesina
38,47,85,167,176,343,218,181,399,119,153,272,36,34,70,1,2,3,Ronago
24,21,45,54,50,104,82,63,145,56,76,132,21,40,61,7,5,12,Massa Fermana
240,276,516,690,696,1386,627,513,1140,346,506,852,120,119,239,11,9,20,Azzate
40,45,85,90,108,198,143,95,238,67,90,157,22,22,44,2,1,3,Cazzago Brabbia
2310,2668,4978,7274,7202,14476,6378,5532,11910,2884,5065,7949,1263,1815,3078,172,336,508,San Giorgio a Cremano
1,9,10,37,26,63,66,49,115,30,33,63,9,11,20,1,11,12,Torrioni
28,24,52,72,57,129,90,65,155,48,47,95,16,44,60,5,4,9,Stio
257,322,579,1048,997,2045,1217,1046,2263,599,869,1468,186,236,422,9,18,27,Marnate
53,79,132,271,323,594,520,501,1021,301,370,671,210,231,441,59,53,112,Capizzi
109,151,260,371,413,784,354,358,712,274,297,571,90,163,253,29,31,60,Petralia Sottana
547,831,1378,2806,2669,5475,3778,3405,7183,2151,2376,4527,701,981,1682,60,156,216,Porto Torres
12,7,19,45,46,91,51,53,104,35,50,85,6,11,17,0,1,1,Marciana
84,125,209,392,383,775,443,377,820,242,255,497,144,173,317,33,93,126,Atella
600,764,1364,2206,2169,4375,1998,1655,3653,1042,1574,2616,357,415,772,14,22,36,Porto Mantovano
94,105,199,407,424,831,310,253,563,208,223,431,67,52,119,1,3,4,Besenello
2,5,7,16,17,33,21,18,39,14,23,37,0,3,3,0,1,1,Serralunga di Crea
332,423,755,1197,1318,2515,1259,1147,2406,752,1106,1858,207,245,452,15,31,46,Broni
42,38,80,102,96,198,77,71,148,40,58,98,17,27,44,5,6,11,Nemoli
26,25,51,84,78,162,91,68,159,62,108,170,10,13,23,0,0,0,San Cristoforo
85,109,194,395,425,820,482,371,853,250,282,532,107,111,218,5,17,22,San Prospero
20,55,75,159,170,329,378,287,665,174,186,360,62,87,149,8,22,30,Samatzai
53,59,112,195,196,391,273,252,525,173,249,422,95,129,224,34,49,83,Calvello
167,231,398,652,773,1425,824,666,1490,360,558,918,147,200,347,6,19,25,Minerbio
438,525,963,1300,1231,2531,1329,1150,2479,548,898,1446,213,249,462,25,28,53,Sesto Calende
90,114,204,272,268,540,291,232,523,187,216,403,66,66,132,3,8,11,Eupilio
30,44,74,153,136,289,252,184,436,142,204,346,30,26,56,5,7,12,Cavaglio d'Agogna
3,1,4,9,11,20,11,10,21,7,7,14,0,2,2,0,0,0,Prasco
80,87,167,385,335,720,403,309,712,178,254,432,105,85,190,0,5,5,Santa Maria di Sala
174,232,406,980,1006,1986,1603,1315,2918,755,975,1730,365,367,732,9,32,41,Calcinato
40,62,102,221,204,425,159,157,316,116,182,298,34,46,80,4,3,7,Faedis
20,27,47,96,114,210,196,166,362,112,128,240,23,27,50,2,1,3,Bossico
594,793,1387,2594,2363,4957,1965,1761,3726,1226,1656,2882,374,605,979,19,93,112,Ceccano
28,28,56,86,110,196,132,83,215,73,84,157,18,33,51,1,3,4,Villanova d'Ardenghi
3,4,7,11,8,19,8,10,18,5,13,18,4,1,5,0,0,0,Santa Margherita di Staffora
39,65,104,264,237,501,370,300,670,177,228,405,65,52,117,5,2,7,Mairano
24,29,53,196,184,380,156,169,325,112,144,256,35,23,58,0,0,0,Limone sul Garda
77,111,188,298,302,600,367,260,627,195,265,460,68,99,167,1,4,5,Cavriglia
265,292,557,838,901,1739,999,859,1858,527,748,1275,163,233,396,13,31,44,Belgioioso
269,330,599,932,982,1914,893,856,1749,567,901,1468,138,173,311,13,20,33,Casteggio
368,442,810,1035,1124,2159,1285,1201,2486,678,1105,1783,205,280,485,17,31,48,Laveno-Mombello
5,4,9,39,47,86,59,39,98,36,42,78,8,7,15,1,1,2,Rezzago
25,39,64,147,139,286,168,121,289,66,116,182,25,25,50,0,5,5,Tagliolo Monferrato
28,32,60,81,74,155,92,85,177,75,97,172,14,27,41,3,8,11,Vignale Monferrato
19,21,40,135,101,236,100,89,189,48,66,114,30,33,63,3,3,6,Rocca di Botte
100,105,205,311,281,592,406,342,748,222,320,542,108,129,237,20,37,57,Montesano Salentino
39,35,74,104,89,193,91,73,164,47,67,114,13,32,45,2,7,9,Sant'Ambrogio sul Garigliano
384,458,842,848,885,1733,622,718,1340,343,573,916,114,134,248,2,11,13,Albissola Marina
31,49,80,120,111,231,135,109,244,129,175,304,27,28,55,2,2,4,Miranda
23,13,36,67,56,123,38,46,84,45,53,98,17,23,40,6,5,11,Taranta Peligna
99,148,247,341,319,660,281,229,510,161,187,348,56,99,155,7,29,36,San Giorgio a Liri
312,380,692,1028,1118,2146,1204,1018,2222,763,986,1749,218,306,524,20,41,61,Poggio a Caiano
85,123,208,524,466,990,677,549,1226,275,371,646,120,134,254,6,10,16,Airasca
5,2,7,16,18,34,21,19,40,13,18,31,7,11,18,1,2,3,Cessapalombo
6,3,9,17,14,31,25,22,47,13,15,28,10,9,19,2,1,3,Rocca Santa Maria
1,5,6,25,16,41,15,18,33,19,23,42,9,13,22,0,1,1,Carpineto della Nora
3,1,4,9,3,12,4,7,11,8,6,14,0,3,3,0,0,0,Bormida
120,144,264,459,407,866,422,341,763,163,237,400,68,137,205,5,32,37,Castelforte
964,1153,2117,3438,3673,7111,3878,3068,6946,2202,2899,5101,678,746,1424,45,61,106,Giussano
91,115,206,321,359,680,422,313,735,205,259,464,81,112,193,10,35,45,San Cipriano Picentino
2,7,9,13,8,21,16,10,26,9,8,17,2,1,3,0,0,0,Albaredo Arnaboldi
6,19,25,80,54,134,50,54,104,30,57,87,8,9,17,0,0,0,Raveo
107,144,251,634,698,1332,1285,1119,2404,678,814,1492,225,228,453,14,18,32,Castrezzato
201,228,429,737,728,1465,791,646,1437,444,628,1072,214,361,575,35,62,97,Alezio
58,95,153,350,316,666,413,366,779,216,282,498,93,116,209,8,6,14,Pozzolengo
18,44,62,191,189,380,324,264,588,179,191,370,61,61,122,4,2,6,Berlingo
139,204,343,928,876,1804,1028,820,1848,586,809,1395,213,178,391,28,15,43,Trissino
116,143,259,470,533,1003,769,584,1353,433,592,1025,120,211,331,15,26,41,Montespertoli
116,105,221,626,603,1229,652,515,1167,241,372,613,122,146,268,3,6,9,Gallicano nel Lazio
174,226,400,873,881,1754,1116,931,2047,602,779,1381,303,377,680,18,26,44,Reggiolo
0,5,5,10,9,19,8,9,17,11,15,26,4,2,6,0,0,0,Olivola
87,107,194,346,346,692,382,346,728,194,305,499,59,67,126,2,2,4,Porto Valtravaglia
183,204,387,663,722,1385,661,550,1211,310,499,809,110,170,280,10,15,25,Aulla
6,12,18,32,36,68,28,22,50,14,15,29,8,7,15,0,0,0,Monfumo
72,89,161,165,176,341,125,101,226,95,125,220,35,38,73,1,1,2,Sovicille
164,231,395,969,807,1776,1124,1031,2155,836,1076,1912,309,534,843,17,66,83,Fiscaglia
27,45,72,96,85,181,137,100,237,86,127,213,27,25,52,2,3,5,Cingia de' Botti
12,19,31,71,61,132,107,86,193,60,98,158,17,18,35,0,1,1,Gombito
33,48,81,141,109,250,134,109,243,105,151,256,23,66,89,8,11,19,Torricella Peligna
24,29,53,64,67,131,51,62,113,67,108,175,14,24,38,3,14,17,Jacurso
281,373,654,986,903,1889,727,706,1433,356,658,1014,124,160,284,5,3,8,Tricesimo
16,20,36,100,76,176,102,82,184,42,67,109,21,14,35,0,3,3,Barni
258,347,605,1372,1496,2868,1528,1236,2764,802,885,1687,310,364,674,17,33,50,Castellarano
37,52,89,148,151,299,195,154,349,126,163,289,54,40,94,1,2,3,Pianfei
5,6,11,38,31,69,33,35,68,40,54,94,1,3,4,0,0,0,Feisoglio
11,5,16,13,16,29,25,16,41,10,18,28,3,2,5,0,0,0,Montezemolo
3,2,5,26,31,57,19,21,40,28,28,56,1,4,5,1,1,2,Lisio
7,9,16,82,86,168,116,94,210,75,78,153,20,25,45,2,0,2,Camerata Cornello
152,176,328,473,526,999,499,415,914,230,395,625,87,81,168,6,6,12,Menaggio
62,77,139,287,339,626,381,320,701,206,233,439,75,70,145,9,14,23,Uscio
51,65,116,277,241,518,258,199,457,157,212,369,43,75,118,3,1,4,Teglio Veneto
94,121,215,311,310,621,309,257,566,175,221,396,93,130,223,29,70,99,Frasso Telesino
94,91,185,230,243,473,236,214,450,110,197,307,48,74,122,26,17,43,Liveri
42,62,104,172,153,325,161,137,298,71,112,183,41,72,113,3,8,11,Fragneto Monforte
51,86,137,315,288,603,333,252,585,204,275,479,66,83,149,5,7,12,Praiano
945,1027,1972,2932,2958,5890,2713,2256,4969,1342,1840,3182,627,757,1384,37,65,102,Ischia
28,31,59,115,136,251,147,118,265,70,83,153,22,15,37,0,0,0,Savogna d'Isonzo
150,184,334,547,550,1097,555,483,1038,289,418,707,115,121,236,2,3,5,Sovizzo
25,32,57,96,89,185,106,112,218,77,102,179,23,27,50,1,0,1,Buriasco
91,90,181,395,343,738,445,390,835,203,215,418,98,180,278,13,36,49,Limatola
107,123,230,432,413,845,385,333,718,180,263,443,97,145,242,12,45,57,San Martino Valle Caudina
424,542,966,1316,1407,2723,1724,1641,3365,1091,1652,2743,267,359,626,27,59,86,Borgosesia
5,8,13,57,51,108,106,73,179,70,88,158,13,21,34,0,0,0,Lamporo
12,17,29,130,92,222,98,104,202,68,74,142,61,80,141,5,20,25,Monteverde
9,20,29,70,99,169,215,151,366,96,92,188,35,53,88,10,17,27,Laerru
785,891,1676,3055,3019,6074,3669,3272,6941,2205,2978,5183,1047,1404,2451,267,289,556,Lentini
0,1,1,7,2,9,4,2,6,3,2,5,0,0,0,0,0,0,Maccastorna
1945,2432,4377,4875,4782,9657,3527,3151,6678,1708,2710,4418,741,1085,1826,46,107,153,Formia
1249,1520,2769,3242,3195,6437,2586,2211,4797,1551,2228,3779,588,950,1538,46,116,162,Giulianova
14,22,36,143,94,237,84,85,169,63,100,163,17,25,42,1,4,5,Ospedaletto
129,157,286,481,511,992,426,409,835,285,343,628,108,167,275,6,12,18,Bagno di Romagna
112,164,276,674,602,1276,1031,862,1893,470,673,1143,230,299,529,40,69,109,Massa di Somma
16,10,26,70,72,142,80,90,170,97,126,223,12,19,31,3,7,10,Casorzo
150,196,346,570,683,1253,798,603,1401,500,677,1177,138,197,335,14,27,41,Ponte Buggianese
28,33,61,88,92,180,83,79,162,45,52,97,15,8,23,2,4,6,Colleretto Giacosa
38,44,82,153,160,313,154,161,315,76,78,154,33,32,65,1,2,3,Cervarese Santa Croce
8,13,21,34,38,72,68,49,117,31,44,75,13,7,20,0,3,3,Alzano Scrivia
46,60,106,160,176,336,137,119,256,93,120,213,40,19,59,2,3,5,Inarzo
89,97,186,353,332,685,405,358,763,195,252,447,80,87,167,10,10,20,Lurago Marinone
117,224,341,239,289,528,532,398,930,341,402,743,127,183,310,15,8,23,Bitti
52,65,117,211,233,444,359,326,685,240,331,571,70,107,177,21,13,34,Palazzo Adriano
1302,1567,2869,5376,4670,10046,4169,3976,8145,2332,3312,5644,996,1169,2165,110,135,245,Augusta
76,83,159,261,250,511,247,229,476,166,214,380,48,59,107,1,2,3,Andezeno
158,249,407,709,646,1355,764,650,1414,603,685,1288,172,344,516,16,51,67,Torrita di Siena
321,419,740,1600,1441,3041,2178,1824,4002,1112,1401,2513,451,745,1196,72,125,197,Crispiano
434,529,963,1786,1717,3503,1727,1550,3277,908,1298,2206,299,384,683,16,50,66,Castel San Giovanni
602,745,1347,1875,1888,3763,2157,2150,4307,1087,1752,2839,437,557,994,25,46,71,Mortara
12,16,28,62,60,122,76,57,133,36,56,92,7,10,17,0,1,1,Casalino
10,5,15,32,27,59,35,30,65,32,39,71,1,7,8,0,0,0,Piana Crixia
1,1,2,10,7,17,10,6,16,7,20,27,0,3,3,1,1,2,Longone Sabino
16,24,40,117,79,196,82,97,179,80,82,162,14,15,29,1,0,1,Cerveno
361,475,836,913,885,1798,640,582,1222,455,646,1101,141,283,424,11,16,27,Todi
32,57,89,255,262,517,334,253,587,172,224,396,49,49,98,2,6,8,Bargagli
320,428,748,1287,1218,2505,1573,1261,2834,803,902,1705,355,476,831,44,57,101,Sannicandro di Bari
185,252,437,667,677,1344,730,650,1380,429,684,1113,176,267,443,36,77,113,Alessano
50,71,121,288,295,583,439,373,812,182,277,459,50,70,120,4,4,8,Chignolo Po
295,449,744,1315,1191,2506,1278,1180,2458,617,881,1498,191,268,459,14,48,62,Villafranca Tirrena
7,19,26,42,48,90,89,71,160,50,71,121,12,21,33,4,6,10,Flussio
34,78,112,185,227,412,516,394,910,259,290,549,80,104,184,12,18,30,Ottana
641,808,1449,2416,2456,4872,1797,1723,3520,793,1007,1800,453,508,961,53,57,110,Tremestieri Etneo
30,26,56,133,115,248,316,344,660,233,295,528,110,140,250,26,41,67,Marianopoli
6,10,16,56,79,135,174,154,328,97,91,188,32,54,86,13,28,41,Piscinas
0,2,2,9,13,22,18,13,31,16,20,36,3,10,13,1,3,4,Monteleone Rocca Doria
38,50,88,193,155,348,192,183,375,106,131,237,30,56,86,11,49,60,Casalbore
214,191,405,671,654,1325,1171,959,2130,613,782,1395,409,546,955,69,81,150,Petrosino
662,845,1507,1907,1904,3811,1795,1444,3239,911,1139,2050,405,515,920,31,96,127,Baronissi
175,186,361,713,596,1309,1136,1002,2138,921,1095,2016,376,473,849,98,150,248,Cagnano Varano
517,650,1167,1871,1759,3630,1467,1452,2919,781,1050,1831,422,477,899,71,133,204,Piedimonte Matese
80,108,188,373,355,728,478,405,883,243,359,602,81,81,162,9,13,22,Airuno
12,19,31,78,102,180,197,155,352,94,82,176,51,71,122,8,14,22,Fordongianus
8,23,31,39,62,101,152,106,258,86,87,173,40,57,97,16,14,30,Onifai
11,18,29,76,79,155,129,130,259,83,90,173,38,41,79,2,1,3,Locatello
48,76,124,266,277,543,352,291,643,175,233,408,56,46,102,4,3,7,Introbio
260,285,545,870,892,1762,1027,1005,2032,631,762,1393,287,406,693,51,67,118,Canicattini Bagni
7,4,11,40,54,94,83,46,129,47,59,106,4,11,15,2,1,3,Mongiuffi Melia
58,49,107,280,334,614,352,282,634,231,290,521,54,72,126,5,6,11,Livraga
190,237,427,807,745,1552,756,641,1397,394,564,958,159,162,321,7,11,18,Caponago
18,27,45,78,93,171,85,63,148,41,86,127,10,21,31,2,5,7,Calvi dell'Umbria
97,130,227,221,266,487,249,195,444,168,242,410,58,106,164,4,5,9,Pollenza
275,380,655,1353,1400,2753,2098,1707,3805,833,1364,2197,375,503,878,46,92,138,Calvizzano
9,13,22,48,45,93,61,35,96,20,61,81,5,15,20,0,0,0,Dorio
50,57,107,133,151,284,160,132,292,103,120,223,36,59,95,6,36,42,Apollosa
53,59,112,211,164,375,195,184,379,119,202,321,51,62,113,7,27,34,Piana di Monte Verna
20,33,53,94,90,184,106,85,191,68,75,143,23,31,54,1,3,4,Anela
90,122,212,399,451,850,418,326,744,154,224,378,82,83,165,8,6,14,Monterosi
73,113,186,282,270,552,385,325,710,179,207,386,77,71,148,3,15,18,Tissi
2,6,8,30,25,55,27,28,55,25,34,59,9,2,11,0,0,0,Arola
142,188,330,996,925,1921,1138,961,2099,487,683,1170,192,238,430,10,20,30,Marcellina
223,305,528,916,1037,1953,1625,1339,2964,691,820,1511,317,469,786,67,136,203,Giffoni Valle Piana
15,16,31,57,38,95,32,33,65,28,41,69,10,20,30,0,2,2,Salle
25,19,44,99,67,166,129,120,249,83,89,172,41,85,126,5,15,20,Roccagloriosa
1,4,5,9,7,16,18,12,30,7,15,22,1,4,5,0,0,0,Brittoli
143,211,354,605,655,1260,637,520,1157,360,534,894,134,153,287,4,15,19,Felino
17,32,49,152,163,315,242,174,416,126,193,319,27,41,68,0,3,3,Cortenova
52,59,111,179,145,324,156,160,316,110,134,244,38,59,97,8,37,45,San Giorgio La Molara
2273,2696,4969,6509,6875,13384,6031,5340,11371,3257,4677,7934,1088,1222,2310,126,122,248,Seregno
457,610,1067,1744,1621,3365,1952,1848,3800,1243,1638,2881,552,901,1453,132,299,431,San Pietro Vernotico
417,495,912,1643,1615,3258,1810,1598,3408,1063,1487,2550,354,369,723,47,44,91,Valmadrera
18,25,43,51,61,112,86,62,148,51,61,112,22,40,62,5,6,11,Francolise
30,39,69,187,203,390,239,196,435,164,211,375,35,92,127,4,15,19,Sgurgola
42,46,88,146,137,283,340,125,465,102,106,208,42,42,84,4,8,12,Carinola
21,30,51,66,67,133,77,62,139,46,61,107,16,28,44,0,1,1,Sant'Ippolito
232,260,492,1009,989,1998,1185,891,2076,568,792,1360,210,257,467,12,13,25,Vigasio
9,10,19,49,53,102,87,60,147,50,80,130,13,20,33,0,0,0,Grezzana
208,245,453,698,784,1482,931,777,1708,498,701,1199,138,141,279,3,10,13,Soncino
86,97,183,494,490,984,683,535,1218,318,408,726,116,123,239,3,12,15,Agnadello
73,99,172,371,372,743,439,358,797,197,229,426,78,91,169,3,5,8,Brogliano
40,46,86,165,137,302,176,131,307,127,195,322,36,49,85,4,2,6,Terrazzo
118,111,229,586,560,1146,987,798,1785,474,676,1150,164,166,330,10,12,22,Cividate al Piano
34,46,80,166,118,284,183,182,365,141,191,332,28,44,72,2,6,8,Mercatello sul Metauro
10,9,19,46,59,105,44,37,81,37,58,95,6,8,14,0,1,1,Langosco
22,23,45,125,122,247,193,133,326,126,152,278,33,36,69,5,9,14,Zeme
11,8,19,148,123,271,123,114,237,73,100,173,13,19,32,2,0,2,Villa di Chiavenna
207,242,449,1024,839,1863,1008,922,1930,486,834,1320,149,201,350,5,9,14,San Giorgio di Nogaro
18,30,48,96,111,207,100,82,182,50,68,118,15,20,35,1,0,1,Borca di Cadore
28,43,71,166,128,294,152,150,302,84,116,200,44,23,67,4,3,7,Pressana
29,37,66,145,113,258,90,90,180,32,38,70,22,27,49,0,0,0,Alonte
58,66,124,255,274,529,349,273,622,272,341,613,81,59,140,173,87,260,Sospiro
1,1,2,8,7,15,8,11,19,8,8,16,2,2,4,0,0,0,Orero
124,149,273,559,528,1087,648,585,1233,360,421,781,140,135,275,13,15,28,Fonte
67,95,162,509,438,947,542,506,1048,311,512,823,84,81,165,14,21,35,Masone
9,16,25,44,37,81,57,40,97,31,53,84,12,16,28,3,3,6,Montebuono
9,12,21,38,28,66,38,32,70,22,25,47,7,9,16,0,0,0,Erbezzo
1140,1373,2513,3686,3627,7313,2883,2324,5207,1181,1760,2941,708,873,1581,65,147,212,San Nicola la Strada
167,222,389,660,570,1230,746,629,1375,435,657,1092,176,318,494,23,73,96,Muro Leccese
7,11,18,54,62,116,73,44,117,18,21,39,12,10,22,0,2,2,Rognano
1,0,1,2,5,7,0,1,1,0,1,1,0,0,0,0,0,0,Montesegale
27,32,59,104,105,209,149,123,272,114,145,259,31,42,73,2,5,7,Quingentole
85,105,190,329,336,665,462,436,898,249,271,520,105,87,192,3,5,8,Cenate Sotto
7,8,15,55,43,98,56,47,103,36,56,92,13,27,40,1,4,5,Villanova Marchesana
963,1144,2107,3182,3550,6732,3564,2951,6515,2065,2614,4679,571,690,1261,48,63,111,Meda
15,34,49,77,89,166,97,86,183,49,68,117,12,22,34,1,2,3,Cisano sul Neva
294,348,642,671,733,1404,600,480,1080,383,487,870,129,155,284,3,11,14,Albinea
30,27,57,115,122,237,158,125,283,75,102,177,28,40,68,2,6,8,Baldichieri d'Asti
133,157,290,668,566,1234,758,691,1449,361,501,862,132,124,256,11,6,17,Villaverla
5,4,9,24,19,43,34,32,66,12,20,32,1,6,7,0,0,0,Villaga
44,45,89,200,180,380,270,248,518,117,191,308,47,63,110,1,10,11,Megliadino San Vitale
15,16,31,37,33,70,71,63,134,45,52,97,21,30,51,9,17,26,Omignano
14,18,32,71,61,132,58,40,98,43,60,103,7,18,25,0,0,0,Molina Aterno
27,24,51,84,98,182,70,62,132,56,72,128,18,15,33,0,0,0,Losine
22,13,35,43,41,84,42,27,69,24,40,64,9,14,23,2,2,4,Montecorice
49,69,118,241,249,490,432,298,730,227,307,534,77,118,195,7,29,36,San Gregorio d'Ippona
59,115,174,321,399,720,760,624,1384,462,400,862,119,231,350,16,55,71,Castelsardo
98,192,290,521,492,1013,728,582,1310,414,510,924,132,189,321,20,29,49,Sardara
1,2,3,2,2,4,3,2,5,3,4,7,0,0,0,0,0,0,Callabiana
1591,1787,3378,4599,5589,10188,8479,7378,15857,5517,6125,11642,2448,3025,5473,541,527,1068,Vittoria
44,65,109,254,250,504,451,447,898,332,400,732,149,222,371,43,53,96,Castronovo di Sicilia
29,33,62,120,117,237,113,102,215,90,113,203,33,73,106,15,23,38,Bruzzano Zeffirio
2,6,8,49,40,89,71,57,128,44,57,101,9,7,16,1,1,2,Formigliana
10,8,18,34,40,74,46,47,93,45,54,99,15,15,30,4,4,8,Pietraroja
8,16,24,38,37,75,44,41,85,27,38,65,7,12,19,0,0,0,Mombello di Torino
156,201,357,617,667,1284,687,596,1283,426,448,874,262,280,542,58,128,186,Botricello
187,303,490,706,711,1417,553,434,987,290,383,673,140,171,311,15,35,50,Cervaro
46,52,98,189,168,357,166,158,324,120,143,263,33,23,56,1,7,8,Denno
46,54,100,137,141,278,164,164,328,123,168,291,37,44,81,11,5,16,Castagneto Carducci
367,513,880,1260,1388,2648,1536,1137,2673,1005,1481,2486,282,368,650,14,29,43,Pontassieve
12,16,28,97,129,226,199,158,357,103,125,228,35,40,75,6,5,11,Torralba
33,77,110,176,228,404,442,350,792,240,274,514,80,77,157,12,12,24,San Vero Milis
90,116,206,419,456,875,357,274,631,176,269,445,121,200,321,21,41,62,Barile
109,114,223,358,377,735,436,394,830,209,249,458,96,159,255,28,101,129,Campagna
67,60,127,238,263,501,312,278,590,169,200,369,59,71,130,8,12,20,Casola Valsenio
16,30,46,87,94,181,88,65,153,55,87,142,26,22,48,1,2,3,Prignano sulla Secchia
96,139,235,521,461,982,666,526,1192,289,476,765,99,147,246,4,5,9,Allumiere
93,109,202,268,253,521,323,312,635,185,191,376,123,193,316,26,68,94,Acerenza
113,121,234,630,600,1230,923,783,1706,562,625,1187,177,324,501,12,43,55,Rosolina
2,3,5,27,19,46,17,16,33,19,45,64,5,3,8,2,0,2,Vallarsa
211,214,425,702,677,1379,526,457,983,342,567,909,206,341,547,51,93,144,Stigliano
65,128,193,427,496,923,704,550,1254,460,584,1044,111,161,272,8,21,29,Vernio
13,17,30,136,107,243,93,88,181,65,115,180,26,36,62,2,3,5,Scheggia e Pascelupo
78,87,165,316,318,634,394,294,688,358,394,752,113,202,315,15,44,59,Poggio Imperiale
27,40,67,109,128,237,179,143,322,102,136,238,56,67,123,7,20,27,Anoia
741,931,1672,2242,2112,4354,2248,1928,4176,1197,1586,2783,602,745,1347,122,215,337,Siderno
0,0,0,7,7,14,8,12,20,12,9,21,1,4,5,0,1,1,Valfornace
35,46,81,160,165,325,237,173,410,137,200,337,33,34,67,2,3,5,Palazzolo Vercellese
16,11,27,66,74,140,72,63,135,29,63,92,13,17,30,1,0,1,Tambre
15,12,27,81,84,165,113,85,198,60,87,147,18,16,34,1,1,2,Branzi
80,73,153,239,209,448,371,324,695,243,254,497,125,163,288,17,61,78,Sanza
49,84,133,472,350,822,366,375,741,251,392,643,58,65,123,2,7,9,Malonno
3,19,22,69,70,139,101,80,181,54,84,138,16,24,40,1,1,2,Cimbergo
261,373,634,1053,1001,2054,1069,992,2061,523,756,1279,202,297,499,19,60,79,Badia Polesine
25,30,55,126,133,259,145,121,266,76,105,181,27,32,59,2,1,3,Pieve di Teco
20,35,55,129,106,235,154,130,284,91,117,208,28,42,70,1,2,3,Palazzuolo sul Senio
2,6,8,27,23,50,21,17,38,17,19,36,2,9,11,0,0,0,Fiastra
382,578,960,1746,1524,3270,1721,1441,3162,945,1211,2156,401,494,895,38,67,105,Bitetto
24,44,68,82,63,145,54,48,102,18,37,55,8,18,26,3,5,8,Lappano
120,164,284,529,479,1008,570,469,1039,348,447,795,118,147,265,8,10,18,Castelvetro di Modena
149,178,327,527,496,1023,386,357,743,196,260,456,78,83,161,2,1,3,Caldonazzo
46,68,114,280,255,535,234,221,455,143,224,367,36,48,84,2,2,4,Mele
83,130,213,392,313,705,341,332,673,190,290,480,63,62,125,5,4,9,Gavi
16,20,36,74,56,130,57,66,123,52,76,128,16,24,40,2,5,7,San Pietro Avellana
10,5,15,19,14,33,20,12,32,22,17,39,4,7,11,0,2,2,Monsampietro Morico
58,67,125,247,241,488,306,269,575,117,171,288,52,55,107,4,10,14,Trana
64,43,107,135,123,258,180,181,361,149,154,303,48,84,132,18,25,43,Camerota
101,128,229,575,575,1150,679,630,1309,455,597,1052,112,131,243,3,11,14,Crevoladossola
119,168,287,530,559,1089,577,480,1057,340,436,776,114,119,233,7,10,17,Cortemaggiore
17,23,40,95,96,191,106,93,199,73,111,184,32,39,71,1,6,7,Castel del Rio
33,57,90,117,118,235,173,124,297,119,159,278,27,48,75,1,4,5,Terricciola
1085,1164,2249,2523,2396,4919,1789,1738,3527,1073,1853,2926,321,463,784,9,26,35,Mirano
893,1122,2015,2519,2516,5035,2288,2189,4477,1439,2079,3518,526,657,1183,34,64,98,Mirandola
669,834,1503,2248,2586,4834,2681,2552,5233,1517,1969,3486,469,648,1117,66,87,153,Albenga
25,44,69,146,120,266,187,175,362,116,181,297,21,33,54,2,7,9,Vernante
313,406,719,1300,1253,2553,1273,1255,2528,802,1185,1987,227,457,684,19,65,84,Copparo
201,211,412,777,737,1514,693,615,1308,353,480,833,142,159,301,4,6,10,Sona
7,8,15,50,42,92,22,20,42,14,32,46,1,4,5,0,2,2,Casola in Lunigiana
36,31,67,96,94,190,79,76,155,60,86,146,22,38,60,11,34,45,Francavilla Angitola
9,8,17,54,51,105,48,48,96,28,41,69,9,14,23,0,0,0,Montefelcino
118,143,261,469,429,898,524,431,955,299,363,662,105,145,250,6,11,17,Serramazzoni
79,119,198,399,386,785,448,406,854,265,391,656,73,112,185,5,10,15,Quiliano
0,0,0,4,4,8,10,7,17,15,13,28,2,4,6,0,3,3,Craco
72,85,157,361,361,722,358,308,666,282,315,597,115,146,261,25,41,66,Salandra
6,13,19,30,35,65,29,28,57,19,28,47,4,5,9,0,0,0,San Leo
21,27,48,135,113,248,144,136,280,100,128,228,19,29,48,1,1,2,Vauda Canavese
186,230,416,695,667,1362,674,617,1291,366,552,918,126,145,271,9,10,19,Pratovecchio Stia
5,4,9,38,36,74,26,27,53,25,31,56,5,11,16,0,0,0,Gosaldo
26,31,57,113,127,240,213,200,413,152,175,327,37,38,75,3,3,6,Sanfront
201,256,457,938,846,1784,1127,967,2094,669,1028,1697,238,278,516,23,51,74,Trino
9,18,27,72,72,144,74,60,134,53,91,144,14,10,24,0,5,5,Ronsecco
1,2,3,10,16,26,22,18,40,14,18,32,3,1,4,0,0,0,Valleve
16,9,25,58,36,94,43,34,77,44,51,95,16,46,62,3,10,13,Montaguto
72,72,144,278,258,536,371,287,658,169,208,377,69,98,167,19,39,58,Contrada
18,15,33,49,53,102,65,54,119,46,65,111,21,20,41,1,11,12,San Mauro la Bruca
15,16,31,64,42,106,47,42,89,61,65,126,6,12,18,0,1,1,San Mauro Cilento
350,422,772,1140,1139,2279,1356,1166,2522,735,925,1660,272,292,564,15,40,55,Fino Mornasco
4,4,8,14,17,31,11,6,17,9,7,16,1,2,3,0,0,0,Morbello
45,73,118,286,256,542,329,311,640,205,296,501,58,102,160,4,7,11,Cartura
103,138,241,464,528,992,686,520,1206,366,521,887,129,172,301,22,20,42,Castel d'Ario
17,12,29,49,52,101,80,67,147,52,52,104,5,7,12,0,1,1,Cerete
35,49,84,196,207,403,320,231,551,162,240,402,54,60,114,9,16,25,Nibionno
38,50,88,102,120,222,112,86,198,63,88,151,32,51,83,6,29,35,Gioia Sannitica
77,91,168,268,288,556,291,219,510,127,171,298,82,104,186,5,23,28,Aiello del Sabato
39,45,84,127,118,245,140,119,259,99,118,217,35,54,89,2,2,4,Maltignano
3,2,5,34,38,72,56,36,92,47,41,88,17,29,46,7,14,21,Salcito
24,29,53,61,51,112,46,37,83,37,58,95,8,12,20,0,0,0,Gaby
80,112,192,540,475,1015,685,581,1266,452,623,1075,146,146,292,12,15,27,Gambara
15,19,34,59,57,116,106,77,183,60,102,162,11,24,35,2,3,5,Albonese
55,55,110,216,202,418,210,186,396,131,193,324,34,38,72,2,2,4,Vezzano Ligure
175,232,407,537,570,1107,404,346,750,267,356,623,131,205,336,23,40,63,Moliterno
11,18,29,87,75,162,108,102,210,48,66,114,21,12,33,1,0,1,Castegnero
45,56,101,254,257,511,263,229,492,125,187,312,58,71,129,3,5,8,Acuto
47,66,113,226,224,450,206,159,365,132,192,324,52,73,125,9,10,19,Scurcola Marsicana
6,8,14,17,19,36,22,21,43,17,17,34,3,3,6,0,0,0,Cortazzone
4,5,9,20,15,35,31,20,51,30,34,64,5,18,23,4,1,5,Conca Casale
22,29,51,62,72,134,77,63,140,89,104,193,37,53,90,5,22,27,Torrebruna
17,22,39,43,33,76,49,29,78,15,25,40,1,10,11,1,0,1,Ocre
2427,2996,5423,5571,5407,10978,4442,4056,8498,3011,4579,7590,955,1443,2398,52,99,151,Jesi
5,10,15,55,59,114,52,36,88,46,60,106,16,19,35,2,2,4,Casaprota
139,220,359,691,606,1297,561,475,1036,317,401,718,177,240,417,35,71,106,Tito
140,160,300,469,439,908,370,319,689,151,187,338,73,74,147,1,2,3,Correzzana
61,67,128,198,210,408,233,191,424,118,192,310,27,24,51,3,2,5,Domaso
429,496,925,1317,1235,2552,1254,961,2215,514,883,1397,290,399,689,58,70,128,Trecase
7,13,20,77,49,126,53,43,96,37,59,96,5,6,11,0,1,1,Ravascletto
32,38,70,130,127,257,122,91,213,78,166,244,29,28,57,2,3,5,Cornale e Bastida
90,107,197,548,468,1016,747,650,1397,387,547,934,169,180,349,40,48,88,Vestone
8,16,24,82,109,191,163,95,258,72,104,176,26,29,55,1,1,2,Strozza
152,199,351,715,644,1359,700,577,1277,428,604,1032,138,203,341,4,19,23,Genazzano
13,19,32,126,124,250,197,155,352,100,116,216,35,38,73,4,5,9,San Pietro Mussolino
403,507,910,1292,1244,2536,1635,1529,3164,804,1267,2071,260,284,544,9,13,22,Botticino
18,18,36,65,75,140,102,94,196,59,69,128,13,16,29,0,0,0,Campiglione Fenile
204,253,457,900,851,1751,1099,870,1969,573,958,1531,175,212,387,14,28,42,Cerano
14,9,23,56,63,119,66,53,119,26,38,64,11,9,20,0,0,0,Etroubles
35,42,77,166,114,280,103,98,201,61,93,154,26,49,75,1,4,5,Spinetoli
111,154,265,504,428,932,470,416,886,233,320,553,97,173,270,8,8,16,Mondolfo
10,19,29,51,58,109,44,50,94,44,49,93,12,15,27,2,3,5,Cerreto di Spoleto
47,50,97,186,173,359,193,151,344,159,194,353,42,71,113,3,30,33,Castellina in Chianti
181,185,366,415,479,894,472,396,868,235,382,617,85,85,170,4,2,6,San Felice del Benaco
48,79,127,269,264,533,224,176,400,129,198,327,39,43,82,1,3,4,Grosotto
206,241,447,752,800,1552,832,603,1435,411,494,905,257,373,630,44,77,121,Grassano
162,172,334,503,545,1048,587,500,1087,339,487,826,110,113,223,3,10,13,Cantello
1020,1393,2413,5319,5241,10560,6289,5349,11638,2841,3924,6765,1336,1680,3016,157,325,482,Quarto
157,215,372,481,413,894,433,359,792,189,277,466,103,140,243,19,42,61,Rotondi
102,124,226,532,481,1013,571,502,1073,214,285,499,120,124,244,9,8,17,Massanzago
1099,1327,2426,3376,3535,6911,3333,2837,6170,1808,2760,4568,564,647,1211,58,66,124,Magenta
29,37,66,178,211,389,304,212,516,159,202,361,50,51,101,0,1,1,Cazzano Sant'Andrea
6,12,18,26,34,60,42,37,79,18,41,59,6,9,15,0,0,0,Monastero di Vasco
98,114,212,426,421,847,404,391,795,181,238,419,74,92,166,3,9,12,San Gillio
5,4,9,29,28,57,23,24,47,8,18,26,5,4,9,0,0,0,Casaleggio Boiro
7,8,15,44,48,92,69,70,139,34,41,75,15,13,28,1,0,1,Quinto Vercellese
13,8,21,31,46,77,46,25,71,24,28,52,5,10,15,2,2,4,Robecco Pavese
3,2,5,34,24,58,31,22,53,30,46,76,4,10,14,0,0,0,Turrivalignani
25,29,54,51,69,120,75,66,141,57,78,135,14,9,23,0,3,3,Ameno
259,328,587,888,954,1842,1265,1016,2281,634,877,1511,191,211,402,7,15,22,Boves
0,0,0,1,2,3,1,1,2,1,2,3,0,0,0,0,0,0,Massello
19,18,37,94,85,179,136,128,264,80,126,206,13,25,38,0,2,2,Borriana
39,36,75,114,153,267,210,157,367,104,115,219,51,74,125,12,9,21,Scala
5,9,14,46,43,89,29,29,58,27,32,59,2,3,5,0,0,0,Alpette
265,305,570,1214,1243,2457,1399,1278,2677,604,887,1491,231,305,536,12,22,34,Druento
80,104,184,490,533,1023,885,821,1706,505,644,1149,272,343,615,79,58,137,San Cipirello
117,150,267,642,638,1280,933,903,1836,623,754,1377,306,397,703,72,85,157,Balestrate
268,360,628,1108,1216,2324,1526,1303,2829,848,1072,1920,398,574,972,63,69,132,Paceco
17,21,38,52,56,108,107,75,182,58,55,113,20,27,47,0,3,3,Gonnoscodina
29,49,78,148,181,329,417,338,755,159,156,315,62,88,150,13,23,36,Donori
14,21,35,133,135,268,254,182,436,96,109,205,40,75,115,11,17,28,Suelli
14,34,48,84,68,152,169,116,285,62,69,131,16,27,43,2,7,9,Teti
957,1046,2003,3389,3435,6824,3409,2903,6312,1738,2391,4129,750,872,1622,42,105,147,Nova Milanese
20,22,42,90,82,172,79,71,150,44,46,90,28,32,60,5,13,18,Senerchia
54,63,117,144,125,269,193,181,374,78,100,178,42,69,111,13,39,52,Caposele
91,148,239,513,470,983,470,407,877,255,301,556,115,121,236,12,10,22,Sordio
214,269,483,793,680,1473,766,655,1421,360,592,952,101,156,257,14,19,33,Olgiate Molgora
3,7,10,35,32,67,58,39,97,32,39,71,18,25,43,1,3,4,Civitaluparella
137,158,295,612,596,1208,823,549,1372,473,742,1215,138,131,269,5,12,17,Castiglione d'Adda
63,86,149,295,264,559,352,336,688,206,272,478,58,69,127,0,2,2,Sirone
12,10,22,93,86,179,88,59,147,51,87,138,7,21,28,0,4,4,Collepardo
13,24,37,98,92,190,209,167,376,135,188,323,57,76,133,6,7,13,Villasalto
130,187,317,559,669,1228,1082,934,2016,639,566,1205,249,334,583,34,81,115,Orosei
44,62,106,391,335,726,411,437,848,275,391,666,92,161,253,30,39,69,Campofranco
346,407,753,833,853,1686,616,533,1149,319,448,767,176,213,389,20,18,38,San Gregorio di Catania
47,48,95,276,343,619,625,538,1163,258,345,603,185,221,406,41,58,99,Raddusa
72,73,145,219,237,456,309,273,582,126,141,267,66,84,150,3,16,19,Sinagra
27,36,63,112,107,219,245,211,456,187,246,433,95,152,247,27,13,40,San Mauro Castelverde
791,916,1707,2861,2963,5824,3660,3178,6838,1801,2186,3987,931,1095,2026,155,162,317,Floridia
14,22,36,101,97,198,128,116,244,75,108,183,28,44,72,9,9,18,Cassaro
371,365,736,1431,1372,2803,2190,2085,4275,1067,1621,2688,620,931,1551,263,304,567,Barrafranca
29,43,72,132,98,230,116,112,228,91,124,215,37,63,100,15,22,37,Platania
20,20,40,131,81,212,113,81,194,54,73,127,15,24,39,0,6,6,Serrone
43,63,106,178,202,380,191,132,323,145,168,313,28,84,112,3,4,7,Fauglia
15,20,35,78,80,158,159,126,285,93,72,165,21,43,64,3,13,16,Siamanna
23,26,49,101,137,238,250,190,440,145,152,297,49,68,117,3,16,19,Nurallao
15,14,29,72,73,145,179,151,330,98,88,186,42,57,99,5,21,26,Perdaxius
110,146,256,355,378,733,408,346,754,249,320,569,103,166,269,3,12,15,Grottazzolina
216,265,481,981,932,1913,1033,902,1935,519,669,1188,190,210,400,13,12,25,Busnago
84,117,201,446,446,892,588,515,1103,321,338,659,120,211,331,8,27,35,Cappelle sul Tavo
24,32,56,149,138,287,206,155,361,104,157,261,37,48,85,6,6,12,Gaiole in Chianti
92,107,199,312,342,654,327,244,571,218,239,457,97,113,210,11,18,29,Celico
317,477,794,1782,1864,3646,3026,2512,5538,2164,2451,4615,665,825,1490,60,124,184,Montemurlo
34,29,63,47,56,103,54,66,120,25,42,67,9,12,21,2,1,3,Belgirate
142,219,361,580,587,1167,552,434,986,335,518,853,105,171,276,5,11,16,Vigarano Mainarda
3,5,8,42,40,82,77,41,118,47,65,112,9,8,17,0,0,0,Cino
67,69,136,362,291,653,324,356,680,224,272,496,82,107,189,10,9,19,Pojana Maggiore
405,488,893,1495,1503,2998,1410,1269,2679,647,991,1638,247,352,599,20,49,69,Fiuggi
954,1132,2086,3265,3265,6530,2878,2727,5605,1356,2015,3371,472,616,1088,17,60,77,Novate Milanese
131,190,321,579,515,1094,395,341,736,234,310,544,90,79,169,0,8,8,Volano
135,164,299,535,550,1085,510,504,1014,308,470,778,93,146,239,8,9,17,Caprino Veronese
45,40,85,156,177,333,175,157,332,99,128,227,39,24,63,1,0,1,Castello-Molina di Fiemme
220,360,580,779,954,1733,1568,1321,2889,673,679,1352,285,432,717,44,76,120,Sanluri
55,78,133,247,264,511,410,341,751,251,314,565,85,131,216,13,16,29,Roccastrada
31,41,72,200,175,375,139,150,289,88,127,215,26,22,48,0,0,0,Molveno
89,130,219,518,433,951,388,335,723,243,394,637,71,82,153,0,4,4,Cassacco
29,36,65,81,95,176,107,75,182,67,93,160,11,23,34,1,0,1,Casale Marittimo
149,203,352,666,603,1269,735,650,1385,370,543,913,119,129,248,2,6,8,San Zeno Naviglio
48,58,106,319,297,616,309,257,566,147,251,398,51,68,119,12,6,18,Ragogna
139,120,259,279,324,603,243,222,465,172,213,385,72,112,184,9,23,32,Fontanarosa
80,94,174,325,367,692,419,327,746,225,319,544,88,96,184,2,5,7,Valmorea
19,27,46,65,63,128,46,42,88,28,41,69,9,7,16,0,2,2,Villa Sant'Angelo
1,1,2,10,5,15,6,6,12,3,7,10,0,0,0,0,0,0,Vizzola Ticino
157,222,379,560,488,1048,662,589,1251,352,545,897,96,145,241,14,8,22,Bozzolo
8,10,18,36,34,70,43,44,87,16,27,43,5,11,16,0,1,1,Trivigliano
83,113,196,304,290,594,367,301,668,196,248,444,64,65,129,4,4,8,Bereguardo
280,327,607,861,799,1660,881,804,1685,568,838,1406,195,253,448,11,14,25,Stra
33,39,72,147,145,292,167,124,291,89,133,222,33,23,56,2,3,5,Bastida Pancarana
30,30,60,171,159,330,162,138,300,81,143,224,29,33,62,4,5,9,Arba
130,147,277,476,433,909,526,466,992,285,359,644,86,96,182,4,7,11,Bosisio Parini
13,28,41,63,57,120,45,34,79,22,25,47,8,7,15,0,0,0,Vidracco
138,203,341,591,648,1239,795,648,1443,414,533,947,225,374,599,71,76,147,Aidone
49,52,101,152,150,302,126,85,211,78,101,179,22,29,51,2,12,14,Atrani
532,686,1218,1827,1642,3469,1420,1286,2706,772,1110,1882,372,621,993,22,76,98,Umbertide
513,655,1168,879,979,1858,582,518,1100,245,485,730,134,208,342,4,13,17,Orvieto
178,197,375,575,590,1165,970,862,1832,514,700,1214,358,382,740,139,259,398,Mesoraca
24,38,62,88,82,170,85,58,143,48,65,113,21,25,46,2,4,6,Ricadi
256,272,528,645,645,1290,809,604,1413,376,503,879,175,193,368,49,82,131,Nicotera
4,3,7,22,20,42,17,8,25,9,21,30,1,2,3,0,0,0,Montegioco
11,12,23,65,41,106,43,52,95,32,40,72,9,9,18,0,0,0,Sanzeno
1799,2312,4111,6619,6698,13317,5282,4640,9922,2256,3305,5561,1074,1402,2476,38,118,156,Marino
298,471,769,1247,1305,2552,1383,1125,2508,716,934,1650,318,397,715,11,32,43,Medicina
19,39,58,69,74,143,100,90,190,72,74,146,48,72,120,19,36,55,Roccavivara
10,18,28,59,58,117,50,51,101,14,46,60,12,17,29,1,3,4,Frascaro
316,414,730,1420,1302,2722,1258,1183,2441,724,1070,1794,258,431,689,24,49,73,Crevalcore
17,11,28,44,61,105,80,81,161,67,83,150,40,42,82,9,17,26,Riace
25,51,76,128,171,299,373,249,622,196,192,388,70,78,148,4,5,9,Ovodda
15,9,24,74,70,144,132,93,225,49,96,145,40,54,94,10,18,28,Roccella Valdemone
57,60,117,169,163,332,211,204,415,122,189,311,49,109,158,12,25,37,Sutera
17,32,49,102,87,189,75,75,150,43,89,132,13,27,40,2,1,3,Morino
17,12,29,32,33,65,11,17,28,11,19,30,2,3,5,0,0,0,Issime
43,66,109,349,361,710,530,492,1022,296,374,670,76,89,165,3,7,10,Carlazzo
49,49,98,129,116,245,134,107,241,87,91,178,36,68,104,3,15,18,Torrevecchia Teatina
32,43,75,160,166,326,168,143,311,66,103,169,24,18,42,0,1,1,Montalenghe
16,22,38,81,68,149,114,86,200,64,79,143,20,19,39,1,3,4,Monteu da Po
17,11,28,54,63,117,72,63,135,38,51,89,6,9,15,1,0,1,Ceres
40,67,107,107,147,254,286,187,473,131,183,314,60,80,140,7,3,10,Ollolai
905,1071,1976,2469,3065,5534,4596,3960,8556,2587,3170,5757,1101,1470,2571,195,218,413,Comiso
2,2,4,6,4,10,10,6,16,8,9,17,0,1,1,0,0,0,Ailoche
308,331,639,1150,1150,2300,1608,1547,3155,898,1050,1948,535,629,1164,90,95,185,Casteldaccia
27,45,72,114,159,273,375,272,647,187,175,362,66,92,158,11,16,27,Bonarcado
58,55,113,143,145,288,192,159,351,142,148,290,58,123,181,12,32,44,Caulonia
48,83,131,342,321,663,303,280,583,164,240,404,46,50,96,1,2,3,Dimaro Folgarida
52,48,100,168,179,347,182,157,339,103,119,222,53,61,114,10,30,40,Ascea
2231,2740,4971,5140,4849,9989,3320,3121,6441,2333,3742,6075,744,1086,1830,29,41,70,Senigallia
51,57,108,185,157,342,172,171,343,98,175,273,30,54,84,2,6,8,Guardea
39,50,89,136,148,284,119,93,212,89,103,192,25,41,66,3,20,23,Esperia
4,19,23,60,54,114,85,70,155,46,84,130,12,17,29,0,0,0,Trontano
6,8,14,35,37,72,67,61,128,50,45,95,9,10,19,0,0,0,Valgoglio
43,70,113,159,165,324,298,214,512,157,180,337,22,55,77,16,21,37,San Pietro Apostolo
346,492,838,1334,1576,2910,2367,1746,4113,1344,1834,3178,500,754,1254,37,61,98,Certaldo
44,59,103,147,191,338,195,133,328,112,123,235,42,65,107,12,41,53,Chiaromonte
57,124,181,213,265,478,527,387,914,237,223,460,120,162,282,20,23,43,Arzana
25,24,49,56,58,114,69,62,131,41,51,92,17,21,38,5,13,18,Belmonte Calabro
82,123,205,451,488,939,629,538,1167,247,330,577,110,124,234,4,14,18,Santa Teresa Gallura
29,23,52,66,82,148,85,67,152,47,57,104,13,38,51,4,8,12,Baragiano
850,891,1741,2168,2149,4317,2008,1909,3917,1138,1692,2830,336,393,729,12,20,32,Cittadella
88,101,189,190,189,379,317,249,566,167,204,371,79,105,184,33,59,92,Santa Severina
237,303,540,688,735,1423,922,708,1630,529,607,1136,230,323,553,45,63,108,Marina di Gioiosa Ionica
2145,2696,4841,4797,5084,9881,4218,3845,8063,2727,4046,6773,886,1286,2172,31,99,130,Casalecchio di Reno
193,265,458,955,981,1936,864,728,1592,331,438,769,159,199,358,9,16,25,Capena
12,10,22,27,23,50,29,26,55,34,45,79,8,23,31,2,12,14,Schiavi di Abruzzo
329,401,730,1534,1359,2893,2619,2148,4767,1273,1717,2990,505,772,1277,92,184,276,Statte
85,109,194,257,289,546,277,192,469,157,209,366,79,113,192,9,32,41,Mendicino
11,16,27,75,88,163,98,97,195,90,105,195,24,73,97,6,4,10,Radda in Chianti
794,926,1720,2614,2330,4944,2300,2168,4468,1147,1819,2966,406,547,953,12,25,37,Cordenons
280,340,620,1513,1199,2712,1199,1182,2381,759,1160,1919,281,492,773,12,20,32,Monte Argentario
0,2,2,7,4,11,8,4,12,11,8,19,1,0,1,0,0,0,Villamiroglio
92,129,221,332,292,624,234,211,445,138,219,357,48,97,145,3,9,12,Amandola
116,153,269,491,504,995,592,463,1055,385,503,888,123,161,284,9,21,30,Vicchio
35,96,131,287,228,515,287,235,522,196,245,441,39,56,95,0,0,0,Pieve Fosciana
96,125,221,251,300,551,471,353,824,161,198,359,98,115,213,27,81,108,Soriano Calabro
174,269,443,619,641,1260,586,480,1066,350,427,777,132,187,319,8,28,36,Deruta
13,19,32,57,54,111,46,38,84,27,38,65,5,13,18,1,0,1,Trambileno
3,2,5,14,16,30,28,34,62,14,21,35,2,4,6,0,0,0,Taleggio
202,227,429,812,819,1631,1144,901,2045,508,664,1172,200,317,517,12,41,53,Nepi
1300,1661,2961,4928,4540,9468,7929,6612,14541,3923,5227,9150,1383,2039,3422,164,284,448,Chioggia
561,639,1200,1798,1808,3606,2080,1807,3887,937,1513,2450,395,372,767,15,20,35,Alzano Lombardo
11,27,38,61,68,129,84,75,159,56,60,116,10,19,29,0,1,1,Chiusi della Verna
114,144,258,698,587,1285,968,819,1787,524,725,1249,228,193,421,28,32,60,Vobarno
81,86,167,257,237,494,310,277,587,289,335,624,76,214,290,17,39,56,Morciano di Leuca
602,756,1358,2040,2155,4195,2512,2233,4745,1304,1813,3117,447,597,1044,33,58,91,Malnate
180,200,380,562,522,1084,443,423,866,247,420,667,96,86,182,10,2,12,Pieve di Cadore
5,8,13,41,28,69,30,29,59,12,24,36,8,11,19,0,2,2,Settefrati
172,217,389,516,489,1005,615,504,1119,401,433,834,311,477,788,44,106,150,San Bartolomeo in Galdo
15,19,34,87,93,180,129,76,205,67,104,171,31,33,64,5,1,6,Toano
93,119,212,413,416,829,390,326,716,231,303,534,79,101,180,1,10,11,Argelato
70,97,167,267,270,537,340,260,600,203,284,487,47,57,104,4,6,10,Valdengo
0,1,1,9,7,16,22,19,41,19,15,34,3,1,4,0,0,0,Curino
14,14,28,128,95,223,114,123,237,87,122,209,27,34,61,1,1,2,Claut
14,18,32,61,63,124,82,72,154,44,63,107,11,22,33,1,0,1,Cellarengo
802,1039,1841,2346,2103,4449,1661,1726,3387,883,1522,2405,328,473,801,13,26,39,Feltre
130,176,306,487,489,976,517,492,1009,266,381,647,96,111,207,5,3,8,Manta
14,30,44,140,131,271,127,108,235,109,123,232,44,58,102,1,6,7,Baiso
13,9,22,61,63,124,75,54,129,43,52,95,13,15,28,2,1,3,Levone
180,201,381,714,775,1489,954,903,1857,497,764,1261,127,184,311,22,18,40,Luserna San Giovanni
30,62,92,262,210,472,186,192,378,83,125,208,34,39,73,0,1,1,Vezza d'Oglio
769,918,1687,2980,2770,5750,3355,2923,6278,2238,2762,5000,1106,1785,2891,207,452,659,Copertino
47,80,127,302,300,602,337,290,627,203,252,455,98,137,235,16,38,54,Candela
104,114,218,374,321,695,540,495,1035,364,451,815,175,266,441,49,70,119,Ischitella
27,41,68,120,121,241,133,103,236,86,96,182,17,42,59,3,10,13,Serrastretta
110,126,236,357,318,675,407,343,750,155,263,418,83,117,200,2,11,13,Acquaviva Picena
54,71,125,294,294,588,269,230,499,203,254,457,41,54,95,0,6,6,Cortemilia
23,30,53,130,114,244,185,144,329,91,168,259,25,31,56,2,3,5,Schilpario
3,9,12,31,29,60,33,34,67,23,26,49,3,8,11,0,0,0,Livinallongo del Col di Lana
0,2,2,8,3,11,14,14,28,10,11,21,2,5,7,0,0,0,Vocca
52,61,113,189,212,401,272,241,513,173,238,411,39,56,95,0,5,5,Armeno
34,43,77,152,128,280,194,167,361,58,79,137,39,50,89,3,16,19,Domicella
377,464,841,1610,1687,3297,1741,1395,3136,720,1118,1838,262,304,566,8,23,31,Arluno
41,60,101,273,271,544,518,463,981,304,366,670,98,104,202,3,11,14,San Maurizio d'Opaglio
25,34,59,102,79,181,109,114,223,92,133,225,21,29,50,0,1,1,Gaiba
11,29,40,88,103,191,103,79,182,66,92,158,15,12,27,1,4,5,Inverno e Monteleone
1,2,3,24,18,42,28,17,45,28,35,63,3,2,5,0,0,0,Montebruno
18,31,49,69,77,146,92,85,177,72,83,155,20,21,41,0,1,1,Crosio della Valle
0,1,1,4,6,10,22,23,45,10,7,17,2,1,3,0,0,0,Oyace
179,219,398,384,364,748,276,276,552,139,248,387,55,67,122,4,1,5,Comerio
44,75,119,258,261,519,319,240,559,180,214,394,50,89,139,2,8,10,Castiglion Fibocchi
24,19,43,127,138,265,177,156,333,80,108,188,30,40,70,12,6,18,Ortovero
0,1,1,3,4,7,6,4,10,4,4,8,0,0,0,0,0,0,Montechiaro d'Acqui
2,5,7,59,40,99,62,52,114,49,72,121,15,10,25,0,2,2,Secinaro
68,94,162,324,335,659,388,273,661,183,239,422,71,69,140,0,11,11,Albuzzano
17,37,54,73,49,122,62,48,110,63,59,122,16,39,55,1,4,5,Ari
4,8,12,37,39,76,53,47,100,32,47,79,6,4,10,2,3,5,Palanzano
2,5,7,58,50,108,46,46,92,30,70,100,3,8,11,0,1,1,Cinte Tesino
30,40,70,113,127,240,92,86,178,65,97,162,7,13,20,1,1,2,Deiva Marina
112,128,240,628,612,1240,669,522,1191,272,371,643,110,113,223,5,6,11,Liscate
1760,2105,3865,6213,6383,12596,6343,5378,11721,2956,4099,7055,1126,1308,2434,74,92,166,Desio
51,55,106,114,119,233,132,101,233,76,87,163,37,60,97,0,14,14,Mozzagrogna
29,32,61,98,107,205,134,106,240,75,69,144,27,25,52,0,1,1,Azzio
26,27,53,115,110,225,123,126,249,97,118,215,37,57,94,8,27,35,Vibonati
164,235,399,1013,1061,2074,1272,1059,2331,636,727,1363,306,340,646,22,49,71,Casalgrande
14,23,37,95,92,187,82,79,161,45,67,112,11,25,36,1,1,2,Sante Marie
34,60,94,236,207,443,228,214,442,142,200,342,30,59,89,1,4,5,Canaro
10,14,24,28,27,55,32,24,56,16,29,45,6,9,15,1,1,2,Cantalupo nel Sannio
217,232,449,507,524,1031,509,376,885,197,352,549,108,149,257,14,24,38,San Paolo Bel Sito
5,10,15,31,29,60,46,42,88,27,50,77,12,14,26,1,5,6,Cinaglio
483,562,1045,1398,1283,2681,1385,1373,2758,603,850,1453,257,323,580,25,32,57,Avigliana
19,22,41,136,128,264,126,112,238,74,105,179,17,14,31,2,1,3,Chiomonte
34,52,86,182,181,363,202,175,377,152,194,346,43,35,78,1,3,4,Sizzano
5,16,21,47,41,88,73,67,140,57,68,125,14,10,24,1,0,1,Brione
98,118,216,386,405,791,494,446,940,251,364,615,71,107,178,12,15,27,Porto Ceresio
0,1,1,10,6,16,16,13,29,11,12,23,0,1,1,0,0,0,Balme
18,21,39,67,62,129,66,49,115,59,89,148,14,19,33,2,1,3,Montecatini Val di Cecina
71,111,182,437,413,850,613,550,1163,335,447,782,119,126,245,2,17,19,Nuvolento
3,5,8,19,19,38,43,31,74,16,31,47,4,10,14,1,5,6,Tarano
70,123,193,441,373,814,385,301,686,185,308,493,79,140,219,5,8,13,Scafa
165,250,415,738,710,1448,739,661,1400,481,640,1121,200,382,582,38,76,114,Corigliano d'Otranto
4,6,10,16,33,49,40,25,65,17,19,36,7,7,14,1,1,2,Seborga
18,23,41,115,93,208,115,99,214,68,92,160,25,40,65,4,4,8,Toffia
23,26,49,178,137,315,135,117,252,103,179,282,18,14,32,0,0,0,Forni di Sopra
5,4,9,25,24,49,31,21,52,19,33,52,6,3,9,0,0,0,Corsione
49,55,104,219,188,407,260,212,472,127,169,296,52,53,105,4,11,15,Valfenera
111,153,264,476,380,856,460,444,904,322,445,767,77,100,177,8,12,20,Millesimo
29,36,65,148,167,315,242,190,432,88,105,193,41,61,102,8,16,24,Castiglione del Genovesi
118,180,298,526,483,1009,534,403,937,316,484,800,125,158,283,18,23,41,Pescina
38,54,92,211,205,416,233,204,437,131,209,340,41,35,76,6,5,11,Beregazzo con Figliaro
16,20,36,82,90,172,114,79,193,71,102,173,21,19,40,0,0,0,Silvano Pietra
148,193,341,838,805,1643,1036,897,1933,626,809,1435,268,498,766,79,159,238,Cellino San Marco
3,10,13,41,42,83,64,54,118,39,59,98,11,11,22,1,1,2,Sassetta
6,5,11,29,40,69,50,31,81,33,40,73,6,5,11,0,0,0,Montaldo Roero
41,64,105,288,263,551,272,271,543,167,204,371,38,45,83,2,4,6,Grinzane Cavour
23,28,51,119,134,253,196,158,354,121,146,267,32,24,56,1,6,7,Farigliano
19,23,42,68,94,162,117,75,192,67,119,186,15,15,30,2,0,2,Rocca de' Baldi
77,90,167,348,324,672,384,372,756,163,239,402,65,61,126,1,12,13,Foglizzo
21,30,51,113,109,222,108,102,210,56,101,157,20,16,36,1,1,2,Palazzo Canavese
5,8,13,33,29,62,39,42,81,36,46,82,8,8,16,0,0,0,Sover
6,3,9,11,15,26,16,8,24,10,16,26,1,2,3,0,0,0,Derovere
1,2,3,9,9,18,10,8,18,8,13,21,2,2,4,0,1,1,Castello dell'Acqua
81,103,184,411,404,815,682,530,1212,373,465,838,134,145,279,8,19,27,Covo
14,34,48,95,103,198,102,68,170,52,65,117,12,41,53,0,3,3,Frontone
287,385,672,1317,1325,2642,1653,1399,3052,935,1190,2125,376,512,888,29,42,71,Gambettola
7,4,11,27,21,48,26,24,50,11,15,26,4,5,9,0,0,0,Zenevredo
144,168,312,529,562,1091,400,320,720,140,230,370,82,112,194,7,11,18,Sacrofano
464,611,1075,1869,1730,3599,2051,1838,3889,1075,1588,2663,362,408,770,23,34,57,Rezzato
136,165,301,596,600,1196,832,682,1514,418,556,974,138,149,287,10,11,21,Arcene
6,14,20,40,48,88,74,61,135,39,44,83,12,5,17,1,1,2,Stellanello
180,207,387,733,608,1341,506,481,987,314,504,818,96,101,197,1,2,3,Buttrio
33,56,89,164,153,317,147,116,263,91,138,229,23,16,39,1,2,3,Torrazza Coste
138,164,302,387,416,803,385,322,707,267,370,637,91,154,245,11,21,32,Lenola
123,153,276,673,623,1296,1040,855,1895,370,596,966,199,284,483,35,74,109,Grazzanise
20,31,51,154,149,303,184,138,322,123,155,278,33,59,92,6,11,17,Arcinazzo Romano
25,46,71,165,137,302,122,125,247,85,124,209,26,43,69,3,3,6,Collarmele
168,190,358,695,721,1416,1037,847,1884,518,797,1315,150,207,357,3,9,12,Almenno San Salvatore
268,344,612,1081,1041,2122,1409,1244,2653,724,1030,1754,288,317,605,56,59,115,Trescore Balneario
57,55,112,230,230,460,349,299,648,193,243,436,71,83,154,1,3,4,Cenate Sopra
42,68,110,174,180,354,196,146,342,106,170,276,24,46,70,3,7,10,Sustinente
10,15,25,91,98,189,140,132,272,127,144,271,17,26,43,2,0,2,San Pietro di Cadore
101,148,249,307,349,656,389,260,649,246,366,612,90,137,227,13,42,55,Caprarica di Lecce
22,28,50,108,99,207,93,92,185,61,65,126,31,51,82,25,62,87,Zungoli
0,1,1,3,2,5,2,1,3,3,3,6,0,1,1,0,0,0,Serole
486,616,1102,1642,1596,3238,2024,1934,3958,974,1433,2407,304,420,724,21,47,68,Luino
153,208,361,581,604,1185,600,580,1180,302,477,779,81,96,177,7,11,18,Spotorno
83,95,178,445,359,804,429,391,820,235,263,498,88,128,216,7,27,34,Civitella Roveto
21,34,55,65,65,130,62,62,124,26,51,77,9,13,22,0,0,0,Barolo
15,22,37,75,88,163,109,89,198,54,77,131,35,27,62,5,5,10,Canda
36,29,65,144,133,277,113,119,232,66,77,143,32,61,93,6,13,19,Castel Baronia
27,43,70,192,172,364,223,185,408,155,211,366,46,68,114,7,10,17,Pomponesco
3,1,4,9,5,14,13,19,32,21,22,43,1,3,4,0,0,0,Massiola
46,67,113,273,284,557,391,306,697,201,307,508,70,68,138,30,18,48,Feletto
53,69,122,234,205,439,185,153,338,83,105,188,36,30,66,0,1,1,Gerre de' Caprioli
15,26,41,162,174,336,335,286,621,174,207,381,94,122,216,25,32,57,Castel di Iudica
103,84,187,390,387,777,478,476,954,371,516,887,132,212,344,56,38,94,Collesano
22,25,47,64,68,132,111,96,207,69,86,155,26,48,74,6,27,33,Torre di Ruggiero
21,18,39,79,61,140,93,68,161,56,69,125,40,54,94,7,27,34,Pazzano
218,224,442,831,728,1559,549,617,1166,275,472,747,137,131,268,6,6,12,Primiero San Martino di Castrozza
43,56,99,173,143,316,119,112,231,66,120,186,22,19,41,1,0,1,Tre Ville
28,34,62,181,222,403,330,311,641,197,178,375,65,75,140,10,14,24,Villa San Pietro
35,48,83,147,184,331,204,172,376,95,193,288,22,44,66,2,2,4,Seravezza
91,84,175,336,287,623,433,370,803,237,305,542,88,188,276,4,15,19,Blera
34,66,100,99,61,160,77,86,163,47,54,101,16,33,49,3,5,8,Bettona
95,106,201,398,386,784,597,527,1124,376,521,897,195,236,431,23,20,43,Serracapriola
89,149,238,305,429,734,597,408,1005,302,350,652,70,104,174,13,17,30,Thiesi
19,50,69,149,161,310,253,217,470,146,139,285,39,69,108,12,10,22,Badesi
11,14,25,39,29,68,40,34,74,24,33,57,8,11,19,0,1,1,Monte Roberto
26,30,56,129,101,230,145,109,254,66,108,174,32,58,90,5,15,20,Rometta
14,18,32,74,102,176,153,116,269,68,66,134,29,43,72,3,2,5,Putifigari
39,43,82,179,177,356,260,254,514,131,175,306,63,84,147,9,13,22,Civitella di Romagna
241,366,607,1026,1033,2059,1022,855,1877,723,1051,1774,243,390,633,33,57,90,Portomaggiore
156,214,370,548,513,1061,677,528,1205,315,466,781,161,226,387,33,109,142,Borgia
6,11,17,25,24,49,23,25,48,21,31,52,7,4,11,0,0,0,Neviano degli Arduini
16,27,43,42,44,86,56,53,109,47,55,102,7,6,13,0,3,3,Gualdo
1,2,3,8,13,21,14,15,29,12,19,31,4,0,4,0,0,0,Balmuccia
26,35,61,113,113,226,75,60,135,56,77,133,10,21,31,1,1,2,Rocchetta a Volturno
483,576,1059,1601,1674,3275,1780,1554,3334,1062,1399,2461,388,519,907,29,64,93,Valsamoggia
20,13,33,104,93,197,103,93,196,102,116,218,43,89,132,17,30,47,Panni
146,227,373,602,657,1259,622,605,1227,389,464,853,102,178,280,4,11,15,Monte San Pietro
37,50,87,182,161,343,423,356,779,154,210,364,90,92,182,28,71,99,Sinopoli
63,91,154,322,334,656,366,268,634,231,306,537,77,132,209,17,23,40,Miglionico
65,86,151,276,286,562,325,240,565,163,233,396,44,46,90,4,7,11,Basaluzzo
199,266,465,914,961,1875,1317,1132,2449,683,889,1572,262,453,715,26,54,80,Caorle
11,15,26,65,61,126,83,60,143,41,64,105,9,11,20,1,1,2,Apricale
482,609,1091,1655,1604,3259,1095,1016,2111,633,898,1531,249,366,615,15,44,59,Anagni
88,99,187,271,229,500,196,174,370,147,172,319,52,90,142,13,37,50,Squillace
18,21,39,140,100,240,131,112,243,68,124,192,15,10,25,1,3,4,Cevo
20,24,44,67,79,146,125,94,219,51,79,130,25,44,69,10,24,34,San Rufo
4,6,10,41,51,92,119,100,219,75,80,155,12,13,25,1,0,1,Santa Brigida
302,376,678,1263,1030,2293,1452,1275,2727,824,1232,2056,234,443,677,42,154,196,Cavarzere
109,153,262,589,543,1132,523,432,955,257,334,591,136,162,298,4,7,11,Bomporto
244,357,601,921,854,1775,920,764,1684,611,765,1376,193,253,446,14,15,29,Pieve di Cento
619,816,1435,2709,2537,5246,3787,3098,6885,2229,2644,4873,863,1189,2052,99,164,263,Noicattaro
73,80,153,189,176,365,132,122,254,83,117,200,40,44,84,2,2,4,Dozza
41,32,73,120,142,262,224,188,412,147,216,363,34,52,86,4,6,10,Valduggia
24,36,60,142,109,251,159,110,269,109,155,264,24,21,45,1,0,1,Bosio
26,21,47,129,101,230,102,82,184,44,48,92,16,19,35,0,0,0,Cesana Torinese
14,17,31,49,37,86,44,53,97,24,43,67,5,9,14,0,3,3,Sciolze
8,12,20,42,60,102,82,55,137,54,62,116,8,17,25,0,0,0,Postua
18,35,53,84,86,170,102,73,175,35,74,109,15,22,37,1,1,2,Montereale
39,60,99,200,183,383,214,179,393,87,158,245,33,37,70,2,4,6,Barisciano
16,28,44,98,90,188,78,73,151,67,98,165,26,38,64,3,15,18,Civitanova del Sannio
69,112,181,362,341,703,398,335,733,267,349,616,59,77,136,3,2,5,Borno
31,40,71,133,105,238,115,95,210,101,123,224,14,38,52,4,6,10,Ficulle
74,99,173,492,503,995,533,542,1075,311,455,766,87,67,154,1,3,4,Auronzo di Cadore
50,73,123,277,299,576,314,278,592,199,218,417,44,60,104,3,2,5,Villar Focchiardo
291,357,648,927,874,1801,969,872,1841,435,639,1074,162,245,407,112,108,220,Roccapiemonte
104,110,214,308,300,608,223,206,429,143,182,325,43,96,139,5,33,38,Sturno
92,102,194,346,382,728,433,366,799,269,308,577,108,158,266,22,53,75,Maida
262,395,657,1161,1010,2171,1068,885,1953,552,754,1306,210,345,555,14,34,48,Pratola Peligna
314,431,745,1047,1075,2122,948,881,1829,557,833,1390,188,408,596,13,42,55,Argenta
52,37,89,142,137,279,106,80,186,53,91,144,23,22,45,2,3,5,Alfedena
1,0,1,21,27,48,54,47,101,42,64,106,8,8,16,0,0,0,San Nazzaro Val Cavargna
164,221,385,718,681,1399,868,749,1617,444,622,1066,165,199,364,13,23,36,Romentino
85,105,190,423,381,804,448,424,872,290,363,653,86,128,214,7,15,22,Pozzonovo
13,15,28,44,50,94,63,59,122,26,60,86,14,15,29,1,0,1,Costarainera
10,7,17,34,23,57,11,11,22,22,29,51,3,7,10,0,0,0,Nasino
103,138,241,509,538,1047,635,500,1135,353,519,872,133,135,268,10,25,35,Roverbella
135,183,318,573,599,1172,719,504,1223,434,584,1018,138,188,326,8,23,31,Luzzara
191,240,431,661,711,1372,770,618,1388,491,652,1143,142,129,271,3,21,24,Arosio
24,45,69,257,232,489,217,190,407,119,166,285,35,44,79,0,0,0,Gordona
24,26,50,124,122,246,167,138,305,100,125,225,21,35,56,0,3,3,Scaldasole
84,121,205,248,245,493,160,145,305,103,108,211,39,39,78,1,5,6,Pesche
4,11,15,53,58,111,79,52,131,56,81,137,13,12,25,1,1,2,Anzola d'Ossola
51,59,110,302,258,560,167,187,354,117,181,298,36,34,70,0,2,2,Mezzano
37,40,77,221,183,404,238,210,448,116,142,258,44,55,99,5,6,11,Nanto
20,26,46,99,97,196,183,154,337,117,144,261,40,36,76,5,5,10,Vigano San Martino
1302,1677,2979,4553,4352,8905,5282,4296,9578,1949,3079,5028,1117,1448,2565,150,270,420,Angri
622,697,1319,1492,1480,2972,1014,975,1989,456,745,1201,227,289,516,16,70,86,San Giorgio del Sannio
15,29,44,83,96,179,147,108,255,74,96,170,21,34,55,2,3,5,Nibbiola
5,5,10,14,13,27,12,10,22,3,5,8,3,2,5,0,0,0,Briaglia
87,141,228,430,369,799,507,438,945,273,392,665,115,161,276,10,15,25,San Possidonio
39,56,95,283,274,557,334,287,621,194,283,477,76,76,152,20,22,42,Cicagna
13,12,25,54,51,105,74,60,134,54,61,115,14,41,55,3,1,4,Civitella Casanova
15,25,40,80,79,159,130,103,233,93,102,195,22,28,50,1,4,5,Borgo San Siro
53,70,123,187,206,393,280,219,499,155,218,373,54,50,104,3,5,8,Caslino d'Erba
3,13,16,40,32,72,48,41,89,19,22,41,4,8,12,0,0,0,Malborghetto Valbruna
24,43,67,101,92,193,95,59,154,57,88,145,31,39,70,4,19,23,San Benedetto Ullano
15,17,32,69,55,124,64,59,123,52,80,132,8,17,25,2,0,2,Grazzano Badoglio
23,29,52,94,102,196,143,112,255,73,74,147,20,23,43,0,1,1,Arvier
19,36,55,161,150,311,294,257,551,137,149,286,71,56,127,1,4,5,Brandico
12,15,27,33,46,79,39,16,55,29,44,73,9,18,27,4,8,12,Valle dell'Angelo
138,150,288,397,410,807,336,347,683,215,270,485,66,68,134,5,4,9,Montorfano
5,10,15,30,29,59,15,15,30,16,24,40,3,15,18,0,0,0,Lucoli
836,997,1833,3545,3192,6737,3909,3401,7310,1653,2421,4074,754,982,1736,131,223,354,Nocera Superiore
10,15,25,58,65,123,84,79,163,66,90,156,18,29,47,7,16,23,Guardia Perticara
22,34,56,154,147,301,162,158,320,103,124,227,28,33,61,3,7,10,Masi
236,234,470,369,370,739,280,247,527,117,200,317,76,86,162,2,2,4,Cusago
19,18,37,31,33,64,36,27,63,24,46,70,6,5,11,0,1,1,Gagliano Aterno
32,61,93,152,134,286,161,104,265,89,118,207,29,36,65,3,16,19,Grottolella
36,50,86,182,186,368,265,212,477,141,185,326,56,66,122,5,10,15,Cuvio
54,75,129,253,256,509,292,279,571,161,242,403,59,81,140,6,15,21,Santo Stefano al Mare
68,56,124,133,114,247,96,109,205,65,120,185,17,24,41,1,3,4,Moruzzo
10,17,27,42,31,73,52,37,89,30,54,84,9,16,25,1,0,1,Belmonte Piceno
33,58,91,218,240,458,327,225,552,194,249,443,53,70,123,8,11,19,Ortucchio
23,26,49,80,83,163,85,61,146,53,75,128,21,16,37,2,1,3,Novello
15,20,35,62,60,122,81,58,139,36,58,94,7,17,24,0,1,1,Morimondo
900,1061,1961,2492,2462,4954,2353,2156,4509,1087,1546,2633,408,567,975,21,45,66,Vimodrone
254,331,585,1055,985,2040,1140,966,2106,701,905,1606,202,309,511,11,20,31,Fiesso d'Artico
23,36,59,109,111,220,152,125,277,60,96,156,25,27,52,0,6,6,San Giorio di Susa
2,8,10,36,42,78,35,28,63,15,27,42,6,9,15,0,0,0,Chianocco
7,13,20,35,35,70,43,26,69,11,36,47,3,4,7,0,1,1,Mandello Vitta
97,132,229,426,404,830,373,313,686,156,195,351,57,60,117,5,3,8,Cerro al Lambro
745,931,1676,3357,3100,6457,4630,3790,8420,2091,3300,5391,1070,1432,2502,223,337,560,Boscoreale
95,103,198,355,371,726,449,380,829,267,349,616,74,73,147,7,3,10,Alta Valle Intelvi
19,31,50,136,137,273,143,113,256,92,145,237,23,33,56,1,0,1,Pieve d'Olmi
26,51,77,193,164,357,154,126,280,127,174,301,35,34,69,4,5,9,Sedegliano
307,328,635,764,710,1474,524,558,1082,243,352,595,144,152,296,4,1,5,Rosta
27,32,59,126,138,264,121,96,217,73,96,169,31,30,61,2,5,7,Persico Dosimo
59,84,143,216,230,446,225,194,419,131,196,327,42,63,105,1,6,7,Angiari
15,21,36,47,42,89,55,38,93,45,45,90,7,9,16,0,1,1,Civezza
59,69,128,274,312,586,595,509,1104,307,299,606,90,126,216,17,30,47,Valledoria
133,199,332,657,687,1344,854,753,1607,458,525,983,162,246,408,22,29,51,Santa Venerina
50,58,108,258,227,485,257,208,465,204,286,490,48,69,117,13,18,31,Giuliana
141,207,348,559,564,1123,657,550,1207,253,375,628,137,147,284,15,23,38,Torrenova
113,94,207,346,313,659,441,429,870,254,338,592,122,188,310,32,54,86,Milena
69,94,163,210,198,408,319,278,597,216,309,525,70,112,182,12,32,44,Rignano Garganico
509,528,1037,1453,1379,2832,1381,1139,2520,573,921,1494,254,313,567,9,13,22,Usmate Velate
33,50,83,217,182,399,255,192,447,138,224,362,40,38,78,2,4,6,Castelnuovo Bocca d'Adda
5,12,17,41,32,73,42,33,75,26,27,53,14,19,33,1,2,3,Maiolo
49,52,101,148,151,299,220,152,372,99,158,257,43,39,82,2,8,10,Ronco Biellese
45,78,123,309,306,615,369,266,635,162,201,363,81,74,155,1,10,11,Borgo San Giovanni
98,121,219,416,440,856,571,506,1077,276,402,678,136,145,281,2,8,10,Borghetto Lodigiano
19,27,46,92,95,187,120,93,213,75,98,173,13,22,35,1,2,3,Zumaglia
48,49,97,125,130,255,123,92,215,54,88,142,11,13,24,1,1,2,Varenna
0,4,4,12,18,30,30,15,45,8,20,28,4,5,9,0,0,0,Valle San Nicolao
23,48,71,87,106,193,212,173,385,121,119,240,31,90,121,14,15,29,Loceri
13,33,46,78,87,165,186,157,343,102,91,193,42,60,102,5,11,16,Villaperuccio
30,49,79,151,161,312,239,195,434,135,141,276,37,62,99,11,7,18,Barumini
13,23,36,75,110,185,213,152,365,96,85,181,35,50,85,7,15,22,Ortacesus
3,3,6,24,17,41,33,33,66,31,57,88,1,7,8,1,0,1,Borgomezzavalle
177,314,491,963,914,1877,974,785,1759,427,671,1098,180,235,415,12,13,25,Castel Madama
75,95,170,335,283,618,372,311,683,264,284,548,95,204,299,15,44,59,Roccagorga
116,141,257,419,411,830,456,365,821,241,291,532,113,170,283,13,19,32,Corropoli
26,31,57,151,155,306,254,201,455,105,120,225,86,105,191,24,75,99,Colliano
43,47,90,183,182,365,295,240,535,184,307,491,26,44,70,1,3,4,Coggiola
124,146,270,314,283,597,207,209,416,133,154,287,60,106,166,16,58,74,Lacedonia
12,19,31,51,56,107,81,54,135,66,75,141,9,24,33,3,4,7,Seggiano
17,20,37,69,58,127,45,41,86,32,54,86,11,9,20,1,0,1,Cavedago
553,673,1226,1505,1646,3151,2272,1755,4027,804,1152,1956,547,636,1183,137,200,337,Palma Campania
0,2,2,8,9,17,26,16,42,13,17,30,0,6,6,0,0,0,Intragna
27,46,73,196,175,371,246,194,440,129,226,355,40,85,125,4,8,12,Morsano al Tagliamento
345,381,726,1435,1362,2797,2438,1999,4437,1184,1515,2699,678,803,1481,153,288,441,San Cipriano d'Aversa
35,49,84,201,191,392,234,205,439,154,219,373,53,84,137,7,15,22,Castelnuovo di Val di Cecina
16,20,36,129,127,256,171,150,321,79,127,206,24,23,47,1,0,1,Sambuci
36,47,83,170,163,333,221,153,374,112,145,257,30,40,70,2,4,6,Lardirago
221,278,499,833,749,1582,923,800,1723,494,773,1267,159,212,371,14,24,38,Poggio Rusco
22,36,58,205,170,375,247,206,453,112,167,279,42,59,101,4,8,12,Veronella
142,180,322,699,633,1332,730,603,1333,344,473,817,129,136,265,6,6,12,Mozzecane
37,58,95,185,178,363,183,162,345,104,127,231,28,69,97,2,3,5,Montopoli di Sabina
26,38,64,154,142,296,164,148,312,112,151,263,22,44,66,3,2,5,Appignano del Tronto
998,1235,2233,4001,3981,7982,4211,3654,7865,1944,2798,4742,753,895,1648,42,130,172,Garbagnate Milanese
25,15,40,100,86,186,110,101,211,67,90,157,31,29,60,0,1,1,Vestenanova
33,27,60,101,119,220,125,74,199,89,91,180,17,24,41,2,3,5,Castione Andevenno
114,145,259,539,539,1078,792,572,1364,364,407,771,133,118,251,5,8,13,Comun Nuovo
37,62,99,252,195,447,255,211,466,147,205,352,46,69,115,2,2,4,Porpetto
16,9,25,55,33,88,43,49,92,33,48,81,8,8,16,0,0,0,Rabbi
2483,3338,5821,6126,6548,12674,5487,4682,10169,3179,4224,7403,1214,1859,3073,85,139,224,Faenza
22,22,44,156,138,294,196,151,347,113,181,294,39,38,77,1,5,6,San Gregorio da Sassola
40,53,93,160,190,350,193,170,363,106,145,251,34,45,79,1,2,3,Ozzero
14,34,48,85,83,168,95,76,171,56,88,144,19,21,40,0,1,1,Mantello
391,484,875,1419,1469,2888,1137,1087,2224,610,940,1550,184,219,403,11,12,23,Tirano
0,1,1,3,2,5,5,3,8,2,2,4,1,0,1,0,0,0,Tartano
226,350,576,1139,1132,2271,1269,1011,2280,781,1094,1875,289,370,659,24,54,78,Soliera
745,827,1572,2471,2366,4837,2712,2377,5089,1358,1986,3344,555,621,1176,29,42,71,San Bonifacio
37,56,93,236,196,432,150,159,309,95,185,280,38,31,69,1,2,3,Roncegno Terme
59,81,140,390,312,702,399,366,765,192,334,526,57,74,131,1,4,5,Caltrano
17,17,34,45,53,98,67,50,117,50,53,103,17,25,42,3,5,8,Montorio nei Frentani
50,74,124,125,123,248,94,87,181,44,55,99,18,38,56,3,5,8,Rivello
91,109,200,307,304,611,364,306,670,174,268,442,83,166,249,4,14,18,Tuoro sul Trasimeno
377,483,860,987,989,1976,954,744,1698,642,930,1572,211,425,636,36,68,104,Calimera
13,16,29,122,76,198,106,104,210,83,94,177,10,21,31,1,1,2,Berzo Demo
176,211,387,623,691,1314,886,726,1612,449,720,1169,170,217,387,19,34,53,Marmirolo
76,129,205,422,445,867,773,652,1425,381,514,895,111,114,225,10,10,20,Cene
356,447,803,1817,1841,3658,2509,2034,4543,1296,1677,2973,439,571,1010,18,44,62,Bovolone
74,104,178,268,308,576,295,193,488,135,200,335,49,89,138,2,2,4,Pedaso
6,5,11,28,25,53,23,19,42,14,23,37,2,1,3,0,0,0,Tonezza del Cimone
102,131,233,348,328,676,357,311,668,183,278,461,73,99,172,7,15,22,Tocco da Casauria
41,55,96,203,218,421,412,343,755,203,243,446,72,74,146,6,10,16,Casaloldo
27,28,55,154,141,295,190,147,337,128,192,320,45,81,126,5,3,8,Cellere
21,21,42,89,69,158,114,85,199,56,70,126,13,18,31,0,2,2,Longhena
23,24,47,92,75,167,67,64,131,54,71,125,20,40,60,0,0,0,Palombaro
101,129,230,438,392,830,450,407,857,287,407,694,66,106,172,2,6,8,Aquileia
714,878,1592,2019,2002,4021,1789,1586,3375,922,1506,2428,362,559,921,21,72,93,Adria
31,36,67,151,141,292,157,131,288,71,120,191,23,21,44,9,7,16,Isola del Cantone
7,9,16,34,46,80,48,36,84,30,36,66,5,2,7,0,0,0,Rocchetta Nervina
238,316,554,1369,1369,2738,1968,1579,3547,1109,1544,2653,360,359,719,38,59,97,Lonate Pozzolo
4,2,6,5,6,11,4,0,4,6,6,12,0,2,2,0,0,0,Maissana
288,335,623,1019,984,2003,1195,1050,2245,539,840,1379,253,479,732,25,93,118,Locorotondo
264,325,589,708,672,1380,505,469,974,235,317,552,125,169,294,10,13,23,Agnone
34,61,95,267,245,512,253,218,471,120,176,296,59,87,146,0,4,4,Sant'Elena
15,16,31,55,49,104,64,52,116,41,52,93,4,19,23,2,1,3,Poggio San Lorenzo
66,76,142,250,228,478,252,196,448,139,196,335,54,95,149,7,27,34,Castelvetere sul Calore
347,396,743,1096,1009,2105,1040,830,1870,445,752,1197,264,352,616,31,81,112,Cimitile
114,121,235,309,313,622,496,473,969,315,391,706,129,171,300,32,50,82,Rodi Garganico
143,178,321,602,627,1229,702,584,1286,373,487,860,187,282,469,13,29,42,Conselice
105,129,234,300,320,620,237,193,430,128,181,309,55,54,109,3,2,5,Civezzano
229,298,527,861,926,1787,1041,895,1936,510,666,1176,226,276,502,29,30,59,Anacapri
15,23,38,79,70,149,56,46,102,39,59,98,15,20,35,4,4,8,Pastena
35,73,108,279,224,503,262,211,473,155,227,382,55,46,101,3,2,5,Villesse
31,33,64,102,109,211,102,83,185,66,101,167,20,23,43,0,2,2,Bolano
3006,3944,6950,8418,8964,17382,6724,5974,12698,4106,5334,9440,1465,2078,3543,82,154,236,Imola
334,400,734,1289,1174,2463,1310,1256,2566,694,971,1665,289,431,720,28,39,67,Conselve
53,91,144,272,260,532,240,234,474,184,219,403,81,95,176,4,8,12,Casalfiumanese
115,152,267,674,679,1353,936,902,1838,493,618,1111,159,228,387,17,29,46,Lavena Ponte Tresa
255,351,606,765,773,1538,830,646,1476,539,714,1253,139,224,363,10,19,29,Vicopisano
58,89,147,318,320,638,380,309,689,191,243,434,76,63,139,1,5,6,Chieve
0,0,0,4,4,8,4,4,8,2,2,4,0,1,1,0,0,0,Vignola-Falesina
0,0,0,5,4,9,2,3,5,8,10,18,1,1,2,0,0,0,Bergolo
38,41,79,178,187,365,233,204,437,136,169,305,28,38,66,1,1,2,Bizzarone
30,37,67,129,125,254,124,109,233,88,100,188,23,49,72,0,18,18,Pofi
1106,1212,2318,3094,2854,5948,2751,2460,5211,1696,2435,4131,670,968,1638,111,152,263,Acquaviva delle Fonti
336,498,834,1262,1475,2737,1831,1296,3127,1109,1554,2663,403,560,963,30,44,74,Montelupo Fiorentino
2298,2883,5181,7895,8008,15903,11049,8417,19466,6253,8169,14422,3057,4211,7268,360,591,951,Altamura
144,185,329,353,374,727,339,255,594,162,202,364,77,108,185,15,28,43,Soveria Mannelli
739,894,1633,1622,1676,3298,1337,1165,2502,653,950,1603,336,409,745,59,132,191,Locri
3,9,12,51,41,92,64,51,115,41,63,104,7,12,19,1,0,1,Cimolais
18,16,34,56,38,94,60,43,103,64,84,148,18,23,41,2,11,13,Montemitro
83,125,208,364,329,693,398,339,737,261,309,570,141,237,378,24,40,64,Paterno
14,16,30,92,72,164,80,64,144,46,82,128,7,24,31,0,1,1,Vernazza
65,103,168,305,343,648,389,296,685,255,290,545,105,149,254,5,14,19,San Quirico d'Orcia
19,36,55,121,129,250,179,127,306,90,145,235,24,34,58,3,1,4,Oglianico
206,260,466,957,1039,1996,1446,1306,2752,802,1062,1864,224,299,523,21,43,64,Gattinara
3,2,5,10,16,26,23,22,45,18,22,40,5,10,15,0,1,1,Marliana
441,590,1031,1810,1676,3486,1904,1691,3595,963,1314,2277,436,653,1089,59,69,128,Cassano delle Murge
112,154,266,360,373,733,453,342,795,321,410,731,108,160,268,9,20,29,Rapolano Terme
42,36,78,124,113,237,80,74,154,46,84,130,17,28,45,1,2,3,Fiuminata
306,349,655,886,838,1724,736,685,1421,322,484,806,144,218,362,24,69,93,Sessa Aurunca
200,282,482,824,752,1576,768,650,1418,459,661,1120,158,250,408,7,8,15,Camerano
21,31,52,101,86,187,81,79,160,64,78,142,15,38,53,0,3,3,Capalbio
8,19,27,68,76,144,124,84,208,82,104,186,17,43,60,2,6,8,Radicofani
131,262,393,460,614,1074,1368,1098,2466,719,651,1370,303,443,746,20,38,58,Dorgali
115,143,258,419,426,845,472,425,897,242,270,512,73,110,183,5,7,12,Palau
44,61,105,195,167,362,175,134,309,140,169,309,57,89,146,13,16,29,Cancellara
22,35,57,129,131,260,152,97,249,67,86,153,26,33,59,3,5,8,Borgorose
169,208,377,736,876,1612,1055,800,1855,532,660,1192,219,257,476,5,21,26,Langhirano
373,492,865,1404,1431,2835,1292,1208,2500,588,959,1547,251,349,600,16,21,37,Latisana
53,62,115,259,290,549,261,227,488,137,176,313,49,48,97,1,1,2,Ziano di Fiemme
57,70,127,357,322,679,380,345,725,214,334,548,55,67,122,7,7,14,Storo
30,30,60,72,70,142,50,44,94,47,68,115,7,25,32,4,16,20,Viggianello
75,99,174,488,424,912,654,578,1232,375,428,803,198,323,521,51,77,128,Pomarico
129,175,304,501,527,1028,619,468,1087,340,463,803,107,137,244,5,16,21,Sissa Trecasali
445,581,1026,1227,1321,2548,1245,1157,2402,747,928,1675,259,397,656,33,53,86,Budrio
875,1120,1995,3060,2656,5716,2574,2323,4897,1624,2372,3996,596,852,1448,79,115,194,Giovinazzo
3,2,5,23,43,66,48,28,76,30,42,72,2,11,13,1,1,2,Tramonti di Sopra
9,8,17,24,33,57,31,32,63,35,54,89,11,12,23,4,9,13,Staiti
7,15,22,61,57,118,89,65,154,51,82,133,9,12,21,2,1,3,Rive
1202,1464,2666,5086,4560,9646,5003,4243,9246,2795,4349,7144,889,1311,2200,44,93,137,Mira
4,11,15,34,24,58,42,45,87,37,54,91,6,6,12,0,0,0,Ceto
77,74,151,314,256,570,389,343,732,223,299,522,63,90,153,12,19,31,Felizzano
113,160,273,500,453,953,341,332,673,198,264,462,69,84,153,1,4,5,Nago-Torbole
20,22,42,106,78,184,84,70,154,61,114,175,15,15,30,0,0,0,Bergamasco
5,5,10,34,28,62,49,41,90,29,41,70,6,15,21,0,1,1,Alice Bel Colle
219,262,481,747,673,1420,637,562,1199,412,464,876,199,276,475,26,79,105,Lioni
121,218,339,576,431,1007,558,533,1091,256,350,606,130,210,340,6,24,30,Sant'Angelo in Vado
75,95,170,359,340,699,396,342,738,271,407,678,56,75,131,7,18,25,Rossiglione
81,107,188,332,261,593,307,317,624,169,223,392,113,181,294,16,67,83,Accadia
653,799,1452,1844,1791,3635,1577,1601,3178,874,1299,2173,270,326,596,6,30,36,Varazze
95,129,224,502,481,983,680,547,1227,432,608,1040,104,134,238,7,24,31,Canneto sull'Oglio
30,35,65,122,127,249,166,156,322,72,135,207,18,25,43,0,5,5,Pioraco
10,13,23,43,38,81,36,26,62,31,50,81,8,9,17,0,0,0,Ussita
72,79,151,249,282,531,343,379,722,153,248,401,66,102,168,8,22,30,Moncalvo
51,61,112,172,161,333,140,135,275,129,191,320,31,28,59,0,4,4,Teglio
81,129,210,629,650,1279,884,699,1583,289,328,617,171,148,319,2,8,10,Livigno
28,21,49,87,65,152,79,84,163,54,96,150,26,36,62,3,8,11,San Giuliano del Sannio
35,53,88,160,173,333,195,164,359,108,176,284,33,30,63,2,2,4,Fontaneto d'Agogna
10,16,26,33,28,61,41,28,69,21,27,48,3,10,13,2,0,2,Montemonaco
86,155,241,479,512,991,705,541,1246,371,528,899,97,161,258,18,18,36,Pontecurone
3328,3869,7197,9455,9706,19161,8306,7005,15311,4030,6680,10710,1382,1932,3314,72,133,205,Carrara
8,12,20,41,26,67,54,51,105,31,42,73,6,2,8,0,0,0,San Damiano Macra
151,211,362,600,538,1138,458,394,852,256,374,630,98,161,259,5,4,9,Agugliano
165,213,378,514,490,1004,466,409,875,272,386,658,112,174,286,12,16,28,Cingoli
52,49,101,101,109,210,96,70,166,48,66,114,23,52,75,2,9,11,Civitella del Tronto
528,759,1287,1999,1735,3734,1336,1148,2484,774,1311,2085,231,417,648,25,38,63,Isola del Liri
60,75,135,219,216,435,223,197,420,126,173,299,50,94,144,11,26,37,Aprigliano
73,87,160,256,286,542,287,234,521,165,215,380,61,86,147,5,9,14,Casina
11,13,24,71,71,142,82,78,160,60,106,166,11,11,22,6,2,8,Niella Tanaro
417,567,984,2079,1859,3938,1877,1684,3561,800,1248,2048,372,449,821,9,15,24,Azzano Decimo
25,20,45,50,32,82,44,36,80,35,64,99,17,23,40,1,4,5,Montelongo
104,128,232,387,374,761,381,331,712,138,177,315,65,48,113,0,5,5,Oulx
941,1188,2129,3415,3263,6678,3534,3354,6888,1818,2530,4348,662,834,1496,57,119,176,Chivasso
215,286,501,1137,1175,2312,1092,962,2054,390,597,987,240,266,506,9,14,23,Rignano Flaminio
166,152,318,751,741,1492,856,727,1583,493,761,1254,154,181,335,12,21,33,Sannazzaro de' Burgondi
21,31,52,103,92,195,112,92,204,80,107,187,22,36,58,2,3,5,Chiusdino
100,85,185,286,283,569,311,292,603,135,176,311,84,157,241,13,37,50,Serre
191,258,449,882,828,1710,871,802,1673,407,523,930,152,191,343,6,12,18,Candiolo
288,378,666,1358,1318,2676,1979,1641,3620,1081,1537,2618,328,349,677,12,16,28,Nave
82,139,221,374,329,703,312,285,597,189,264,453,63,79,142,2,1,3,Pescasseroli
127,128,255,310,364,674,306,258,564,165,232,397,53,54,107,1,5,6,Vicoforte
197,214,411,700,758,1458,1029,881,1910,447,692,1139,135,211,346,12,30,42,Susa
171,240,411,797,838,1635,874,774,1648,435,676,1111,131,177,308,6,30,36,Bussoleno
83,123,206,443,417,860,498,424,922,283,402,685,74,82,156,7,18,25,Saluggia
12,19,31,79,87,166,55,42,97,35,68,103,5,14,19,0,1,1,Vistrorio
4,5,9,56,48,104,81,64,145,45,61,106,12,14,26,0,1,1,Lequio Tanaro
759,901,1660,1806,1904,3710,1852,1927,3779,919,1645,2564,292,366,658,22,42,64,Arona
3,14,17,17,19,36,56,49,105,49,49,98,17,20,37,8,6,14,Nureci
23,27,50,105,100,205,232,164,396,146,138,284,44,63,107,15,10,25,Masullas
184,298,482,1143,1067,2210,1103,1066,2169,584,807,1391,231,302,533,25,51,76,Torregrotta
2,21,23,30,42,72,50,29,79,26,45,71,8,9,17,1,2,3,Borutta
50,60,110,197,171,368,245,277,522,117,217,334,72,99,171,14,18,32,Montedoro
85,131,216,391,476,867,935,705,1640,384,409,793,150,232,382,29,39,68,Ussana
46,89,135,265,308,573,665,478,1143,352,298,650,115,189,304,16,46,62,Uri
38,62,100,112,164,276,268,226,494,112,128,240,56,65,121,4,5,9,Cardedu
70,83,153,185,166,351,147,151,298,97,149,246,18,53,71,5,22,27,Colle Sannita
15,16,31,58,55,113,88,81,169,38,37,75,21,13,34,4,4,8,Leni
10,9,19,21,16,37,34,26,60,19,20,39,6,6,12,0,0,0,Cottanello
27,37,64,155,151,306,213,134,347,126,215,341,41,44,85,3,4,7,Senna Lodigiana
13,17,30,102,87,189,111,80,191,69,74,143,32,39,71,8,32,40,Cessaniti
29,46,75,226,268,494,359,281,640,200,243,443,59,68,127,4,3,7,Pasturo
25,39,64,102,97,199,166,139,305,96,122,218,42,54,96,6,7,13,Nuragus
226,265,491,695,643,1338,694,553,1247,308,537,845,137,141,278,8,8,16,Osnago
432,450,882,1210,1312,2522,1483,1320,2803,800,1048,1848,401,594,995,109,152,261,Mussomeli
88,92,180,307,345,652,649,597,1246,399,507,906,206,285,491,60,68,128,Valledolmo
22,19,41,78,77,155,130,113,243,75,108,183,45,60,105,17,28,45,Acquaviva Platani
167,223,390,770,779,1549,1278,1166,2444,647,812,1459,276,371,647,49,44,93,Altofonte
148,192,340,399,427,826,362,279,641,206,276,482,99,142,241,23,57,80,Montalto Uffugo
29,39,68,155,157,312,325,229,554,129,175,304,63,48,111,1,2,3,Pognano
684,841,1525,3281,3063,6344,6700,5401,12101,2960,4271,7231,1683,2169,3852,335,642,977,Caivano
64,83,147,286,220,506,249,202,451,142,207,349,47,103,150,6,29,35,Riardo
5,5,10,20,4,24,8,3,11,17,22,39,3,7,10,0,2,2,Marcetelli
7,15,22,38,43,81,99,56,155,54,71,125,11,25,36,0,2,2,Turri
1,0,1,1,0,1,0,0,0,1,1,2,0,0,0,0,0,0,Morterone
56,56,112,320,262,582,297,236,533,139,167,306,57,131,188,7,4,11,Ponza
111,143,254,474,436,910,447,432,879,303,467,770,144,187,331,16,32,48,Spongano
5,10,15,35,29,64,58,46,104,41,42,83,14,24,38,1,10,11,Calvera
33,36,69,82,90,172,95,73,168,69,81,150,8,12,20,0,0,0,Perledo
8,18,26,60,51,111,99,81,180,65,88,153,9,8,17,1,3,4,Netro
29,37,66,130,119,249,85,90,175,64,91,155,29,48,77,3,5,8,Alanno
27,52,79,203,191,394,206,197,403,99,131,230,55,79,134,6,12,18,Palena
34,77,111,236,227,463,221,157,378,165,191,356,50,86,136,5,12,17,Valfabbrica
8,18,26,60,44,104,81,59,140,29,39,68,5,10,15,0,2,2,Casanova Lonati
6,14,20,40,33,73,45,28,73,36,54,90,18,27,45,6,14,20,Santa Caterina Albanese
105,109,214,322,340,662,254,265,519,132,204,336,75,73,148,1,5,6,Camparada
42,51,93,202,173,375,226,218,444,112,149,261,49,57,106,18,40,58,Bivongi
35,60,95,184,195,379,306,218,524,189,188,377,51,62,113,3,5,8,Castello di Brianza
258,330,588,936,919,1855,879,733,1612,569,889,1458,135,227,362,7,28,35,San Vincenzo
198,256,454,851,795,1646,839,718,1557,359,508,867,160,189,349,9,5,14,Verderio
37,42,79,202,200,402,287,223,510,126,187,313,47,54,101,0,0,0,Ceresara
5,4,9,37,28,65,33,27,60,21,36,57,1,2,3,0,2,2,Cervara di Roma
10,16,26,66,59,125,105,65,170,62,76,138,13,17,30,2,5,7,Filettino
34,56,90,209,211,420,264,236,500,116,155,271,46,74,120,0,3,3,Granze
60,89,149,324,289,613,377,320,697,175,228,403,65,84,149,4,5,9,San Giorgio in Bosco
35,55,90,148,133,281,146,117,263,92,143,235,30,32,62,3,2,5,Villanova sull'Arda
57,58,115,203,175,378,168,132,300,93,137,230,29,55,84,2,2,4,Povegliano
28,23,51,90,101,191,85,75,160,48,64,112,26,29,55,4,16,20,Raviscanina
274,400,674,1141,1272,2413,1075,921,1996,396,648,1044,215,281,496,12,36,48,Campagnano di Roma
40,54,94,246,243,489,250,206,456,117,174,291,62,54,116,1,4,5,Forano
77,88,165,220,225,445,309,297,606,184,241,425,84,145,229,17,44,61,Castel San Lorenzo
10,18,28,45,50,95,38,34,72,23,21,44,17,15,32,0,0,0,Marano di Valpolicella
7,8,15,37,40,77,52,35,87,44,44,88,11,17,28,0,0,0,Postalesio
53,77,130,289,245,534,232,198,430,156,185,341,55,104,159,7,54,61,Paternopoli
6,5,11,22,16,38,15,9,24,17,24,41,1,2,3,1,1,2,Gerola Alta
3,5,8,17,15,32,38,32,70,23,33,56,6,5,11,1,0,1,Tadasuni
339,387,726,1348,1298,2646,1507,1216,2723,760,1103,1863,236,303,539,7,20,27,Verano Brianza
8,7,15,16,22,38,24,13,37,13,35,48,4,3,7,0,0,0,Villa Collemandina
23,35,58,66,86,152,85,69,154,41,63,104,7,9,16,0,0,0,Oggebbio
5,9,14,21,24,45,46,42,88,28,33,61,6,9,15,1,1,2,Massazza
8,5,13,43,29,72,32,22,54,12,28,40,5,9,14,0,0,0,Verzegnis
156,182,338,560,543,1103,530,484,1014,294,396,690,109,112,221,2,5,7,Manerba del Garda
324,405,729,1212,1206,2418,1295,1029,2324,516,846,1362,240,246,486,10,21,31,Vaprio d'Adda
156,215,371,665,875,1540,1072,939,2011,601,766,1367,166,241,407,28,45,73,Vallecrosia
417,539,956,1242,1409,2651,1125,878,2003,660,877,1537,306,530,836,21,41,62,Bagnacavallo
270,298,568,701,711,1412,700,667,1367,355,514,869,122,133,255,9,10,19,Angera
58,59,117,318,263,581,346,298,644,202,263,465,52,92,144,4,3,7,Lozzo Atestino
27,50,77,162,149,311,147,120,267,77,115,192,26,24,50,1,1,2,San Vito di Fagagna
241,305,546,1330,1265,2595,1939,1638,3577,852,1144,1996,406,558,964,52,114,166,Macerata Campania
4,2,6,11,12,23,27,31,58,14,21,35,2,4,6,1,1,2,Castelletto Molina
7,6,13,23,23,46,50,41,91,33,35,68,5,5,10,0,1,1,San Ponso
761,959,1720,2616,2728,5344,3753,3128,6881,1741,2459,4200,896,1082,1978,209,224,433,Monreale
240,328,568,1264,1330,2594,1539,1412,2951,890,1153,2043,405,666,1071,102,151,253,Randazzo
84,123,207,300,261,561,246,193,439,150,175,325,38,88,126,10,11,21,Pozzilli
1096,1498,2594,2968,3294,6262,3455,2869,6324,2070,3012,5082,820,1446,2266,197,412,609,Ostuni
34,48,82,135,138,273,227,169,396,95,90,185,90,113,203,47,80,127,Balvano
100,102,202,313,350,663,315,269,584,269,360,629,68,160,228,7,19,26,Montalcino
260,362,622,1045,1015,2060,1008,977,1985,642,995,1637,156,222,378,4,4,8,Toscolano-Maderno
12,19,31,36,26,62,26,21,47,25,36,61,2,7,9,0,0,0,Vasia
48,60,108,205,265,470,300,230,530,159,224,383,71,81,152,9,12,21,Firenzuola
8,15,23,116,89,205,69,67,136,59,84,143,10,17,27,2,1,3,Telve di Sopra
4,7,11,31,37,68,52,42,94,41,36,77,9,24,33,2,6,8,Sant'Angelo Limosano
3,3,6,10,15,25,17,7,24,7,13,20,7,4,11,3,4,7,Ferruzzano
43,33,76,136,145,281,166,162,328,91,120,211,36,53,89,4,2,6,Quargnento
166,249,415,1001,823,1824,849,790,1639,638,873,1511,192,300,492,6,10,16,Caneva
68,67,135,228,252,480,342,284,626,199,266,465,49,52,101,1,3,4,Robilante
27,38,65,162,140,302,193,163,356,109,152,261,27,28,55,4,2,6,Morozzo
9,8,17,37,42,79,34,36,70,22,18,40,6,3,9,0,0,0,Borgiallo
36,38,74,124,109,233,157,110,267,105,173,278,26,48,74,0,2,2,Chianni
5,7,12,17,19,36,34,23,57,22,36,58,5,4,9,0,1,1,Mezzana Mortigliengo
1211,1492,2703,4130,4030,8160,3707,3239,6946,2212,2834,5046,827,920,1747,33,67,100,Formigine
391,467,858,2018,1802,3820,3353,3035,6388,2007,2542,4549,862,1143,2005,199,191,390,Misilmeri
92,145,237,413,491,904,844,705,1549,453,484,937,145,213,358,22,54,76,Monastir
129,179,308,583,556,1139,572,468,1040,380,489,869,131,203,334,6,30,36,San Benedetto dei Marsi
24,33,57,141,168,309,213,156,369,84,92,176,39,34,73,1,0,1,Ricengo
9,3,12,59,58,117,103,86,189,82,103,185,10,15,25,3,1,4,Villanova Solaro
128,205,333,716,761,1477,1257,1021,2278,681,713,1394,317,384,701,110,271,381,Villa Castelli
46,59,105,237,240,477,321,286,607,189,223,412,64,93,157,9,9,18,Monghidoro
22,33,55,147,128,275,158,134,292,87,129,216,20,37,57,2,2,4,Giacciano con Baruchella
16,18,34,45,41,86,48,44,92,35,58,93,10,2,12,1,0,1,Montalto Pavese
156,228,384,876,824,1700,1205,1047,2252,699,778,1477,224,400,624,25,54,79,Taglio di Po
115,147,262,437,372,809,339,277,616,155,210,365,80,103,183,5,30,35,Piedimonte San Germano
248,285,533,796,689,1485,681,498,1179,277,494,771,162,263,425,40,64,104,Baiano
91,118,209,365,335,700,339,266,605,194,297,491,70,125,195,12,22,34,Roccamonfina
16,13,29,97,105,202,131,136,267,87,95,182,19,16,35,1,3,4,Cremenaga
14,16,30,60,65,125,100,84,184,47,65,112,23,22,45,2,5,7,Mezzanego
94,109,203,447,415,862,386,291,677,171,273,444,66,119,185,6,12,18,Antrodoco
100,127,227,418,394,812,539,480,1019,282,456,738,82,83,165,0,3,3,Sale Marasino
36,62,98,194,192,386,250,191,441,164,175,339,63,68,131,20,74,94,Ruoti
23,13,36,69,63,132,52,66,118,41,66,107,7,13,20,0,3,3,Mongardino
32,43,75,116,110,226,98,97,195,61,113,174,27,22,49,1,7,8,Ailano
156,195,351,608,548,1156,616,508,1124,368,489,857,102,130,232,5,11,16,Castronno
12,9,21,64,70,134,82,70,152,56,77,133,10,15,25,2,1,3,Bubbio
17,18,35,69,81,150,75,69,144,58,72,130,17,17,34,0,4,4,Castagnito
13,13,26,69,63,132,54,32,86,48,66,114,15,8,23,1,1,2,Dambel
113,134,247,419,389,808,356,327,683,221,308,529,74,81,155,1,9,10,Cordovado
739,940,1679,1886,1918,3804,2001,1703,3704,1020,1558,2578,445,647,1092,62,101,163,Tricase
9,18,27,71,58,129,94,77,171,47,66,113,16,25,41,4,9,13,Colli sul Velino
57,67,124,237,217,454,230,208,438,117,161,278,43,67,110,2,2,4,Bovolenta
209,241,450,784,890,1674,778,695,1473,320,413,733,186,232,418,10,22,32,Formello
23,29,52,102,105,207,107,93,200,50,49,99,18,27,45,0,2,2,Brezzo di Bedero
139,160,299,629,560,1189,789,711,1500,439,620,1059,143,144,287,3,6,9,Nove
76,86,162,315,293,608,300,302,602,166,175,341,73,92,165,15,55,70,Oliveto Citra
183,300,483,1199,1173,2372,1521,1275,2796,655,923,1578,236,325,561,23,21,44,Brandizzo
212,285,497,712,762,1474,731,665,1396,312,508,820,104,130,234,4,6,10,Rivanazzano Terme
111,148,259,595,515,1110,374,364,738,264,396,660,80,106,186,7,3,10,Limana
338,414,752,1063,1109,2172,1152,972,2124,625,883,1508,195,217,412,5,15,20,Villa Guardia
106,125,231,584,489,1073,509,475,984,270,450,720,101,124,225,6,5,11,Polesella
8,16,24,66,59,125,103,86,189,51,80,131,16,19,35,1,0,1,Monasterolo del Castello
73,77,150,313,291,604,299,275,574,153,228,381,52,67,119,5,3,8,Quinto Vicentino
29,34,63,151,135,286,178,133,311,115,175,290,41,42,83,0,2,2,San Vito al Torre
663,807,1470,2522,2666,5188,2609,2281,4890,1170,1565,2735,502,543,1045,22,39,61,Bovisio-Masciago
213,249,462,798,677,1475,624,532,1156,323,481,804,121,137,258,6,17,23,Lomagna
26,36,62,70,110,180,135,91,226,80,77,157,31,26,57,0,0,0,Charvensod
1,2,3,12,11,23,19,11,30,14,18,32,4,2,6,0,0,0,Champdepraz
7,9,16,64,41,105,78,69,147,36,58,94,10,6,16,1,0,1,Salcedo
156,146,302,289,335,624,294,229,523,151,235,386,63,45,108,0,7,7,Bodio Lomnago
10,18,28,66,67,133,111,116,227,86,90,176,40,38,78,11,28,39,Bonifati
144,231,375,744,745,1489,891,745,1636,476,671,1147,187,180,367,4,11,15,Carnago
11,15,26,65,53,118,61,56,117,46,40,86,11,14,25,1,1,2,Valle Salimbene
112,126,238,415,411,826,500,438,938,308,408,716,70,90,160,3,15,18,Brebbia
26,28,54,78,72,150,104,94,198,65,113,178,21,10,31,5,1,6,Cressa
95,123,218,418,332,750,467,455,922,361,410,771,167,306,473,25,69,94,Castrignano del Capo
12,10,22,57,66,123,108,75,183,73,110,183,26,30,56,2,4,6,Torricella del Pizzo
54,72,126,238,225,463,226,189,415,67,131,198,44,42,86,0,0,0,Farra d'Isonzo
1,1,2,7,5,12,9,2,11,8,6,14,0,1,1,0,0,0,Propata
462,550,1012,1486,1362,2848,1094,973,2067,461,898,1359,150,224,374,6,6,12,Tolmezzo
1012,1445,2457,2314,2418,4732,1996,1746,3742,1114,1625,2739,410,721,1131,19,52,71,Porto San Giorgio
113,146,259,610,551,1161,674,590,1264,367,490,857,132,133,265,6,12,18,Canonica d'Adda
8,17,25,57,53,110,49,47,96,53,70,123,9,11,20,0,0,0,Barete
23,28,51,94,95,189,109,85,194,77,66,143,22,18,40,0,0,0,Caderzone Terme
163,155,318,373,355,728,256,283,539,116,168,284,57,67,124,1,4,5,Villarbasse
70,93,163,302,268,570,318,273,591,122,161,283,46,58,104,0,6,6,Rubiana
41,42,83,129,113,242,107,87,194,31,34,65,13,10,23,0,1,1,Sestriere
37,28,65,161,166,327,194,167,361,98,132,230,18,35,53,0,1,1,Virle Piemonte
36,64,100,163,150,313,160,128,288,56,104,160,19,32,51,1,0,1,Nebbiuno
24,20,44,61,60,121,67,62,129,48,57,105,20,25,45,2,16,18,Perito
19,23,42,48,46,94,72,53,125,34,47,81,7,16,23,0,1,1,Chambave
28,38,66,142,133,275,108,102,210,56,117,173,24,37,61,1,2,3,Filattiera
18,27,45,70,70,140,117,98,215,78,88,166,22,39,61,7,22,29,Torraca
201,251,452,831,735,1566,877,758,1635,359,528,887,137,270,407,2,15,17,Capranica
15,19,34,81,61,142,71,66,137,83,70,153,34,56,90,5,16,21,Acquaviva Collecroce
2601,2946,5547,7057,7204,14261,7471,6978,14449,3610,5307,8917,1312,1753,3065,88,212,300,Moncalieri
24,30,54,131,126,257,223,186,409,149,199,348,42,31,73,4,4,8,Calvatone
66,92,158,274,252,526,305,262,567,175,278,453,48,70,118,3,6,9,Stienta
0,0,0,8,10,18,25,11,36,13,14,27,1,4,5,0,0,0,Montemezzo
33,86,119,160,148,308,363,292,655,250,226,476,101,259,360,17,15,32,Baunei
102,139,241,350,332,682,491,397,888,286,337,623,124,233,357,11,16,27,Appignano
6,8,14,31,38,69,62,32,94,31,56,87,7,7,14,0,0,0,Nomaglio
6,12,18,25,18,43,21,10,31,14,14,28,2,4,6,0,1,1,Isole Tremiti
733,780,1513,2194,2413,4607,2545,2194,4739,1470,1793,3263,860,1299,2159,216,270,486,Ribera
70,91,161,361,324,685,723,578,1301,435,605,1040,191,297,488,38,49,87,San Fratello
16,16,32,56,61,117,66,67,133,34,41,75,14,3,17,1,0,1,Airole
172,164,336,505,457,962,536,458,994,232,300,532,123,142,265,13,25,38,Ragalna
1293,1637,2930,3587,3813,7400,3164,2930,6094,1844,2341,4185,916,1093,2009,164,173,337,Giarre
12,31,43,44,45,89,148,130,278,76,88,164,38,57,95,12,14,26,Esterzili
61,46,107,175,163,338,218,188,406,111,97,208,73,88,161,13,37,50,Filogaso
22,30,52,130,122,252,191,129,320,117,173,290,27,32,59,3,3,6,Quincinetto
48,64,112,151,158,309,184,153,337,150,179,329,53,104,157,3,5,8,Loro Piceno
11,22,33,54,46,100,66,43,109,43,52,95,17,23,40,9,25,34,Malvito
47,65,112,304,252,556,478,344,822,214,337,551,77,80,157,1,5,6,Orzivecchi
271,318,589,1261,1038,2299,1131,1122,2253,607,900,1507,219,267,486,14,25,39,Noventa Vicentina
98,136,234,370,384,754,350,268,618,172,226,398,72,115,187,5,14,19,Sant'Agata sul Santerno
2,1,3,7,5,12,20,13,33,11,10,21,1,2,3,0,0,0,Civo
74,107,181,381,338,719,411,374,785,232,306,538,72,104,176,1,5,6,Arzergrande
3,3,6,24,18,42,30,30,60,25,33,58,4,3,7,0,0,0,Val di Nizza
53,77,130,250,251,501,415,345,760,212,281,493,84,139,223,3,11,14,Ischia di Castro
12,10,22,57,62,119,117,82,199,73,96,169,19,23,42,1,1,2,Grone
18,27,45,120,115,235,145,116,261,101,112,213,16,31,47,3,2,5,Alagna
265,331,596,1075,984,2059,1116,1055,2171,665,1099,1764,165,293,458,31,31,62,Lendinara
160,216,376,799,815,1614,879,703,1582,400,548,948,147,170,317,5,8,13,Rosate
209,230,439,952,921,1873,1460,1277,2737,665,846,1511,250,250,500,19,14,33,Albano Sant'Alessandro
91,107,198,341,321,662,263,207,470,162,229,391,68,96,164,8,10,18,San Vito Chietino
7,18,25,138,119,257,154,154,308,79,113,192,19,32,51,2,1,3,Samolaco
36,42,78,212,183,395,230,215,445,151,250,401,46,27,73,0,4,4,Casalmorano
24,37,61,196,191,387,253,202,455,174,229,403,35,38,73,1,2,3,Grumello Cremonese ed Uniti
62,56,118,198,188,386,218,186,404,137,181,318,59,114,173,11,24,35,Caggiano
2,7,9,26,18,44,32,27,59,14,20,34,17,18,35,1,5,6,Ciorlano
46,52,98,173,153,326,171,152,323,89,111,200,55,56,111,10,16,26,Baia e Latina
415,488,903,1901,1696,3597,1823,1653,3476,940,1324,2264,354,447,801,18,30,48,Campodarsego
184,214,398,649,662,1311,719,599,1318,357,572,929,104,122,226,6,12,18,Gazzada Schianno
1,0,1,9,11,20,13,9,22,4,9,13,0,2,2,0,0,0,Rialto
18,18,36,161,119,280,106,110,216,68,144,212,19,21,40,0,0,0,Ampezzo
12,19,31,45,53,98,52,48,100,40,42,82,16,38,54,1,8,9,Pollica
235,278,513,712,716,1428,737,658,1395,399,542,941,189,280,469,44,96,140,Polla
18,23,41,103,101,204,116,113,229,95,131,226,20,13,33,0,2,2,Pognana Lario
118,143,261,522,507,1029,663,539,1202,330,411,741,131,117,248,4,11,15,Bulgarograsso
233,293,526,1152,1156,2308,1947,1579,3526,1065,1316,2381,328,315,643,16,17,33,Cologno al Serio
38,52,90,158,156,314,121,88,209,62,110,172,19,19,38,3,2,5,Borgo Velino
5,5,10,22,9,31,12,12,24,6,7,13,2,3,5,0,0,0,Volpeglino
24,29,53,106,112,218,116,90,206,66,100,166,21,18,39,1,2,3,Credera Rubbiano
8,11,19,42,50,92,35,34,69,29,29,58,6,16,22,0,0,0,Scheggino
105,119,224,439,417,856,462,382,844,249,325,574,71,76,147,7,4,11,Coazze
55,68,123,420,401,821,664,523,1187,371,516,887,131,135,266,5,11,16,Isorella
11,18,29,84,63,147,73,72,145,52,58,110,12,19,31,0,0,0,Moriondo Torinese
187,187,374,545,567,1112,450,467,917,181,346,527,80,71,151,7,9,16,Banchette
72,79,151,286,259,545,275,272,547,209,285,494,60,74,134,5,7,12,Miane
52,49,101,179,189,368,341,312,653,247,283,530,80,128,208,46,25,71,Ventimiglia di Sicilia
20,27,47,68,50,118,87,87,174,72,92,164,35,68,103,7,14,21,Militello Rosmarino
12,9,21,53,46,99,122,85,207,46,70,116,24,37,61,8,26,34,Mongiana
220,267,487,696,736,1432,808,716,1524,706,858,1564,395,566,961,94,113,207,Gangi
45,77,122,325,363,688,797,691,1488,355,408,763,229,261,490,33,37,70,Mazzarrone
209,221,430,650,684,1334,1058,903,1961,497,599,1096,261,318,579,66,140,206,Cinquefrondi
24,29,53,96,91,187,92,88,180,82,86,168,18,48,66,5,15,20,Placanica
29,46,75,97,104,201,134,90,224,85,113,198,39,58,97,10,36,46,Simbario
181,254,435,822,732,1554,654,570,1224,445,558,1003,149,239,388,12,16,28,Trevi
109,140,249,342,351,693,335,261,596,211,306,517,74,103,177,4,12,16,Bagnoregio
32,40,72,73,70,143,76,71,147,59,88,147,16,38,54,0,2,2,Carassai
1839,2210,4049,6741,6299,13040,8536,6630,15166,4388,6813,11201,2160,3046,5206,508,909,1417,Ercolano
17,20,37,86,96,182,117,97,214,63,92,155,24,46,70,1,5,6,Tavoleto
149,191,340,622,569,1191,473,425,898,229,337,566,106,103,209,1,2,3,Remanzacco
77,175,252,262,426,688,895,661,1556,397,465,862,157,253,410,10,24,34,Fonni
44,61,105,157,222,379,345,245,590,259,267,526,72,68,140,8,15,23,Seneghe
98,139,237,401,471,872,571,443,1014,321,394,715,105,208,313,4,16,20,Monte San Savino
112,154,266,529,468,997,660,571,1231,416,521,937,142,264,406,14,30,44,Asciano
6,9,15,52,33,85,26,36,62,33,56,89,3,4,7,0,0,0,Vione
3,6,9,35,27,62,51,46,97,32,36,68,6,5,11,0,0,0,Prascorsano
62,71,133,294,327,621,298,242,540,152,225,377,67,59,126,5,4,9,Vigolzone
8,8,16,23,38,61,30,27,57,34,31,65,3,4,7,0,0,0,Corniglio
72,94,166,392,409,801,629,560,1189,357,382,739,97,103,200,4,4,8,Castione della Presolana
13,24,37,108,82,190,95,82,177,73,88,161,11,22,33,0,0,0,Sporminore
390,515,905,1260,1312,2572,1168,1006,2174,546,720,1266,196,337,533,22,69,91,Pontecorvo
2,7,9,19,16,35,22,16,38,7,26,33,3,4,7,0,1,1,Magnano
21,40,61,111,130,241,217,165,382,143,183,326,59,124,183,19,25,44,Anzi
24,34,58,95,121,216,184,132,316,107,148,255,21,34,55,1,1,2,Pettinengo
52,65,117,301,311,612,274,254,528,143,179,322,54,84,138,3,11,14,Rottofreno
158,219,377,757,760,1517,907,719,1626,397,526,923,145,190,335,11,18,29,Fabrica di Roma
183,236,419,741,737,1478,928,780,1708,476,660,1136,162,332,494,15,35,50,Soriano nel Cimino
106,148,254,327,272,599,242,202,444,173,265,438,87,127,214,11,37,48,Latronico
39,54,93,211,183,394,168,138,306,104,149,253,31,33,64,1,2,3,Scurelle
94,150,244,569,505,1074,638,566,1204,284,411,695,115,174,289,10,19,29,Villanova d'Asti
185,189,374,426,393,819,325,323,648,188,287,475,107,132,239,7,30,37,Sant'Arsenio
31,35,66,122,130,252,122,92,214,60,79,139,19,30,49,1,2,3,La Thuile
193,265,458,787,732,1519,741,710,1451,425,669,1094,115,133,248,11,13,24,Arquata Scrivia
25,17,42,52,49,101,24,23,47,13,32,45,6,12,18,1,6,7,Castelli
466,555,1021,1422,1455,2877,2129,1681,3810,1392,1738,3130,585,703,1288,86,192,278,Apricena
395,505,900,1059,1113,2172,1220,929,2149,587,846,1433,308,360,668,62,97,159,Cavallino
83,85,168,304,281,585,197,170,367,121,215,336,34,26,60,1,3,4,Folgaria
46,75,121,255,277,532,305,300,605,180,242,422,71,79,150,6,11,17,Alseno
2,5,7,17,6,23,8,10,18,5,10,15,0,0,0,0,0,0,Acceglio
102,138,240,559,495,1054,489,433,922,214,347,561,89,89,178,1,3,4,San Canzian d'Isonzo
414,531,945,1325,1439,2764,1309,1184,2493,686,914,1600,299,383,682,8,20,28,Pavullo nel Frignano
27,34,61,139,117,256,119,97,216,94,114,208,23,31,54,0,9,9,Macchia d'Isernia
287,376,663,1103,1206,2309,1390,1251,2641,757,1100,1857,269,325,594,23,41,64,Nizza Monferrato
29,37,66,113,109,222,129,99,228,96,115,211,42,70,112,20,44,64,Montepaone
26,30,56,115,113,228,152,124,276,85,105,190,19,23,42,1,2,3,Gromo
52,62,114,231,242,473,479,410,889,248,312,560,67,81,148,0,1,1,Ardesio
374,496,870,1092,967,2059,1038,856,1894,578,721,1299,253,380,633,17,37,54,Fermignano
23,29,52,193,203,396,251,212,463,120,193,313,37,34,71,8,6,14,Montoggio
348,451,799,1538,1813,3351,2177,2048,4225,1144,1467,2611,393,565,958,51,119,170,Taggia
21,23,44,100,87,187,148,130,278,86,107,193,25,34,59,3,5,8,Tavernole sul Mella
164,228,392,545,530,1075,522,426,948,291,332,623,102,158,260,17,33,50,Pignola
10,7,17,73,51,124,114,85,199,64,60,124,36,62,98,10,31,41,San Lorenzo Bellizzi
29,18,47,99,108,207,87,79,166,56,87,143,9,22,31,0,0,0,Lerma
0,1,1,0,1,1,2,2,4,1,0,1,0,0,0,0,0,0,Mongiardino Ligure
225,280,505,705,688,1393,841,684,1525,398,598,996,115,178,293,7,7,14,Castelnuovo di Garfagnana
15,31,46,103,88,191,149,118,267,88,127,215,27,33,60,2,2,4,Villar Pellice
60,75,135,316,323,639,318,317,635,155,220,375,77,104,181,1,6,7,Magliano Sabina
8,6,14,41,26,67,31,16,47,26,34,60,12,20,32,3,17,20,Castroregio
190,272,462,772,768,1540,860,633,1493,357,480,837,174,278,452,23,29,52,Montorio al Vomano
20,30,50,77,87,164,106,71,177,61,71,132,19,32,51,0,1,1,Saludecio
449,540,989,1487,1526,3013,1625,1360,2985,837,1196,2033,271,340,611,11,27,38,Induno Olona
148,138,286,399,380,779,313,264,577,227,321,548,92,140,232,21,36,57,Curinga
8,19,27,64,56,120,66,43,109,38,46,84,18,37,55,2,10,12,Montenerodomo
253,316,569,847,1060,1907,1136,837,1973,600,814,1414,292,376,668,26,56,82,Meldola
25,34,59,82,92,174,148,74,222,58,55,113,20,40,60,0,4,4,Poggio Torriana
5,7,12,35,33,68,25,28,53,32,34,66,9,6,15,1,0,1,Bresimo
355,465,820,1483,1495,2978,1663,1424,3087,882,1114,1996,291,373,664,21,42,63,Vinovo
453,523,976,1168,1522,2690,1334,1390,2724,672,1028,1700,205,307,512,18,52,70,Bordighera
47,43,90,163,170,333,257,200,457,118,145,263,40,39,79,3,3,6,Lombardore
2,0,2,20,20,40,33,24,57,29,35,64,4,3,7,0,0,0,Frassinetto
20,16,36,109,101,210,122,102,224,87,143,230,15,8,23,1,0,1,Locana
44,71,115,227,202,429,253,257,510,142,200,342,56,77,133,4,10,14,Galliera
134,157,291,447,487,934,521,461,982,287,422,709,101,97,198,3,6,9,Maslianico
202,269,471,905,905,1810,737,656,1393,434,669,1103,170,168,338,4,8,12,Sedico
63,43,106,179,172,351,181,143,324,107,178,285,63,106,169,15,25,40,Piaggine
733,1087,1820,2660,3093,5753,3653,2825,6478,2264,2530,4794,782,1270,2052,50,78,128,Porto Sant'Elpidio
1284,1548,2832,3530,3849,7379,3359,3438,6797,2105,3040,5145,620,744,1364,70,121,191,Alba
390,503,893,1333,1330,2663,1216,1118,2334,752,953,1705,279,382,661,18,29,47,Ozzano dell'Emilia
41,47,88,125,156,281,149,136,285,77,106,183,20,27,47,0,1,1,Roccabruna
32,43,75,136,157,293,218,200,418,140,167,307,29,44,73,2,2,4,Venasca
80,109,189,421,414,835,321,330,651,182,269,451,35,56,91,5,3,8,Varzi
40,60,100,176,217,393,324,247,571,195,197,392,46,87,133,11,20,31,Lunamatrona
1329,1600,2929,5500,5637,11137,5455,4962,10417,2665,3874,6539,981,1224,2205,64,135,199,Bollate
21,37,58,165,186,351,686,544,1230,310,306,616,166,212,378,34,47,81,Burcei
157,257,414,630,735,1365,1035,897,1932,445,649,1094,299,425,724,100,88,188,Vizzini
65,61,126,234,218,452,308,235,543,125,162,287,65,81,146,7,29,36,Pannarano
12,22,34,50,47,97,101,85,186,65,70,135,22,23,45,7,9,16,Bulzi
188,247,435,645,800,1445,1561,1210,2771,946,967,1913,288,415,703,51,64,115,Cabras
18,22,40,47,75,122,169,108,277,81,87,168,21,34,55,3,7,10,Siddi
54,59,113,163,157,320,160,156,316,102,105,207,49,118,167,7,40,47,Carife
55,74,129,215,181,396,164,132,296,137,200,337,63,126,189,12,18,30,Andretta
21,33,54,73,66,139,76,59,135,47,55,102,24,38,62,2,8,10,Sesto Campano
7,8,15,24,20,44,40,25,65,26,50,76,7,17,24,2,4,6,Sant'Elena Sannita
41,48,89,208,182,390,183,160,343,101,145,246,33,71,104,3,9,12,Villa Santa Maria
10,9,19,19,15,34,6,11,17,7,7,14,3,1,4,0,0,0,Montevecchia
135,202,337,464,520,984,866,649,1515,368,424,792,113,160,273,11,18,29,Calangianus
42,48,90,254,191,445,287,311,598,184,248,432,113,155,268,28,38,66,Cerami
13,17,30,74,84,158,127,104,231,70,98,168,15,10,25,1,2,3,Casargo
1704,1912,3616,5156,5450,10606,7065,6168,13233,4118,5178,9296,1994,2560,4554,348,433,781,Alcamo
345,395,740,1148,1097,2245,1198,1082,2280,529,817,1346,226,236,462,6,12,18,Bovezzo
23,22,45,64,65,129,87,78,165,50,65,115,9,10,19,0,0,0,Moggio
31,39,70,152,177,329,213,154,367,86,105,191,34,47,81,1,2,3,Pieve Fissiraga
7,3,10,35,57,92,65,56,121,22,27,49,14,38,52,1,8,9,Laino Castello
7,14,21,74,72,146,56,67,123,33,40,73,7,14,21,1,0,1,Drena
8,11,19,44,34,78,64,46,110,32,68,100,13,20,33,0,0,0,Montieri
23,30,53,84,100,184,194,159,353,83,90,173,36,46,82,16,34,50,Gerocarne
36,17,53,65,61,126,66,68,134,39,48,87,16,19,35,3,5,8,Castilenti
61,80,141,299,222,521,245,226,471,127,176,303,67,112,179,4,6,10,Piobbico
7,10,17,34,25,59,48,46,94,38,30,68,3,21,24,1,2,3,Pietrarubbia
141,216,357,684,795,1479,1032,877,1909,757,922,1679,213,302,515,17,22,39,Montale
25,28,53,85,78,163,76,79,155,53,65,118,19,28,47,1,0,1,Montefranco
10,15,25,43,44,87,84,57,141,76,86,162,31,36,67,0,18,18,Carpineto Sinello
69,76,145,156,197,353,202,152,354,122,167,289,45,44,89,3,3,6,Carbonara al Ticino
20,19,39,70,64,134,44,52,96,31,69,100,13,18,31,1,5,6,Fossato di Vico
320,375,695,1091,994,2085,1107,994,2101,428,704,1132,240,270,510,36,69,105,Castel San Giorgio
391,449,840,1097,1058,2155,1078,882,1960,606,739,1345,258,348,606,41,94,135,Bovalino
20,30,50,86,84,170,125,112,237,58,65,123,17,25,42,0,0,0,Cremeno
567,632,1199,2143,2089,4232,2476,2148,4624,1145,1610,2755,508,528,1036,29,44,73,Montichiari
170,248,418,955,1004,1959,1956,1568,3524,895,1116,2011,486,585,1071,147,234,381,Villa Literno
83,108,191,368,369,737,460,369,829,228,311,539,75,138,213,10,11,21,Stanghella
44,45,89,156,139,295,179,142,321,111,142,253,40,55,95,5,7,12,Ponso
79,81,160,444,386,830,496,470,966,303,371,674,80,96,176,1,10,11,Grisignano di Zocco
273,342,615,1413,1227,2640,1508,1216,2724,763,1153,1916,264,294,558,12,15,27,Marano Vicentino
91,107,198,336,329,665,300,242,542,160,193,353,62,107,169,2,7,9,Campello sul Clitunno
94,138,232,497,531,1028,740,597,1337,506,653,1159,137,199,336,19,20,39,Larciano
895,968,1863,2340,2498,4838,1807,1658,3465,839,1149,1988,367,436,803,14,19,33,Peschiera Borromeo
48,81,129,228,213,441,214,193,407,105,171,276,29,41,70,4,6,10,Retorbido
106,112,218,214,180,394,231,191,422,79,129,208,56,85,141,12,38,50,Paolisi
737,826,1563,2996,2859,5855,3581,2904,6485,1767,2501,4268,759,782,1541,72,63,135,Arzignano
6,6,12,39,34,73,56,45,101,27,35,62,11,11,22,0,0,0,Foza
163,191,354,713,889,1602,1176,1005,2181,568,581,1149,223,294,517,17,37,54,Arzachena
9,9,18,46,36,82,49,41,90,31,43,74,13,20,33,4,11,15,Sant'Alessio in Aspromonte
75,115,190,216,267,483,436,308,744,204,270,474,90,120,210,8,11,19,Sedilo
22,35,57,140,106,246,99,80,179,65,96,161,12,37,49,1,1,2,Greccio
117,151,268,580,633,1213,1245,996,2241,602,744,1346,208,344,552,24,32,56,Arbus
507,525,1032,1118,1300,2418,963,958,1921,562,981,1543,173,234,407,10,15,25,Forte dei Marmi
13,29,42,88,77,165,83,65,148,60,77,137,6,18,24,0,3,3,Borbona
319,443,762,1529,1357,2886,2191,1900,4091,1020,1184,2204,572,744,1316,178,410,588,Rosarno
143,117,260,355,347,702,287,217,504,157,253,410,62,136,198,15,29,44,Amorosi
87,118,205,374,280,654,358,339,697,295,393,688,111,191,302,31,72,103,Botrugno
30,37,67,203,188,391,124,111,235,92,110,202,19,20,39,0,2,2,Andalo
2,6,8,22,26,48,24,33,57,32,38,70,6,3,9,2,1,3,Ponna
29,17,46,122,100,222,131,99,230,82,98,180,17,50,67,6,20,26,Pietrastornina
16,13,29,94,94,188,61,65,126,26,64,90,15,10,25,0,1,1,Lavarone
113,149,262,510,515,1025,467,357,824,213,287,500,73,107,180,2,2,4,Dresano
16,8,24,80,57,137,62,63,125,73,75,148,18,46,64,0,2,2,Colledimezzo
96,138,234,416,468,884,558,455,1013,296,409,705,99,114,213,9,14,23,Biandronno
31,44,75,117,130,247,153,119,272,91,129,220,21,29,50,1,2,3,Casale Litta
55,101,156,289,307,596,426,389,815,328,375,703,77,60,137,5,1,6,Piasco
47,49,96,241,182,423,318,293,611,186,254,440,47,67,114,1,5,6,Cercenasco
327,456,783,1454,1329,2783,1626,1289,2915,748,1235,1983,394,590,984,82,148,230,Boscotrecase
66,120,186,402,452,854,887,668,1555,459,457,916,158,204,362,19,34,53,Usini
1736,2443,4179,4772,5141,9913,5237,4731,9968,2771,3493,6264,883,1393,2276,117,191,308,Alghero
2196,2713,4909,8194,7940,16134,6633,6070,12703,2960,5111,8071,1203,1585,2788,87,189,276,Civitavecchia
1032,1385,2417,3188,3320,6508,2257,2116,4373,1411,2158,3569,502,840,1342,29,82,111,Spoleto
45,45,90,127,116,243,115,73,188,66,85,151,21,37,58,4,10,14,San Nazzaro
96,135,231,486,450,936,431,459,890,214,293,507,95,134,229,2,3,5,Norcia
83,193,276,442,384,826,390,344,734,207,362,569,56,58,114,5,0,5,Sondalo
635,753,1388,2178,1955,4133,1811,1553,3364,919,1514,2433,370,481,851,6,18,24,Porcia
195,198,393,535,558,1093,801,739,1540,512,537,1049,225,390,615,43,89,132,Gagliano del Capo
4,3,7,23,19,42,36,25,61,14,25,39,9,7,16,0,1,1,Olivetta San Michele
16,29,45,93,79,172,93,81,174,55,73,128,30,48,78,4,5,9,Belforte all'Isauro
248,365,613,1211,1132,2343,1526,1269,2795,712,1164,1876,256,270,526,11,22,33,Costa Volpino
1010,1170,2180,2963,2902,5865,2678,2607,5285,1251,1783,3034,486,631,1117,15,54,69,San Mauro Torinese
153,211,364,645,759,1404,860,653,1513,450,665,1115,169,187,356,10,14,24,Bientina
65,95,160,281,277,558,381,364,745,213,261,474,66,69,135,2,0,2,Marene
230,275,505,1128,1254,2382,1723,1374,3097,826,1075,1901,345,407,752,19,44,63,Altopascio
7,9,16,35,44,79,43,24,67,21,38,59,5,9,14,0,1,1,Sellano
423,518,941,1574,1396,2970,2181,1869,4050,1021,1364,2385,422,425,847,18,32,50,Rovato
130,149,279,451,425,876,501,471,972,267,386,653,60,77,137,3,6,9,Bellano
34,54,88,179,217,396,497,383,880,242,246,488,75,141,216,19,28,47,Mandas
58,79,137,271,289,560,313,237,550,164,184,348,73,82,155,2,5,7,Senna Comasco
51,56,107,145,134,279,148,167,315,99,121,220,46,58,104,3,23,26,San Pietro al Tanagro
23,38,61,161,140,301,168,180,348,121,154,275,32,58,90,3,5,8,Isola d'Asti
106,156,262,503,504,1007,630,520,1150,326,465,791,119,100,219,4,6,10,Uggiate-Trevano
14,17,31,83,76,159,114,71,185,68,101,169,11,17,28,5,5,10,Bordolano
38,37,75,218,223,441,329,264,593,164,225,389,61,62,123,4,3,7,Visano
307,384,691,1330,1352,2682,1263,982,2245,640,983,1623,183,267,450,10,19,29,Santo Stefano di Magra
186,207,393,485,465,950,546,503,1049,279,460,739,94,110,204,5,3,8,Cellatica
26,33,59,147,125,272,92,88,180,58,91,149,19,17,36,0,1,1,Giustino
12,15,27,65,54,119,66,49,115,35,51,86,8,9,17,0,2,2,Riolunato
1132,1448,2580,3787,3801,7588,4235,3557,7792,2048,2508,4556,926,1341,2267,87,243,330,Fondi
82,113,195,407,391,798,668,515,1183,317,390,707,114,200,314,25,67,92,Monte San Biagio
466,602,1068,1799,1783,3582,2105,1644,3749,1082,1250,2332,571,739,1310,92,181,273,Lavello
343,483,826,1237,1359,2596,1187,1013,2200,735,956,1691,252,349,601,8,23,31,Montecchio Emilia
36,71,107,183,155,338,162,133,295,70,102,172,24,42,66,0,1,1,Poggio Picenze
936,1163,2099,3367,3218,6585,4015,3607,7622,2251,3014,5265,1018,1819,2837,230,577,807,Mesagne
79,97,176,329,344,673,433,356,789,234,284,518,104,93,197,5,6,11,Albiolo
7,10,17,63,43,106,49,40,89,59,92,151,5,6,11,0,1,1,Antrona Schieranco
22,18,40,83,65,148,66,69,135,80,83,163,9,51,60,5,7,12,Archi
107,150,257,616,553,1169,672,610,1282,286,470,756,195,244,439,34,69,103,Cancello ed Arnone
127,194,321,343,319,662,398,322,720,303,379,682,108,160,268,4,12,16,Mogliano
1678,2048,3726,3316,3629,6945,2645,2388,5033,1680,2296,3976,579,848,1427,32,55,87,San Lazzaro di Savena
14,30,44,117,94,211,167,162,329,127,150,277,32,43,75,2,7,9,Piacenza d'Adige
305,438,743,1342,1274,2616,1448,1166,2614,797,1118,1915,262,240,502,17,23,40,Cislago
78,114,192,315,334,649,378,331,709,165,211,376,79,65,144,3,1,4,Boissano
1659,2187,3846,7120,7229,14349,6931,6247,13178,3144,4280,7424,1320,1763,3083,92,181,273,Nettuno
1,2,3,19,13,32,22,11,33,25,27,52,3,3,6,3,1,4,Molise
8,13,21,49,40,89,57,46,103,42,56,98,4,7,11,0,1,1,Cossano Canavese
229,330,559,894,864,1758,954,823,1777,501,711,1212,183,178,361,9,22,31,Venegono Inferiore
79,79,158,278,280,558,369,295,664,237,280,517,82,149,231,24,49,73,Carpignano Salentino
65,77,142,239,236,475,269,211,480,193,221,414,68,114,182,24,68,92,Paduli
1,3,4,18,11,29,15,14,29,12,13,25,2,1,3,0,0,0,Mombaldone
40,52,92,140,150,290,170,180,350,116,146,262,33,41,74,6,11,17,Carpinone
241,275,516,1018,970,1988,1237,1067,2304,606,849,1455,246,210,456,20,14,34,Zanica
38,46,84,164,148,312,164,134,298,71,113,184,25,33,58,1,3,4,Caprie
82,104,186,447,460,907,463,376,839,249,362,611,60,105,165,3,4,7,Balangero
102,114,216,472,463,935,466,401,867,200,351,551,78,101,179,4,13,17,Borgofranco d'Ivrea
662,739,1401,2493,2251,4744,2049,1855,3904,952,1625,2577,439,453,892,20,30,50,Agrate Brianza
50,73,123,240,213,453,253,211,464,155,215,370,53,80,133,3,10,13,Cerchio
21,34,55,84,95,179,84,67,151,46,76,122,11,13,24,0,1,1,Barbianello
3,3,6,8,9,17,11,8,19,4,10,14,0,1,1,0,0,0,Smerillo
124,181,305,638,660,1298,800,597,1397,421,628,1049,143,136,279,9,15,24,Buscate
13,13,26,32,39,71,39,34,73,25,35,60,6,10,16,2,0,2,Magliano di Tenna
111,138,249,585,589,1174,793,672,1465,438,568,1006,123,146,269,7,18,25,Canale
27,31,58,173,133,306,125,138,263,70,144,214,16,31,47,1,0,1,Torreano
62,128,190,400,379,779,429,351,780,247,331,578,92,122,214,6,2,8,Terzo d'Aquileia
118,117,235,258,245,503,190,152,342,84,127,211,45,83,128,6,9,15,Venticano
93,126,219,655,487,1142,576,588,1164,478,600,1078,109,170,279,1,8,9,Talmassons
11,15,26,37,45,82,43,44,87,27,30,57,7,6,13,0,0,0,Challand-Saint-Anselme
9,20,29,85,81,166,217,195,412,144,123,267,52,64,116,11,15,26,Castellafiume
2,1,3,17,25,42,21,18,39,20,35,55,3,10,13,1,0,1,Castelvecchio Calvisio
125,158,283,420,370,790,333,289,622,171,280,451,71,82,153,4,6,10,Budoia
7,16,23,63,84,147,163,115,278,100,106,206,26,35,61,3,4,7,Rifreddo
399,540,939,1616,1502,3118,1469,1275,2744,738,1048,1786,274,265,539,12,29,41,Gerenzano
8,15,23,68,64,132,79,55,134,55,89,144,7,14,21,0,0,0,Settimo Rottaro
150,206,356,797,903,1700,1306,1130,2436,718,957,1675,209,268,477,20,42,62,Gravellona Toce
76,96,172,208,221,429,200,181,381,119,191,310,36,46,82,1,0,1,San Secondo di Pinerolo
7,9,16,23,42,65,61,34,95,33,31,64,9,6,15,1,1,2,Garzigliana
9,10,19,73,74,147,69,58,127,50,56,106,12,11,23,0,0,0,Torcegno
210,257,467,971,901,1872,1103,978,2081,585,778,1363,209,254,463,18,28,46,Poirino
32,43,75,189,180,369,234,196,430,174,197,371,45,70,115,2,0,2,Pocenia
28,27,55,114,103,217,161,135,296,61,112,173,16,33,49,5,5,10,San Giovanni del Dosso
33,25,58,181,155,336,221,199,420,128,180,308,50,59,109,5,13,18,San Pietro di Morubio
9,14,23,70,48,118,66,65,131,52,62,114,10,22,32,2,5,7,Perano
85,77,162,425,415,840,605,474,1079,341,475,816,117,133,250,10,10,20,Ronco all'Adige
54,86,140,224,212,436,308,274,582,146,193,339,63,86,149,3,7,10,Bagnoli di Sopra
22,43,65,142,140,282,170,118,288,91,144,235,28,31,59,1,6,7,Mezzanino
130,181,311,556,624,1180,625,561,1186,372,499,871,144,170,314,4,15,19,San Polo d'Enza
75,109,184,401,353,754,399,316,715,192,255,447,77,99,176,3,3,6,Breda di Piave
178,213,391,612,590,1202,725,587,1312,343,466,809,142,183,325,7,7,14,Borso del Grappa
89,121,210,493,438,931,613,506,1119,343,646,989,85,137,222,5,11,16,Casalbuttano ed Uniti
97,89,186,239,277,516,229,220,449,143,165,308,69,114,183,7,47,54,Trivento
683,904,1587,2959,2892,5851,3005,2685,5690,1490,2138,3628,596,811,1407,45,64,109,Cormano
5,13,18,78,73,151,77,61,138,43,62,105,12,18,30,0,0,0,Zuglio
127,177,304,768,650,1418,793,764,1557,536,783,1319,130,179,309,7,7,14,Manzano
127,157,284,513,543,1056,602,526,1128,341,456,797,120,147,267,9,21,30,Baricella
24,27,51,130,125,255,183,152,335,144,128,272,100,120,220,39,46,85,Caloveto
191,201,392,892,806,1698,1000,907,1907,471,581,1052,264,366,630,41,105,146,San Marco Evangelista
7,7,14,28,18,46,39,21,60,28,40,68,1,7,8,3,2,5,Polino
27,37,64,130,121,251,83,70,153,45,80,125,18,49,67,4,3,7,Valtopina
31,35,66,162,182,344,367,290,657,252,293,545,61,56,117,3,7,10,Peia
159,188,347,949,787,1736,790,754,1544,383,606,989,179,251,430,17,22,39,Ceggia
9,9,18,81,59,140,63,35,98,30,69,99,1,8,9,0,0,0,Rigolato
17,23,40,75,66,141,67,53,120,52,77,129,21,23,44,1,2,3,Colle d'Anchise
51,71,122,202,192,394,201,165,366,154,172,326,41,85,126,3,12,15,Frisa
298,395,693,1368,1307,2675,1852,1605,3457,981,1457,2438,368,339,707,28,34,62,Villa Carcina
203,198,401,643,655,1298,1019,817,1836,361,435,796,199,269,468,64,136,200,Bracigliano
90,115,205,309,342,651,429,321,750,251,351,602,82,125,207,5,4,9,Vallerano
103,128,231,490,462,952,567,454,1021,285,393,678,101,140,241,9,10,19,Trevignano
95,144,239,641,573,1214,676,586,1262,311,518,829,113,180,293,7,9,16,Maserada sul Piave
113,170,283,565,475,1040,410,337,747,264,374,638,102,161,263,15,26,41,Castel Frentano
45,73,118,363,376,739,314,262,576,225,294,519,65,50,115,2,6,8,Villa di Tirano
62,75,137,232,210,442,300,268,568,191,283,474,53,67,120,8,11,19,Palestro
63,86,149,271,251,522,347,265,612,221,297,518,48,46,94,1,4,5,Malegno
14,16,30,59,72,131,65,56,121,53,74,127,4,10,14,1,2,3,Frassinello Monferrato
11,14,25,47,43,90,41,38,79,30,33,63,11,9,20,0,0,0,Treiso
8,6,14,30,31,61,43,26,69,18,40,58,4,10,14,1,1,2,Albugnano
0,7,7,21,20,41,14,12,26,6,10,16,1,3,4,0,0,0,Pulfero
14,19,33,74,75,149,90,68,158,68,84,152,11,20,31,1,0,1,Roccavignale
68,70,138,300,332,632,495,409,904,240,329,569,96,92,188,6,8,14,Besano
133,153,286,505,421,926,676,585,1261,357,465,822,160,287,447,27,50,77,Cursi
7,4,11,25,30,55,37,36,73,28,29,57,3,5,8,2,1,3,Castelnovo del Friuli
4,6,10,13,15,28,11,11,22,11,14,25,1,3,4,0,0,0,Saint-Nicolas
6,4,10,19,17,36,8,11,19,7,7,14,4,6,10,1,0,1,Saint-Denis
33,78,111,270,259,529,331,263,594,151,199,350,60,82,142,15,24,39,Mignano Monte Lungo
19,17,36,77,63,140,70,61,131,47,64,111,10,13,23,0,0,0,Revigliasco d'Asti
